Thu Oct 24 17:24:51 2024

<base> : Rectangle : 0m, 0m, 0m; 7um, 50nm, 10nm. Cells : 1400, 10, 2. Cellsize : 5nm, 5nm, 5nm
<supermesh> : Rectangle : 0m, 0m, 0m; 7um, 50nm, 10nm. Cells : 1400, 10, 2. Cellsize : 5nm, 5nm, 5nm

Saved data (dataname (unit) <meshname> (cells_rectangle)) : 

time (s)	<mxdmdt> (1/s) <base> (3.6um, 0m, 0m; 3.61um, 50nm, 5nm)			<mxdmdt> (1/s) <base> (4um, 0m, 0m; 4.01um, 50nm, 5nm)			<mxdmdt> (1/s) <base> (4.5um, 0m, 0m; 4.51um, 50nm, 5nm)			<mxdmdt> (1/s) <base> (5.5um, 0m, 0m; 5.51um, 50nm, 5nm)			<mxdmdt> (1/s) <base> (6.5um, 0m, 0m; 6.51um, 50nm, 5nm)			

0	-25627	-11765.9	520367	33626.3	356646	311795	1274.96	-48405.1	-36982.5	-47117.9	-567266	-662750	-1428.47	159966	-231538
5e-12	-1.29875e+10	-2.20373e+11	-2.50123e+10	5.45577e+09	-3.59479e+10	2.85553e+11	1.22187e+10	8.14695e+10	-2.33068e+11	-6.73776e+09	4.12015e+10	5.61165e+10	-3.65149e+09	-1.05168e+11	-1.50678e+11
1e-11	-7.12484e+09	1.27992e+11	-1.4119e+11	-8.86026e+07	-5.06809e+10	2.33519e+11	-1.0196e+09	-8.589e+10	1.34754e+11	-6.5682e+09	-6.67472e+10	-7.93822e+10	-1.0886e+09	-8.33118e+10	1.64921e+11
1.5e-11	4.99567e+09	2.40265e+11	3.94477e+11	-4.02361e+09	1.32135e+11	-4.9801e+10	-4.23328e+09	1.91633e+11	1.35976e+11	-3.89658e+09	1.39224e+11	-1.65029e+11	-8.12869e+09	-8.88052e+10	4.87734e+10
2e-11	5.24957e+09	-1.92846e+11	1.24233e+11	1.12001e+09	9.27207e+10	-3.13799e+10	-7.10688e+09	-6.68558e+10	-1.78279e+11	-6.3817e+09	-1.50055e+11	2.18555e+10	-4.07333e+09	2.25715e+11	9.58902e+10
2.5e-11	1.91136e+10	-1.84586e+11	3.37318e+10	-1.00239e+10	5.74564e+10	-2.13685e+11	-3.66048e+08	1.27171e+11	-6.67854e+10	4.83319e+09	2.46754e+11	5.85027e+10	-5.39309e+09	1.05178e+10	7.24092e+10
3e-11	-2.37402e+10	-1.72126e+11	-2.86293e+11	-567706	-6.7384e+10	-1.27641e+11	-7.53547e+09	2.43096e+11	4.06406e+10	-1.30041e+09	1.22451e+11	5.22398e+10	-7.72311e+09	7.242e+10	1.6572e+11
3.5e-11	2.26381e+10	6.18172e+10	1.47172e+11	-6.01863e+09	4.32546e+10	9.82323e+10	1.42506e+09	-1.79487e+11	-6.40263e+10	3.94081e+09	-3.94024e+10	-1.51925e+11	-1.64673e+10	2.069e+11	-4.64127e+10
4e-11	7.77715e+10	9.63037e+10	2.92414e+11	-1.57853e+10	1.06218e+11	1.26338e+11	-2.10316e+10	2.1739e+11	3.52299e+10	2.66605e+09	2.385e+11	-2.05372e+10	-2.58089e+10	-2.18759e+11	-2.08089e+10
4.5e-11	8.67339e+10	4.89446e+11	2.19183e+11	2.359e+09	-3.42731e+10	-1.15243e+11	-3.54506e+09	-8.12155e+09	-2.15233e+10	4.84809e+09	4.58253e+10	-5.0773e+10	-1.28096e+10	-1.0964e+09	-4.34962e+10
5e-11	7.61014e+10	-5.59633e+09	3.65638e+11	3.03501e+10	-1.38195e+11	1.05488e+11	-8.54687e+09	3.92727e+10	4.20908e+10	-5.91244e+09	-3.05808e+10	-2.66302e+10	5.78501e+08	-5.11992e+10	-4.88856e+10
5.5e-11	7.42352e+10	2.32409e+11	2.84039e+11	9.27106e+09	-4.11774e+10	8.23044e+10	-5.04479e+09	8.16578e+10	-3.3389e+11	1.24771e+10	-1.80204e+11	8.62054e+10	1.53029e+10	7.71108e+10	-1.55681e+11
6e-11	1.127e+11	2.87906e+11	2.99572e+11	6.7809e+10	-3.9433e+11	2.49924e+09	6.84734e+09	-2.09065e+11	2.09094e+11	-1.42266e+10	1.27621e+11	-3.506e+11	-1.39178e+10	2.89138e+10	1.00461e+11
6.5e-11	7.74706e+10	9.77871e+10	3.10221e+11	-2.30116e+10	1.10023e+11	3.94749e+10	-1.03129e+10	-2.78259e+10	-1.26584e+11	-1.42394e+10	1.71812e+11	-5.1142e+10	3.19254e+09	-1.51206e+11	2.61691e+11
7e-11	1.09147e+11	1.93481e+11	2.85427e+11	3.81746e+10	-7.71039e+10	2.47331e+11	2.02444e+10	-2.52813e+11	-4.16678e+10	-1.53767e+10	-8.57415e+10	-1.66701e+11	-4.54295e+09	2.01995e+11	-3.96746e+10
7.5e-11	7.12409e+10	3.95446e+11	-8.03025e+10	8.43047e+10	-4.22875e+11	3.14947e+11	1.03491e+09	-1.18527e+11	1.21312e+11	1.54233e+09	-2.07558e+11	8.04994e+10	-8.77544e+09	5.77975e+10	-1.64474e+11
8e-11	7.75646e+10	3.09445e+11	5.43796e+10	2.32167e+10	-8.03087e+10	2.12015e+11	1.16573e+10	-2.40574e+11	1.66494e+11	-2.68115e+10	1.58906e+10	-2.03181e+11	1.27384e+09	-3.80139e+11	-7.25806e+10
8.5e-11	4.7272e+10	8.23143e+10	1.28307e+11	4.82101e+10	-3.4603e+11	1.08617e+11	3.35233e+10	-1.3157e+11	-5.03632e+10	1.40143e+09	1.02201e+11	-5.32512e+10	2.46257e+09	-6.50761e+10	4.62183e+10
9e-11	1.65699e+11	4.49204e+11	3.77628e+10	5.06125e+10	-1.51815e+11	2.00617e+11	3.40885e+10	-3.01816e+11	-9.3913e+10	-3.31302e+10	-1.63393e+11	1.57004e+11	-1.64737e+10	-1.06908e+10	1.02469e+11
9.5e-11	1.45893e+11	3.17747e+11	2.79709e+11	3.44081e+10	-8.21841e+10	1.61221e+11	1.72381e+10	-1.4561e+11	7.92981e+10	1.97481e+09	-1.34998e+11	-2.04401e+11	-4.43135e+09	-5.46545e+10	5.69747e+10
1e-10	2.32728e+11	5.28199e+11	-1.20027e+11	9.81846e+10	-1.65156e+11	3.25282e+11	-2.55305e+10	1.39568e+11	2.99781e+10	-1.84703e+10	-3.01644e+11	-2.62713e+10	-1.00831e+10	-1.5186e+11	1.27919e+11
1.05e-10	3.86389e+11	7.48141e+11	1.72808e+11	1.44039e+11	-3.14339e+11	3.82742e+11	3.25608e+10	-2.15485e+11	-1.66621e+11	-2.02228e+10	1.02133e+11	-1.03201e+11	-5.00707e+09	-1.90044e+11	-4.45096e+10
1.1e-10	1.70544e+11	3.02754e+11	-6.51573e+10	8.63609e+10	-1.85884e+11	2.22546e+11	1.40523e+10	-2.45054e+11	-1.21953e+11	-8.2456e+09	1.08378e+11	-7.85296e+10	-1.52094e+10	-6.90829e+10	2.05394e+11
1.15e-10	3.68604e+11	5.83226e+11	-5.75136e+10	1.74264e+11	-1.67759e+11	5.46171e+11	2.38593e+10	-2.98582e+11	-1.66142e+11	1.19952e+10	-4.87196e+10	-3.53414e+10	-7.40962e+09	2.77643e+10	-6.04792e+10
1.2e-10	3.76217e+11	5.64579e+11	-1.39932e+11	1.5783e+11	-3.21361e+11	4.12183e+11	3.42197e+10	-1.90545e+10	2.72479e+11	-1.22706e+10	1.40324e+11	1.18899e+11	-7.54996e+09	1.53927e+11	-1.10203e+11
1.25e-10	3.30227e+11	4.30461e+11	-3.52933e+11	4.95821e+08	6.5368e+10	3.02137e+10	1.09834e+11	-1.5299e+11	4.15943e+11	-2.1177e+09	2.34028e+10	-2.57856e+10	-1.33657e+10	5.95645e+10	-2.32936e+11
1.3e-10	4.33909e+11	5.12221e+11	-3.76058e+11	1.21426e+11	-4.27011e+10	3.09156e+11	5.8785e+10	-1.60699e+11	2.37137e+11	1.30078e+10	-2.63332e+11	-1.85537e+11	2.36253e+10	5.45181e+11	-2.06025e+11
1.35e-10	3.96586e+11	3.86144e+11	-4.02618e+11	1.07203e+11	4.60581e+10	3.36883e+11	3.98914e+10	-4.25597e+11	4.28032e+10	-4.64038e+09	2.48085e+11	-1.10265e+11	-2.82494e+10	-2.07746e+11	2.32586e+11
1.4e-10	3.94398e+11	5.34889e+11	-2.00743e+11	1.29893e+11	5.76884e+10	3.69967e+11	2.67093e+10	-1.59107e+11	9.07724e+10	-1.04849e+10	-2.72727e+10	1.049e+11	-2.1497e+10	2.49402e+11	-2.35301e+11
1.45e-10	4.33259e+11	4.6859e+11	-4.56743e+11	2.29771e+11	2.04386e+11	4.3919e+11	6.54437e+10	9.97961e+10	4.14757e+11	1.0306e+10	-2.08468e+11	9.18302e+10	6.99217e+09	-7.15684e+10	-1.10319e+11
1.5e-10	3.42676e+11	1.9665e+11	-4.27551e+11	1.92629e+11	5.3445e+10	4.89701e+11	1.27325e+11	-2.23751e+11	4.14031e+11	8.2066e+09	-1.79979e+11	-1.5458e+11	-1.55946e+10	1.17336e+11	-5.86775e+10
1.55e-10	4.47375e+11	3.11291e+11	-6.00213e+11	1.68305e+11	1.9525e+11	3.40545e+11	8.54804e+10	9.83939e+10	3.77152e+11	1.95746e+10	1.43808e+11	-2.12599e+11	-5.94055e+08	2.04963e+11	1.40562e+11
1.6e-10	1.5976e+11	4.16919e+10	-2.38536e+11	2.23391e+11	2.06989e+11	4.02714e+11	1.01494e+11	-1.29958e+11	3.43952e+11	-5.21742e+09	-2.78356e+11	-8.77594e+10	1.93142e+09	-4.47065e+10	-7.71642e+10
1.65e-10	3.38887e+11	2.48032e+11	-4.69927e+11	2.36811e+11	4.99286e+11	3.74552e+11	1.63616e+10	2.68783e+11	1.26776e+11	1.47487e+08	-1.18287e+11	2.66513e+09	2.99507e+10	-7.07261e+10	-2.51499e+11
1.7e-10	3.75008e+11	1.18305e+11	-5.06209e+11	1.49016e+11	3.0887e+11	1.6994e+11	2.91615e+10	2.30071e+11	1.26742e+11	-8.89923e+09	-6.38869e+10	1.8444e+11	3.29071e+09	-1.83812e+11	1.11359e+10
1.75e-10	3.50724e+11	-5.8765e+10	-4.59541e+11	1.04624e+11	1.24648e+11	2.56469e+11	8.61436e+10	6.40802e+10	3.29188e+11	-8.75826e+09	1.7278e+11	-2.66929e+11	-4.44964e+09	-6.6443e+10	1.19002e+11
1.8e-10	4.12346e+11	3.46713e+11	-5.70867e+11	2.74825e+11	4.78472e+11	3.90529e+11	6.41784e+10	1.78385e+11	2.0263e+11	1.9549e+10	-2.48355e+11	-1.23077e+11	-1.06387e+10	-1.09557e+11	-1.10519e+11
1.85e-10	3.70066e+11	-1.71446e+11	-5.86712e+11	2.32309e+11	4.44012e+11	1.85012e+11	1.5069e+10	-1.24618e+11	1.20747e+11	1.32358e+10	-2.05951e+11	5.46866e+10	2.12384e+09	-1.50761e+11	-2.20485e+11
1.9e-10	5.08458e+11	-2.17031e+11	-6.62055e+11	1.44324e+11	3.60111e+11	9.62392e+10	4.83448e+10	-2.16899e+10	2.10794e+11	-1.68482e+09	-7.87606e+10	2.11147e+11	-3.31935e+09	-3.53909e+10	1.1863e+11
1.95e-10	3.67858e+11	-3.99465e+11	-4.38399e+11	1.97252e+11	4.56513e+11	6.82995e+10	1.19646e+11	3.87321e+11	3.40629e+11	-1.62863e+10	1.18539e+11	1.2771e+10	3.92443e+09	-1.22109e+11	-9.6542e+10
2e-10	5.19201e+11	-3.76659e+11	-5.79276e+11	2.8917e+11	7.12132e+11	1.41067e+11	2.89113e+10	4.23319e+10	8.07599e+10	1.54238e+09	-5.91927e+10	-3.14252e+10	-3.13335e+10	2.69643e+11	4.43012e+11
2.05e-10	5.87592e+11	-4.43114e+11	-6.21751e+11	2.26674e+11	5.88318e+11	-1.10768e+11	1.35912e+10	-7.13261e+10	1.57826e+11	-2.14717e+09	-8.68815e+09	-2.17158e+11	-8.20459e+09	8.37952e+10	-9.98476e+10
2.1e-10	3.82157e+11	-3.75641e+11	-4.3464e+11	2.49176e+11	5.47174e+11	-1.27917e+11	7.46191e+10	2.98936e+11	1.60484e+11	8.79226e+09	-2.23458e+11	-2.65963e+11	7.24109e+08	2.14314e+11	-2.45338e+11
2.15e-10	3.61358e+11	-3.42641e+11	-3.97327e+11	1.30593e+11	2.63886e+11	-1.61585e+11	1.22941e+11	4.1052e+11	2.30335e+11	1.10166e+09	-2.22877e+11	-1.00517e+11	-1.05009e+10	9.82221e+09	2.31632e+10
2.2e-10	4.53828e+11	-6.97698e+11	-2.60571e+11	2.10508e+11	5.95105e+11	9.54796e+10	1.70591e+10	1.14074e+11	-3.79718e+09	-9.57859e+09	-8.16337e+10	-1.29306e+11	-2.26263e+09	3.82831e+10	1.58479e+11
2.25e-10	4.58498e+11	-5.17031e+11	-4.31761e+11	2.64363e+11	5.09826e+11	-4.50818e+11	1.2815e+11	4.83e+11	7.67939e+10	1.31057e+10	-3.78822e+10	3.61999e+11	1.26672e+09	1.41627e+11	4.9671e+08
2.3e-10	5.32349e+11	-7.79585e+11	-2.94211e+11	2.12312e+11	3.48558e+11	-3.86471e+11	3.82969e+10	3.2996e+11	-1.58638e+11	1.8313e+10	-6.38672e+10	1.45629e+11	-1.00654e+10	-1.50417e+11	-1.72093e+11
2.35e-10	2.77567e+11	-3.51733e+11	-2.51973e+11	1.30619e+11	4.40496e+11	-1.27909e+11	1.13406e+11	5.63394e+11	4.5954e+10	2.92313e+10	-3.12179e+11	1.09632e+11	1.53919e+10	8.41982e+09	-2.74912e+11
2.4e-10	4.67538e+11	-6.17192e+11	-2.59201e+11	2.42026e+11	3.55422e+11	-4.47345e+11	2.3253e+11	8.41082e+11	2.25241e+11	9.95656e+09	6.81618e+10	1.06814e+11	5.61996e+09	1.12737e+10	-2.00376e+11
2.45e-10	3.60094e+11	-4.48626e+11	-3.05047e+11	2.04178e+11	4.57904e+11	-3.33093e+11	7.58758e+10	4.38866e+11	-6.4507e+10	8.06444e+09	-3.73824e+11	1.0829e+11	-1.03115e+10	-7.60115e+10	1.2883e+11
2.5e-10	5.41435e+11	-7.71368e+11	-3.44847e+10	4.33002e+10	-9.84638e+09	-1.16823e+11	1.31622e+11	5.41327e+11	3.22341e+10	-1.54214e+10	-5.95278e+10	-8.89815e+10	-3.28479e+09	1.32841e+11	1.05698e+11
2.55e-10	3.364e+11	-5.19232e+11	-2.81518e+11	2.48703e+11	1.46364e+11	-5.56104e+11	9.60997e+10	4.56968e+11	7.52463e+10	-1.02651e+10	-1.27827e+11	4.51675e+10	-6.2777e+09	-1.12213e+11	6.6442e+10
2.6e-10	5.66177e+11	-7.2636e+11	1.75603e+11	1.7648e+11	2.70725e+11	-3.34533e+11	5.63543e+10	1.75781e+11	-3.42765e+10	5.52825e+08	1.18124e+11	9.63685e+10	4.85187e+08	-2.54757e+11	-1.11688e+11
2.65e-10	3.84005e+11	-5.89009e+11	-7.94587e+10	2.53931e+11	3.18088e+10	-5.92529e+11	3.97368e+10	3.03944e+11	6.97313e+10	1.36014e+10	-1.68027e+10	2.16129e+11	-3.94144e+09	5.41486e+10	-3.51433e+11
2.7e-10	2.92502e+11	-3.95367e+11	9.59051e+10	2.9131e+11	-7.04852e+10	-6.47057e+11	1.12272e+11	4.08937e+11	-8.66481e+10	-7.75739e+09	3.37904e+10	4.01375e+09	1.80183e+09	-1.39134e+11	8.73484e+10
2.75e-10	3.60777e+11	-5.34698e+11	3.09303e+11	2.47854e+11	5.00644e+10	-5.43001e+11	7.23494e+10	3.4889e+11	-4.35577e+10	1.19872e+10	-5.22227e+10	9.14539e+10	1.86689e+10	-1.03547e+11	1.63873e+11
2.8e-10	2.33052e+11	-3.21751e+11	2.67801e+11	2.52868e+11	-1.96464e+11	-5.69254e+11	2.42893e+10	-5.63797e+10	-1.90699e+11	1.22544e+10	-9.19957e+10	2.80019e+11	4.70434e+09	-5.79181e+10	-1.22291e+11
2.85e-10	3.95499e+11	-4.11643e+11	4.99596e+11	1.48478e+11	-7.31958e+10	-4.00564e+11	6.25384e+10	1.88475e+11	-2.30594e+11	-1.82513e+09	3.43935e+11	-4.03591e+10	-8.4947e+09	1.0236e+11	1.11774e+11
2.9e-10	3.76414e+11	-2.00274e+11	5.66484e+11	1.65237e+11	1.36847e+10	-4.7305e+11	9.55852e+10	2.81192e+11	-4.06963e+11	1.45049e+10	2.52558e+10	1.12063e+11	-5.59326e+09	9.64184e+09	1.72682e+10
2.95e-10	3.67896e+11	-2.6116e+10	6.64601e+11	1.11001e+11	-9.63212e+10	-3.03229e+11	9.58131e+10	4.39924e+10	-4.73956e+11	4.07114e+10	2.58495e+11	2.63089e+11	-1.03462e+10	-3.35826e+09	-2.34994e+10
3e-10	2.78468e+11	-3.17263e+11	4.31927e+11	1.79593e+11	-3.54098e+11	-3.10704e+11	-5.9599e+09	-1.32164e+11	-8.48852e+10	3.0133e+09	-5.99095e+09	3.63025e+11	-1.09463e+10	7.2175e+10	1.4993e+11
3.05e-10	3.14262e+11	-2.13948e+11	5.61129e+11	1.51947e+11	-1.99106e+11	-3.83512e+11	7.99719e+10	-3.76665e+10	-3.76029e+11	-2.42978e+10	2.10811e+10	-2.66345e+11	1.91876e+10	-2.55281e+11	-2.92406e+10
3.1e-10	2.80752e+11	4.30232e+10	4.77495e+11	1.40965e+11	-3.25845e+11	-2.86573e+11	1.11783e+11	4.91847e+10	-4.44933e+11	-1.90552e+09	-2.29049e+10	8.6082e+10	-1.70549e+10	-1.25773e+11	-1.66692e+11
3.15e-10	3.85873e+11	3.65337e+11	7.44326e+11	1.16147e+11	-3.48124e+11	-7.19717e+10	3.87517e+10	-1.81075e+11	-1.43515e+11	-7.91476e+09	-2.48636e+10	-8.13396e+10	-1.35032e+10	8.52527e+10	5.43537e+10
3.2e-10	3.5764e+11	9.78574e+10	5.58828e+11	1.17599e+11	-3.73397e+11	-4.18935e+10	6.547e+10	-7.65874e+10	-2.63206e+11	1.63374e+10	2.01588e+11	-9.87945e+10	-5.11997e+09	-4.16536e+10	1.34348e+11
3.25e-10	5.5257e+11	8.35325e+08	8.56409e+11	1.22751e+11	-3.20623e+11	-9.02712e+10	5.86848e+09	-1.12634e+11	3.0469e+08	2.00391e+10	2.49788e+10	2.95906e+11	1.27382e+09	-5.94674e+10	2.50525e+11
3.3e-10	4.49201e+11	-5.93389e+10	6.74342e+11	1.50325e+11	-4.09091e+11	2.92975e+11	1.05764e+11	-2.22469e+11	-4.8881e+11	2.41152e+09	1.03062e+10	-2.9169e+11	-2.30008e+10	-4.18889e+10	-3.52244e+11
3.35e-10	4.91964e+11	1.03039e+11	6.14003e+11	6.36352e+10	-2.23321e+11	1.54546e+11	4.79587e+10	-2.05919e+11	-1.10973e+11	1.63888e+10	2.48776e+11	-1.88823e+11	-1.21547e+09	-2.66416e+11	-5.1971e+10
3.4e-10	3.53681e+11	1.7839e+11	3.99474e+11	7.50086e+10	-2.46527e+11	-2.34682e+11	5.39366e+10	-3.10209e+11	-1.24208e+11	6.80568e+09	1.54031e+11	-5.96044e+10	-3.16637e+10	-1.41401e+11	-3.14902e+11
3.45e-10	5.77328e+11	2.97304e+11	6.54469e+11	1.34847e+11	-3.0275e+11	2.87396e+11	4.25378e+10	-1.37001e+11	-1.56249e+11	9.64579e+09	3.06353e+11	-1.38064e+11	-2.62904e+09	1.9219e+11	-1.08701e+11
3.5e-10	4.19e+11	3.99941e+11	5.17684e+11	2.13811e+11	-5.25791e+11	-2.28191e+11	8.03028e+10	-3.03877e+11	-2.78052e+11	-4.91641e+09	2.24852e+11	-2.03982e+11	-1.94842e+10	-1.95633e+11	5.1781e+10
3.55e-10	4.80925e+11	5.23705e+11	4.87114e+11	2.38464e+11	-4.47398e+11	4.85111e+11	1.87679e+10	-1.80366e+11	8.73826e+10	5.81525e+09	1.3791e+11	2.2194e+11	4.0984e+09	2.39033e+11	1.03155e+11
3.6e-10	2.27189e+11	3.22514e+11	2.00177e+11	3.26654e+11	-7.00016e+11	1.5664e+11	1.05351e+11	-3.51148e+11	-5.8497e+10	1.25788e+10	7.6728e+09	-2.05819e+11	-2.48025e+09	4.4504e+11	-1.57432e+11
3.65e-10	4.26652e+11	5.21558e+11	5.25921e+11	2.83095e+11	-6.18335e+11	3.69426e+10	1.38608e+11	-4.71583e+11	-1.30339e+11	1.28306e+10	8.63559e+10	-1.82878e+11	1.42936e+10	3.43258e+11	1.27581e+11
3.7e-10	2.6244e+11	4.28756e+11	2.03681e+11	1.77832e+11	-4.21063e+11	1.6534e+11	1.07254e+11	-3.34473e+11	-2.96012e+11	-1.66215e+10	-6.39517e+10	1.10492e+11	1.58268e+10	-2.14439e+10	2.84514e+11
3.75e-10	4.62545e+11	4.75016e+11	4.06844e+11	1.93165e+11	-5.4357e+11	2.19141e+11	6.55773e+10	-2.58823e+11	-3.12078e+10	9.37178e+09	1.29118e+11	-5.9439e+10	-5.29689e+09	1.40239e+11	1.17408e+11
3.8e-10	5.04278e+11	6.1736e+11	3.233e+11	7.48763e+10	-1.69455e+11	1.67679e+11	9.36496e+10	-2.27746e+11	-1.69042e+11	-8.5046e+08	8.34822e+10	-7.80569e+10	1.62126e+10	1.47769e+11	4.81222e+10
3.85e-10	4.40846e+11	6.13473e+11	1.91038e+11	1.62259e+11	-1.9728e+11	3.69177e+11	1.41151e+10	-9.18267e+10	6.69582e+10	-1.21073e+10	-1.03834e+11	-4.49451e+10	-6.93224e+08	6.84311e+10	6.14453e+10
3.9e-10	3.47628e+11	5.12917e+11	2.52166e+11	3.76312e+10	-1.20459e+11	3.39011e+10	7.11418e+10	-3.62704e+11	5.43145e+10	2.78995e+10	3.77904e+11	-9.27601e+10	1.20887e+10	2.37295e+11	-5.55321e+10
3.95e-10	4.62634e+11	6.42778e+11	1.43202e+11	1.49386e+11	-2.01243e+11	3.36e+11	3.53994e+10	-2.73663e+11	-6.96203e+10	1.42788e+10	1.36897e+11	-2.88101e+11	-2.44781e+10	-2.24055e+11	2.83809e+11
4e-10	3.51026e+11	4.7949e+11	2.43577e+11	1.52932e+11	-8.78448e+10	3.95684e+11	1.07517e+11	-4.17952e+11	-1.37961e+11	-1.68898e+10	-1.58696e+10	1.39351e+11	-2.71107e+09	5.65439e+10	-4.32041e+11
4.05e-10	5.07302e+11	7.21657e+11	-1.26272e+10	2.67767e+11	-1.3088e+11	6.34571e+11	6.0761e+10	-2.04583e+11	1.23117e+11	2.72632e+09	-4.68766e+10	-1.70736e+11	-2.56317e+09	4.02845e+10	-1.19554e+10
4.1e-10	3.58882e+11	4.89615e+11	-2.54397e+10	2.29681e+11	-3.35638e+11	4.2273e+11	6.27581e+10	-3.5747e+11	2.24192e+11	-1.57038e+10	-1.76986e+10	-4.36797e+10	2.23179e+09	2.02967e+11	-5.90608e+10
4.15e-10	5.09023e+11	5.95414e+11	-2.24361e+11	2.03199e+11	-2.42637e+11	3.88525e+11	5.09116e+10	-2.22147e+11	5.1185e+10	2.34709e+10	6.3981e+10	-4.16014e+11	-4.09865e+09	9.59859e+10	1.07945e+11
4.2e-10	6.06831e+11	7.31512e+11	-4.61027e+10	1.88671e+11	1.18595e+10	4.58684e+11	8.54266e+10	-2.25672e+11	2.89967e+11	4.06962e+09	-1.38928e+11	-2.13851e+10	9.3083e+09	2.78207e+11	-1.31351e+11
4.25e-10	5.42085e+11	6.9555e+11	-2.6735e+10	2.98113e+11	1.09129e+11	6.17948e+11	4.82387e+10	-2.3416e+11	1.29052e+11	-2.86611e+09	1.79924e+11	-7.42667e+10	-3.258e+09	-1.00839e+11	9.13648e+10
4.3e-10	3.60157e+11	4.0303e+11	-1.59735e+11	2.42999e+11	3.6135e+10	4.66435e+11	8.46247e+10	-3.66916e+11	1.04377e+11	6.02189e+09	2.06373e+11	-1.37002e+11	-1.00382e+10	4.42014e+10	7.66383e+10
4.35e-10	4.89061e+11	4.25384e+11	-5.7499e+11	1.96439e+11	2.85294e+10	4.20636e+11	1.50114e+11	-2.50719e+11	5.51172e+11	2.63241e+10	-2.05e+11	-9.69113e+10	-5.70166e+09	1.23369e+11	-2.04504e+11
4.4e-10	6.04899e+11	6.42659e+11	-3.43679e+11	3.00393e+11	3.50434e+11	5.54007e+11	1.36169e+11	-1.16665e+11	4.87806e+11	4.12273e+10	-3.09237e+11	-2.07336e+11	2.80358e+09	4.06545e+10	-1.80694e+10
4.45e-10	3.02998e+11	3.33869e+11	-2.29717e+11	3.55958e+11	2.70653e+11	7.05025e+11	4.067e+10	-2.21896e+11	-3.5763e+08	1.14906e+10	1.10107e+10	-2.72974e+11	-6.4043e+09	-1.85471e+09	2.49258e+11
4.5e-10	4.92607e+11	3.2018e+11	-6.72525e+11	8.5436e+10	-3.49681e+10	2.24768e+11	1.22289e+11	-4.28445e+11	2.98146e+11	1.51238e+10	7.39111e+10	-3.27256e+11	-4.16064e+09	-3.2851e+10	1.0896e+11
4.55e-10	3.66435e+11	2.79841e+11	-3.59192e+11	2.37498e+11	2.46835e+11	4.6245e+11	-1.39038e+10	-1.50122e+11	-9.82382e+10	-4.47443e+09	9.3294e+10	-2.96077e+11	-3.60493e+09	4.84663e+10	-1.10013e+11
4.6e-10	3.8057e+11	2.29995e+11	-4.10123e+11	1.35257e+11	1.11915e+11	2.79799e+11	1.02576e+11	-1.19223e+10	4.17579e+11	-8.56194e+09	-1.69846e+11	9.83797e+10	-1.2737e+09	1.64375e+11	2.60321e+11
4.65e-10	5.93083e+11	1.3108e+11	-7.06049e+11	2.14414e+11	3.33208e+11	3.59467e+11	8.36457e+10	1.03058e+11	3.31384e+11	1.67568e+10	-1.18817e+11	-1.2656e+11	2.54136e+09	9.74806e+10	8.20448e+10
4.7e-10	4.68951e+11	3.31587e+11	-5.43985e+11	2.10785e+11	2.47259e+11	3.24594e+11	7.0143e+10	1.87263e+11	3.36339e+11	1.48773e+10	-1.64801e+11	-6.53382e+10	1.42246e+10	-8.48999e+10	-2.26983e+11
4.75e-10	2.65994e+11	-1.70259e+10	-4.22873e+11	2.40959e+11	4.38929e+11	1.46794e+11	-4.91612e+09	4.59987e+10	8.39099e+09	2.63607e+10	-2.361e+11	-5.13268e+10	-1.00979e+10	-6.38458e+09	6.66024e+10
4.8e-10	4.30806e+11	1.12706e+11	-5.98112e+11	2.30704e+11	4.29765e+11	2.70549e+11	7.70859e+10	-2.34335e+10	4.04959e+11	2.16364e+10	-1.79855e+11	-1.41028e+11	1.48649e+10	1.32845e+11	-1.33786e+11
4.85e-10	3.20853e+11	-1.50767e+11	-4.91262e+11	2.13051e+11	4.1721e+11	2.55914e+11	8.4425e+10	5.30115e+10	2.88501e+11	-8.13234e+09	-9.40361e+10	-2.34446e+11	-1.23867e+10	-6.50945e+10	-7.7716e+09
4.9e-10	2.79544e+11	-1.9313e+11	-3.7495e+11	1.78364e+11	4.56675e+11	5.647e+10	1.39752e+11	1.7752e+11	3.99013e+11	-5.93103e+09	-8.56856e+10	-2.09743e+11	-5.62457e+09	-9.4542e+10	2.10773e+10
4.95e-10	3.02586e+11	-5.66432e+09	-4.38067e+11	1.18881e+11	2.98268e+11	2.20464e+11	1.47999e+11	2.66269e+11	4.50532e+11	-2.17955e+10	1.13597e+11	-2.26105e+11	-2.40487e+10	-1.03915e+11	4.93806e+10
5e-10	5.03797e+11	-1.69972e+11	-6.96526e+11	2.07324e+11	4.7188e+11	-1.85452e+11	1.15869e+11	1.64294e+11	3.56317e+11	1.75979e+10	-2.4406e+11	-2.87247e+10	1.72668e+10	-5.06935e+10	-1.43063e+11
5.05e-10	5.26515e+11	-4.16151e+11	-5.28334e+11	2.35231e+11	5.75903e+11	-1.81514e+11	4.60702e+10	2.40091e+11	5.65228e+10	2.02136e+10	-1.43069e+11	8.78139e+10	1.51415e+10	-8.08412e+10	-2.39466e+11
5.1e-10	4.77902e+11	-1.52325e+11	-6.73881e+11	1.6461e+11	4.11703e+11	1.10418e+11	6.75347e+10	1.08552e+11	2.84605e+11	-5.54547e+09	-2.31687e+10	1.60079e+11	-1.26818e+10	-9.85941e+09	1.22637e+11
5.15e-10	5.71685e+11	-5.96424e+11	-4.16379e+11	2.69115e+11	6.16053e+11	-2.34059e+11	1.11842e+11	4.21736e+11	2.2291e+11	1.48842e+10	-9.85627e+10	3.68258e+10	-2.81579e+10	4.66869e+10	1.84892e+11
5.2e-10	5.70414e+11	-6.53619e+11	-2.83658e+11	1.79904e+11	4.42608e+11	-2.26398e+11	1.02738e+10	-6.06912e+10	1.53345e+11	-2.47822e+10	-1.39078e+11	-1.92451e+11	-7.95142e+09	-1.57821e+11	-1.74988e+11
5.25e-10	8.39645e+11	-9.25252e+11	-3.71879e+11	2.52581e+11	4.04323e+11	-4.2719e+11	7.47674e+10	1.95457e+11	3.12146e+11	3.88327e+10	-3.78538e+11	2.40339e+11	-1.57147e+10	-3.23512e+11	1.02586e+11
5.3e-10	6.38017e+11	-6.58294e+11	-2.47357e+11	3.37741e+11	3.49071e+11	-5.23037e+11	5.04363e+10	2.31164e+11	3.12442e+10	-3.87872e+09	-7.88316e+10	-2.84332e+10	5.49412e+09	-1.75911e+11	-2.08557e+10
5.35e-10	5.20727e+11	-6.27227e+11	-1.76919e+11	2.26307e+11	2.92761e+11	-3.33302e+11	1.39387e+11	6.15465e+11	2.26349e+11	1.95747e+10	1.29608e+11	2.93176e+11	7.25338e+09	-3.74487e+10	-5.01787e+10
5.4e-10	3.92145e+11	-3.58284e+11	-2.51028e+11	2.24377e+11	1.7781e+11	-4.64672e+11	1.42387e+11	4.80072e+11	2.1802e+11	3.38796e+09	-2.2639e+10	1.28884e+11	-1.3178e+10	-5.0018e+10	4.96693e+10
5.45e-10	4.86298e+11	-5.53771e+11	-2.17517e+11	2.04939e+11	2.87812e+11	-3.41586e+11	8.64568e+10	2.97008e+11	2.43027e+11	1.89883e+10	1.68579e+10	1.87288e+11	1.9694e+10	-8.35881e+10	-4.00729e+11
5.5e-10	4.82007e+11	-5.27405e+11	-1.37391e+11	1.13158e+11	4.32825e+11	-9.41195e+10	6.61711e+10	1.9434e+11	-1.8786e+11	7.64237e+09	-7.16715e+10	8.06373e+10	9.40123e+09	-1.42135e+11	-2.50733e+11
5.55e-10	5.3008e+11	-6.84827e+11	1.47276e+11	2.1139e+11	1.9934e+11	-4.665e+11	6.96586e+10	2.30872e+11	-1.66119e+11	-2.53554e+09	-5.96782e+10	1.56348e+11	6.20261e+09	-1.60189e+11	-7.03391e+10
5.6e-10	5.50546e+11	-6.99087e+11	-4.24265e+09	1.54063e+11	-3.93758e+09	-4.39382e+11	3.43908e+10	1.33256e+11	-6.55015e+10	-2.64167e+09	-3.57351e+10	-5.61639e+09	-1.24678e+10	3.17084e+10	-1.76307e+11
5.65e-10	4.33549e+11	-5.73471e+11	-7.09635e+09	2.07741e+11	-1.74786e+11	-5.8058e+11	2.22708e+10	7.9817e+10	2.09698e+10	1.3318e+10	-1.24554e+11	3.28773e+11	-1.64905e+10	1.24467e+11	1.14535e+11
5.7e-10	4.01891e+11	-5.45739e+11	1.72988e+11	2.11717e+11	-1.07494e+11	-4.47766e+11	3.22124e+10	4.02253e+08	-2.99703e+11	3.24398e+10	-4.45075e+10	2.12328e+11	1.16848e+10	1.57689e+10	-2.55068e+11
5.75e-10	5.48236e+11	-6.67341e+11	1.73139e+11	2.34373e+11	-4.13132e+08	-4.20368e+11	4.73908e+10	1.29466e+11	-1.41812e+11	1.9124e+10	3.33206e+10	2.82059e+11	-9.48768e+09	-6.93469e+10	4.23167e+10
5.8e-10	2.26644e+11	-3.10657e+11	1.70383e+11	3.12337e+11	-2.94477e+10	-5.98719e+11	2.91773e+10	7.47246e+10	-1.33052e+11	1.39443e+10	9.8802e+10	2.81636e+11	7.41025e+09	-2.90155e+11	1.03463e+11
5.85e-10	3.91789e+11	-5.45638e+11	2.04134e+11	2.2227e+11	-1.03325e+11	-4.94633e+11	1.20479e+11	3.11865e+11	-2.73465e+11	3.14055e+09	1.50039e+11	2.00722e+11	-1.95319e+10	9.90693e+09	-1.85056e+11
5.9e-10	4.02566e+11	-3.35337e+11	3.91726e+11	1.16324e+11	-1.47479e+10	-3.21198e+11	8.69015e+10	2.5779e+11	-1.51102e+11	4.65655e+10	1.0998e+11	2.8688e+11	-1.32707e+09	-7.98786e+10	4.97056e+10
5.95e-10	4.15558e+11	-3.26184e+11	3.89797e+11	1.27565e+11	-3.48594e+10	-3.05823e+11	1.37627e+11	8.64849e+10	-4.96098e+11	-1.35867e+10	-2.33882e+11	1.3537e+11	4.40828e+09	1.4789e+11	2.4268e+11
6e-10	5.94332e+11	-6.40814e+11	4.35471e+11	1.72305e+11	-3.29561e+11	-3.3443e+11	6.16602e+10	1.65119e+11	-2.27145e+11	-1.6248e+10	-9.11768e+10	2.0279e+11	-3.56181e+09	-1.18935e+11	7.36576e+10
6.05e-10	5.1769e+11	-4.79429e+11	4.53866e+11	2.35334e+11	-1.03992e+11	-4.86176e+11	4.62207e+10	6.2588e+10	-1.70986e+11	5.24951e+08	6.94654e+10	1.11409e+11	-1.84035e+09	1.2687e+11	9.53855e+10
6.1e-10	2.44624e+11	-1.37777e+11	2.72725e+11	1.45339e+11	-1.67308e+10	-4.01966e+11	4.04373e+10	-1.22368e+10	-2.01482e+11	2.89262e+10	1.44445e+11	1.31659e+11	1.2526e+10	-8.62927e+10	2.36714e+11
6.15e-10	6.06755e+11	-2.78263e+11	7.01053e+11	3.01025e+11	-2.68545e+11	-6.06504e+11	9.12205e+10	2.76286e+11	-2.77859e+11	1.54532e+08	-1.09711e+10	1.22058e+11	-1.46223e+10	1.14914e+11	4.35128e+10
6.2e-10	2.77567e+11	-2.29622e+11	3.12662e+11	3.32561e+11	-5.27251e+11	-4.26539e+11	7.67596e+10	-1.74843e+11	-2.96484e+11	4.32638e+10	2.28703e+11	2.0726e+11	1.45277e+08	-3.20361e+11	-1.17828e+10
6.25e-10	4.42122e+11	-2.69339e+11	5.67848e+11	1.93283e+11	-4.5634e+11	-7.49436e+09	5.15462e+10	-1.94053e+10	-2.4192e+11	-5.89812e+09	1.06435e+10	1.99541e+10	1.91681e+09	-8.12577e+10	4.06286e+11
6.3e-10	3.35182e+11	-5.24662e+10	4.81661e+11	1.74471e+11	-2.12336e+11	-4.22844e+11	3.82794e+10	-6.43377e+10	-2.02257e+11	8.29323e+09	3.32998e+10	2.71669e+11	-2.05818e+10	8.00506e+10	-1.13147e+11
6.35e-10	3.70806e+11	2.23434e+10	4.8199e+11	2.02869e+11	-3.19234e+11	-2.74037e+11	8.51361e+10	-8.19469e+10	-3.40303e+11	-8.89677e+09	7.05416e+09	-5.40101e+10	3.7847e+10	-4.7121e+11	-9.18581e+09
6.4e-10	3.00137e+11	4.44556e+10	3.52725e+11	1.85331e+11	-4.14513e+11	-1.05994e+11	1.31151e+11	-2.60918e+11	-4.48672e+11	3.84424e+10	3.24069e+11	-3.17782e+11	2.23549e+09	-4.55609e+10	1.11876e+11
6.45e-10	4.63781e+11	2.58862e+11	5.27802e+11	1.07294e+11	-2.32172e+11	-1.52203e+11	1.29322e+11	-2.23419e+11	-4.00861e+11	1.11252e+10	9.36131e+10	8.92655e+09	-1.10699e+10	-1.38643e+11	-6.99382e+09
6.5e-10	5.40743e+11	-6.80763e+09	7.04962e+11	2.38673e+11	-4.21012e+11	-3.80382e+11	1.99368e+10	-1.65139e+11	-3.46913e+10	1.66008e+10	2.544e+11	-4.65599e+10	6.9721e+08	-3.54716e+10	2.83969e+11
6.55e-10	6.32216e+11	1.22517e+11	7.14404e+11	3.19141e+11	-7.0509e+11	-2.29957e+11	1.24537e+11	-4.7467e+11	-1.81249e+11	7.68891e+09	1.69805e+11	-7.85582e+10	9.29053e+09	-5.33792e+10	3.56006e+11
6.6e-10	2.42285e+11	2.13483e+11	2.55992e+11	1.33432e+11	-3.10408e+11	1.64156e+11	6.32133e+10	-2.24901e+11	-1.14548e+11	-3.62396e+08	4.4557e+10	3.17907e+10	-1.40261e+09	-1.63661e+11	8.05601e+08
6.65e-10	4.51956e+11	3.85505e+11	4.72468e+11	2.45192e+11	-5.40905e+11	1.84593e+11	4.46509e+10	-1.40553e+11	-9.12347e+10	-2.72523e+10	-1.33987e+11	5.3767e+10	3.54965e+09	6.49837e+10	-5.38037e+10
6.7e-10	3.78198e+11	1.95119e+11	4.17967e+11	3.13531e+11	-7.21371e+11	2.56966e+11	1.07474e+11	-3.62947e+11	-3.02172e+11	-1.82074e+10	-6.8627e+09	8.94668e+10	5.65881e+09	1.74536e+11	1.03221e+11
6.75e-10	4.67028e+11	5.26771e+11	3.11016e+11	2.27424e+11	-4.86418e+11	1.82105e+11	1.15909e+11	-3.18466e+11	-2.07827e+11	5.21571e+10	3.91163e+11	-3.10038e+11	4.43991e+09	1.45186e+11	1.18024e+11
6.8e-10	4.32777e+11	5.60974e+11	2.32451e+11	2.53354e+11	-5.16067e+11	8.7647e+10	8.72204e+10	-3.03403e+11	-2.07155e+11	5.69801e+09	4.49806e+10	-4.92683e+10	-3.77214e+09	1.64146e+10	8.24991e+10
6.85e-10	2.50526e+11	4.06231e+11	8.41957e+10	1.83396e+11	-3.66223e+11	1.33151e+11	9.93027e+10	-3.96247e+11	-3.31444e+11	3.06304e+09	8.96872e+10	-8.52178e+10	-1.46725e+10	2.09887e+11	-7.88203e+10
6.9e-10	3.30317e+11	3.43156e+11	4.00678e+11	2.18346e+11	-3.24303e+11	2.63437e+11	1.36744e+11	-5.48631e+11	-3.15434e+11	7.74499e+09	1.42752e+11	-1.09245e+11	-6.79932e+09	9.49244e+10	2.89515e+10
6.95e-10	3.77055e+11	4.61368e+11	2.4806e+11	2.17725e+11	-3.44516e+11	2.95224e+11	5.98138e+10	-2.74995e+11	-1.40653e+11	9.63237e+09	-6.80975e+09	-1.78378e+11	-2.19489e+09	5.09036e+10	-1.39607e+11
7e-10	2.62542e+11	3.76794e+11	-6.70813e+09	2.65478e+11	-4.23321e+11	4.13329e+11	1.27568e+11	-3.87697e+11	-4.01451e+10	1.13998e+10	-1.15145e+11	-9.12974e+10	-5.76397e+09	4.61812e+10	-3.49394e+10
7.05e-10	3.146e+11	3.971e+11	2.86068e+11	1.92657e+11	-2.78928e+11	3.88806e+11	2.06849e+11	-6.25522e+11	7.95439e+10	-3.61667e+09	-1.77254e+11	-6.00235e+10	-5.43803e+08	-4.672e+10	2.59424e+10
7.1e-10	2.52801e+11	3.70957e+11	-1.18468e+11	1.56315e+11	2.12653e+11	5.7672e+11	1.06685e+11	-3.91979e+11	1.79099e+10	1.72839e+10	8.34417e+10	-2.06369e+11	-3.06691e+09	-1.16697e+11	1.12453e+11
7.15e-10	4.69163e+11	6.74557e+11	1.21312e+11	1.94602e+11	-3.38231e+11	4.03524e+11	2.40249e+10	-1.13479e+11	6.61699e+10	2.52518e+10	2.03436e+11	-1.55039e+11	-2.05883e+10	-1.45942e+11	-1.96106e+11
7.2e-10	3.67435e+11	5.36047e+11	-1.14715e+11	2.18913e+11	-5.36859e+10	5.17243e+11	6.4542e+10	-2.43492e+11	3.02218e+10	9.92863e+09	-2.56794e+11	-7.83111e+10	-7.61211e+09	2.0784e+11	-1.78122e+11
7.25e-10	3.68908e+11	4.08208e+11	-4.43564e+11	1.43299e+11	-1.22293e+11	3.99211e+11	1.03644e+11	-2.65283e+11	2.36325e+11	1.96456e+10	-1.16894e+11	-2.24627e+11	-3.81972e+09	6.74548e+10	-2.50016e+10
7.3e-10	3.95683e+11	5.96395e+11	-1.41686e+11	1.76377e+11	-8.69969e+10	4.0444e+11	2.90397e+10	-1.07314e+11	1.83277e+11	1.13066e+10	2.22872e+11	-1.61229e+11	6.91257e+09	8.10098e+10	-2.24534e+11
7.35e-10	4.52616e+11	5.90575e+11	-4.12755e+11	1.6567e+11	1.49128e+11	3.93536e+11	6.61027e+10	-5.16866e+11	-6.9958e+10	-8.81772e+09	-4.69419e+10	2.71178e+10	-5.83203e+09	6.903e+10	1.05974e+11
7.4e-10	3.34316e+11	4.07647e+11	-2.23477e+11	1.49767e+11	6.17e+10	3.27787e+11	6.87531e+10	-1.98802e+11	1.28005e+11	1.33362e+10	-2.82465e+11	-1.77585e+10	1.14565e+09	1.40956e+11	-4.58407e+10
7.45e-10	4.00763e+11	5.10578e+11	-4.16299e+11	8.33558e+10	2.01952e+11	1.28816e+11	5.92119e+10	-3.78032e+11	1.3153e+10	8.19329e+09	-3.74195e+11	2.4467e+10	1.65803e+10	2.6596e+11	-4.01164e+09
7.5e-10	2.7521e+11	3.90526e+11	-2.41619e+11	2.31485e+11	1.48115e+11	5.45935e+11	5.93089e+10	-3.30505e+11	1.08593e+11	3.06029e+09	2.22814e+11	-1.30635e+11	1.54904e+10	9.11688e+10	-3.94456e+11
7.55e-10	4.6758e+11	1.12298e+11	-7.58275e+11	1.34552e+11	1.07139e+11	2.76037e+11	7.94292e+10	7.1324e+10	3.33054e+11	1.26483e+10	-1.71281e+11	6.79601e+09	-4.73236e+09	5.33399e+10	1.05033e+11
7.6e-10	4.6507e+11	-7.52412e+08	-6.74034e+11	2.12601e+11	3.86558e+11	4.28771e+11	3.63847e+10	1.50056e+11	2.69291e+11	2.16253e+10	-5.87386e+09	-3.39399e+11	-7.27083e+09	-1.68401e+11	8.94725e+10
7.65e-10	4.44734e+11	2.27168e+11	-6.52123e+11	1.43747e+11	9.98282e+10	3.87316e+11	5.89041e+10	-2.37988e+11	2.56014e+11	-3.37715e+09	-4.60252e+10	5.43351e+10	-1.7063e+09	9.36816e+10	1.01707e+11
7.7e-10	5.55773e+11	1.48572e+11	-8.51096e+11	1.73656e+11	4.56644e+11	1.44097e+11	1.28126e+11	3.0625e+10	5.58679e+11	-6.53173e+07	4.36549e+10	-1.19938e+10	-8.73415e+09	-5.03591e+10	-1.59796e+10
7.75e-10	4.34114e+11	-6.73261e+10	-5.46645e+11	2.36679e+11	4.38528e+11	2.87343e+11	4.57056e+10	1.70772e+11	2.55279e+11	-1.53301e+10	7.11545e+10	5.72644e+10	-5.6736e+08	5.74744e+10	8.01653e+09
7.8e-10	3.87916e+11	-1.57967e+11	-4.65248e+11	1.78446e+11	3.87103e+11	1.08924e+11	5.0689e+10	1.68035e+11	2.79862e+11	-3.09946e+10	8.39041e+10	1.55375e+11	-2.06666e+10	-5.4012e+10	4.7919e+10
7.85e-10	3.63044e+11	-3.2293e+11	-4.60805e+11	2.11061e+11	4.47087e+11	3.30885e+11	6.11191e+10	-3.44266e+10	4.0917e+11	2.54507e+10	-2.34315e+11	3.04938e+10	-3.57742e+09	5.83206e+09	-1.29586e+11
7.9e-10	4.07925e+11	-2.24253e+11	-5.24754e+11	2.40457e+11	5.03426e+11	-1.01059e+11	3.57492e+10	9.53036e+10	1.96283e+11	-9.92616e+09	1.07483e+11	1.68665e+11	1.72579e+10	6.73077e+10	-2.08141e+11
7.95e-10	3.59883e+11	-3.67435e+11	-4.23811e+11	3.00956e+11	6.14811e+11	-5.15281e+10	9.81225e+10	1.77452e+11	2.73326e+11	-2.08681e+10	4.58675e+10	1.05914e+11	2.24829e+08	-1.74872e+09	-2.4331e+11
8e-10	4.34379e+11	-4.86463e+11	-4.5538e+11	2.53532e+11	5.29147e+11	-2.96752e+11	2.47171e+10	-1.89832e+10	1.50364e+11	1.50483e+09	-5.04751e+10	3.3062e+10	-2.26333e+10	2.38806e+11	9.73345e+10
8.05e-10	3.79948e+11	-1.64973e+11	-5.39679e+11	-1.4522e+10	5.8997e+10	2.21329e+11	9.03343e+10	1.64604e+11	3.41577e+11	3.30538e+10	-2.42286e+11	1.51669e+11	-1.29651e+10	3.35737e+10	-6.41192e+10
8.1e-10	2.291e+11	-3.32278e+11	-1.34757e+11	1.69327e+11	3.95935e+11	-2.58135e+11	7.84165e+10	2.82817e+11	1.80258e+11	3.96332e+09	-2.46752e+11	-1.11253e+09	7.62103e+09	2.59729e+10	-1.66049e+11
8.15e-10	5.64364e+11	-7.58897e+11	-2.34152e+11	2.28979e+11	4.7677e+11	-2.78654e+11	6.76545e+10	1.76048e+11	2.54881e+11	-9.58204e+09	7.95908e+10	-5.50905e+10	6.64065e+09	-1.26291e+11	-2.84268e+11
8.2e-10	3.95835e+11	-4.38737e+11	-4.97355e+11	2.54255e+11	4.6804e+11	-2.65298e+11	9.42607e+10	5.36891e+11	1.06487e+11	1.27472e+08	5.3003e+09	1.62207e+11	4.07407e+08	-3.59496e+10	-2.27325e+11
8.25e-10	4.48338e+11	-4.46219e+11	-3.96361e+11	1.14667e+11	1.09798e+11	-3.05879e+11	1.99682e+10	1.75481e+11	-1.5771e+11	1.3e+10	-2.55622e+11	2.87628e+11	1.1048e+10	1.99517e+11	-1.86129e+11
8.3e-10	4.86659e+11	-5.33603e+11	-3.0067e+11	1.68706e+11	2.61647e+11	-2.75186e+11	8.46141e+10	2.62426e+11	1.10728e+11	-2.79805e+09	-6.07835e+10	9.2517e+10	-4.93021e+09	1.05232e+11	-5.96861e+10
8.35e-10	3.88292e+11	-3.92695e+11	-2.6932e+11	2.20034e+11	3.49143e+11	-4.27316e+11	1.00975e+11	4.24941e+11	1.55615e+11	-2.76219e+10	-7.30312e+10	-1.97262e+11	8.50539e+08	-3.01839e+11	1.451e+11
8.4e-10	6.22542e+11	-6.83309e+11	-3.905e+11	2.12441e+11	2.77959e+11	-4.2226e+11	7.82187e+09	-5.31901e+09	-1.94117e+11	1.55703e+10	2.33355e+11	1.7543e+11	-2.21103e+10	3.33866e+11	3.84063e+09
8.45e-10	4.23828e+11	-5.02041e+11	-1.9242e+11	2.95675e+11	1.53739e+10	-7.15987e+11	7.84661e+10	3.04199e+11	8.20003e+10	1.26856e+10	1.24714e+11	1.75364e+11	-1.30404e+10	-9.52539e+10	-1.31324e+11
8.5e-10	4.56116e+11	-5.79239e+11	2.1947e+11	2.08222e+11	4.13068e+11	-2.23224e+11	4.26812e+10	1.46115e+11	-3.13061e+11	1.73227e+10	-2.67743e+11	1.86683e+11	4.91351e+09	-6.06474e+10	-8.64879e+10
8.55e-10	6.57835e+11	-7.50935e+11	-1.46278e+11	2.33303e+11	1.04364e+11	-4.98694e+11	1.03291e+11	3.14946e+11	-8.71183e+10	2.19946e+10	-2.55401e+11	2.69043e+11	6.57818e+09	-1.00515e+11	-6.58379e+10
8.6e-10	3.09161e+11	-3.89878e+11	-3.22728e+10	2.73345e+11	3.00865e+11	-5.13259e+11	5.65436e+10	2.35951e+11	4.53867e+10	9.78584e+09	-6.4392e+10	1.29008e+11	-1.63775e+08	-9.67039e+10	-1.02188e+11
8.65e-10	4.61427e+11	-6.37448e+11	5.67429e+10	2.34068e+11	2.34327e+11	-4.85619e+11	9.4937e+10	4.573e+11	9.29923e+10	-4.92733e+09	1.18278e+11	4.28531e+10	2.44029e+08	9.34196e+10	-1.09389e+11
8.7e-10	4.93448e+11	-6.70043e+11	2.27792e+11	2.4991e+11	1.09914e+11	-5.56439e+11	1.42148e+11	4.45168e+11	-1.7866e+11	2.20318e+10	-1.42043e+10	2.18257e+11	9.84537e+09	-2.71049e+11	-2.42437e+11
8.75e-10	4.6629e+11	-6.4846e+11	1.54181e+11	1.4942e+11	-1.61219e+11	-3.20175e+11	1.07716e+11	4.36356e+11	-8.33353e+10	2.6257e+10	-6.03613e+10	2.64119e+11	-6.59093e+09	1.5001e+11	-1.19445e+11
8.8e-10	3.6141e+11	-5.7666e+11	5.60785e+10	1.46008e+11	1.18461e+11	-3.79545e+11	2.23901e+10	1.3836e+11	-2.5582e+10	1.74519e+10	1.42184e+11	1.94644e+11	7.31406e+09	-6.00353e+10	-1.09405e+11
8.85e-10	3.62429e+11	-5.64772e+11	1.18384e+11	1.38753e+11	2.29503e+11	-4.35168e+11	5.28175e+10	2.1165e+11	-1.91113e+11	-1.05147e+09	-1.64968e+11	2.41497e+11	4.952e+09	-1.65881e+11	-6.47357e+10
8.9e-10	4.00129e+11	-5.67117e+11	1.50799e+11	2.11842e+11	-1.60458e+11	-5.39295e+11	9.49377e+10	2.39816e+11	-2.52853e+11	9.9405e+09	-2.00089e+10	1.22492e+11	-1.39786e+10	-5.05373e+10	-7.28252e+10
8.95e-10	5.59104e+11	-3.40118e+11	6.55501e+11	1.00142e+11	1.21494e+11	-3.41897e+11	6.24526e+10	1.15692e+11	-2.46544e+11	-3.56017e+10	-9.25091e+10	-3.18625e+11	-5.83688e+09	-3.20049e+10	-3.24392e+10
9e-10	3.65036e+11	-3.96588e+11	2.97499e+11	2.44621e+11	-3.33581e+11	-4.4807e+11	4.52278e+10	9.7758e+10	-2.14666e+11	-9.27009e+09	2.50506e+11	-2.05826e+11	-1.7109e+10	3.33548e+10	8.70209e+09
9.05e-10	4.15465e+11	-3.87892e+10	7.53502e+11	2.60235e+11	-1.48641e+11	-4.84037e+11	6.11501e+10	3.45641e+10	-2.83439e+11	9.76961e+09	1.0596e+11	1.7855e+10	-1.34897e+10	1.9705e+11	2.35281e+11
9.1e-10	2.44232e+11	-2.23736e+11	2.76985e+11	3.27815e+11	-2.48424e+11	-5.81571e+11	5.21435e+10	2.02132e+11	-1.38464e+11	3.92425e+10	2.09849e+11	1.99635e+11	5.19989e+09	-5.03647e+10	5.21078e+10
9.15e-10	2.82223e+11	-3.73188e+11	3.08173e+11	2.26465e+11	-2.00642e+11	-4.69675e+11	8.65502e+10	2.06127e+11	-3.11399e+11	4.68437e+09	2.09928e+11	-2.28967e+10	-5.01816e+09	1.16825e+11	6.05703e+08
9.2e-10	2.75546e+11	-3.22523e+11	3.03907e+11	2.2711e+11	-2.97054e+11	-3.84807e+11	7.61813e+10	1.05257e+11	-2.78285e+11	-1.94895e+10	-1.82739e+11	-8.68874e+10	1.78548e+10	-5.05917e+10	7.07263e+10
9.25e-10	2.89448e+11	-7.79195e+10	4.12154e+11	2.09228e+11	-4.39443e+11	-4.15021e+11	1.25081e+11	1.57192e+11	-4.30995e+11	-1.6489e+09	1.29064e+11	3.40973e+10	-3.66346e+09	-1.43145e+11	-1.98247e+11
9.3e-10	5.96665e+11	-4.23898e+10	7.51401e+11	1.71577e+11	-2.99521e+11	-4.28435e+11	1.85915e+11	2.02319e+11	-5.93173e+11	2.97356e+10	1.72427e+11	1.07181e+11	-2.51244e+10	7.08967e+10	-3.11879e+11
9.35e-10	3.84675e+11	6.1032e+09	5.48178e+11	2.21707e+11	-4.44396e+11	-2.1567e+11	7.7818e+10	-8.89703e+10	-3.41658e+11	-8.13993e+09	-9.53309e+09	-8.52624e+09	-1.44692e+10	1.69796e+11	-7.6183e+08
9.4e-10	3.31225e+11	1.89763e+10	4.4531e+11	1.68055e+11	-3.83486e+11	-9.48847e+10	9.00183e+10	-1.115e+11	-4.10063e+11	8.79851e+09	1.05591e+11	-1.06016e+11	3.29963e+09	1.84198e+10	-2.94388e+10
9.45e-10	3.58802e+11	-1.15116e+11	5.55856e+11	1.45912e+11	-3.46254e+11	-2.82542e+11	7.65316e+10	-1.23105e+10	-3.89149e+11	5.31218e+10	4.06709e+11	-1.21379e+11	9.1081e+09	-1.5776e+09	2.79941e+10
9.5e-10	3.69015e+11	1.40247e+11	5.37582e+11	2.532e+11	-5.65162e+11	-1.68805e+11	5.57059e+10	-2.3201e+11	-2.14356e+11	-2.27615e+09	4.82982e+10	-2.29133e+11	-1.34894e+10	1.58923e+10	8.37232e+10
9.55e-10	3.36873e+11	1.05304e+11	5.05975e+11	1.37434e+11	-3.75052e+11	-1.17939e+10	4.34544e+10	-2.33101e+11	-1.00498e+11	1.4281e+10	1.7604e+11	-7.72797e+10	4.6968e+09	-2.79375e+11	4.95132e+10
9.6e-10	3.82926e+11	4.26511e+11	4.65175e+11	2.97344e+11	-6.0387e+11	-1.75059e+11	1.87145e+11	-2.65979e+11	-5.6379e+11	5.17538e+09	1.54434e+11	1.15835e+11	-1.39873e+10	3.96948e+09	-2.92511e+11
9.65e-10	4.20802e+11	3.70058e+11	5.08314e+11	2.62269e+11	-5.90965e+11	-2.25183e+11	1.08201e+11	-1.77235e+11	-3.71621e+11	1.51211e+10	1.71496e+11	-1.71239e+11	1.85865e+10	2.74875e+10	2.30442e+11
9.7e-10	3.07891e+11	1.03834e+11	5.19924e+11	1.98724e+11	-5.04555e+11	-7.36952e+10	4.31738e+10	-1.63255e+11	-9.08979e+10	3.38185e+09	1.69124e+09	-1.60077e+11	-9.75559e+09	-3.78605e+11	8.28268e+10
9.75e-10	3.6137e+11	3.16524e+11	4.86847e+11	1.6558e+11	-4.21294e+11	-7.25418e+10	4.67157e+10	-2.25111e+11	-4.0993e+10	6.1754e+09	8.81605e+10	-4.78949e+10	5.35008e+09	-3.54852e+10	1.02742e+11
9.8e-10	4.34691e+11	3.46698e+11	5.2554e+11	1.91855e+11	-4.49869e+11	7.53931e+10	9.19672e+10	-3.33651e+11	-1.89941e+11	-2.32121e+10	3.09755e+11	-4.29334e+10	5.07515e+09	7.88581e+10	9.2148e+10
9.85e-10	3.88439e+11	3.02342e+11	4.09989e+11	1.75957e+11	-4.78185e+11	5.21998e+10	6.59735e+10	-3.68234e+11	-3.11088e+11	2.55911e+10	3.15938e+11	-1.2278e+11	-2.36708e+10	1.82684e+11	2.08468e+10
9.9e-10	5.75963e+11	4.67856e+11	6.10252e+11	1.76919e+11	-3.81348e+11	2.31491e+11	2.97264e+10	-2.04519e+11	-2.85508e+11	-3.29156e+10	-5.11411e+10	1.88042e+11	4.39206e+08	1.89264e+11	-1.4736e+10
9.95e-10	4.15118e+11	3.19382e+11	4.20697e+11	3.56076e+11	-7.76089e+11	3.09535e+11	7.35589e+10	-2.8016e+11	-6.3056e+10	8.37945e+09	-4.66108e+10	-2.64703e+10	-1.07922e+10	-1.49411e+11	2.1903e+11
1e-09	3.20666e+11	4.66767e+11	1.53846e+11	2.6381e+11	-3.92299e+11	4.4329e+11	7.85769e+10	-3.15004e+11	-2.53701e+11	8.01595e+09	7.89116e+10	-1.5418e+11	-3.80736e+09	2.32798e+10	-1.70183e+11
1.005e-09	4.50412e+11	6.38454e+11	1.15391e+11	1.16345e+11	5.15542e+10	4.16422e+11	3.05243e+10	-7.67635e+10	-2.74187e+11	3.36821e+10	1.04702e+11	-2.11435e+11	1.98189e+10	2.05042e+11	1.51308e+11
1.01e-09	3.76681e+11	5.52869e+11	-1.11477e+09	1.94218e+11	-4.94254e+10	5.4278e+11	7.06488e+10	-2.45842e+11	1.20831e+11	1.60951e+10	3.132e+11	-6.76782e+10	5.53279e+08	-3.93341e+10	1.1335e+11
1.015e-09	4.05497e+11	6.27308e+11	5.61662e+10	2.41407e+11	-3.37653e+11	4.10847e+11	1.04904e+11	-3.47626e+11	2.12764e+11	2.05276e+10	1.55001e+10	-3.33984e+11	5.97012e+09	2.41061e+11	1.10201e+11
1.02e-09	3.38066e+11	5.39464e+11	-1.0857e+11	1.69114e+11	-6.00074e+10	3.62585e+11	6.39063e+10	-3.147e+11	-2.04809e+11	2.1374e+09	-1.47738e+10	-2.77373e+11	1.81969e+09	-2.49243e+10	-6.52685e+10
1.025e-09	3.60723e+11	5.14114e+11	-1.59202e+11	4.97174e+10	9.57606e+10	1.89038e+11	5.89841e+10	-2.47982e+11	3.60344e+10	3.01273e+10	-1.42639e+11	-5.06752e+11	-3.15025e+09	1.71501e+11	2.52985e+11
1.03e-09	2.8741e+11	4.9179e+11	-8.41669e+10	1.6207e+11	-1.13036e+11	4.36471e+11	7.34002e+10	-2.70614e+11	1.45409e+11	-6.23396e+08	-1.79456e+11	3.93289e+10	-8.90549e+09	1.65263e+11	8.73912e+10
1.035e-09	2.93719e+11	5.58909e+11	-6.57353e+10	1.78342e+11	-1.10739e+11	4.52975e+11	7.61016e+10	-3.66854e+11	-2.21313e+10	-1.31874e+09	-1.91371e+11	1.00914e+11	-5.71945e+09	-8.30395e+10	1.35899e+11
1.04e-09	3.6239e+11	4.61762e+11	-3.06517e+11	2.29415e+11	6.77995e+10	6.05413e+11	3.25955e+10	-1.25337e+11	8.44278e+10	7.99901e+09	8.2815e+09	-7.81604e+10	4.21494e+08	1.23778e+11	9.35402e+10
1.045e-09	5.01998e+11	5.42992e+11	-4.95769e+11	1.15077e+11	1.78328e+11	2.92266e+11	4.33891e+10	-1.88316e+11	8.1741e+10	1.32796e+10	9.43913e+09	-2.03056e+11	7.90997e+09	2.38211e+11	-4.6471e+10
1.05e-09	3.29619e+11	3.53927e+11	-3.80646e+11	3.35579e+11	7.93549e+10	7.81503e+11	6.58498e+10	5.9549e+09	4.32153e+11	-1.75221e+09	-4.54845e+09	-1.51568e+11	-6.11357e+09	2.1696e+11	2.25121e+11
1.055e-09	2.98006e+11	2.42924e+11	-4.71636e+11	2.30014e+11	6.11195e+10	5.77276e+11	3.95564e+10	-3.5401e+11	1.67707e+11	3.01108e+10	-3.04512e+11	-1.05312e+11	-2.62776e+09	-6.28774e+10	9.52886e+10
1.06e-09	3.90601e+11	4.76263e+11	-5.06631e+11	2.99741e+11	3.54532e+11	5.81089e+11	7.19159e+10	-1.53487e+11	3.47062e+11	2.29167e+10	-2.38538e+11	-3.89946e+10	-7.57873e+09	1.92832e+11	5.6291e+10
1.065e-09	3.93775e+11	3.27005e+11	-7.32675e+11	1.06816e+11	2.36048e+11	1.84183e+11	8.09214e+10	2.20082e+11	3.36451e+11	-8.41991e+09	2.00074e+10	-9.3366e+10	-2.74397e+08	1.58047e+10	3.25727e+10
1.07e-09	1.99128e+11	6.36767e+10	-3.25936e+11	8.82846e+10	7.74448e+10	2.68647e+11	1.06181e+11	-1.09111e+11	3.73166e+11	-3.96656e+09	5.08721e+09	7.26401e+10	-1.12214e+10	-4.99051e+10	-1.10809e+11
1.075e-09	3.442e+11	1.88052e+11	-5.06137e+11	1.87008e+11	5.06e+11	1.35004e+11	3.25505e+10	3.5537e+10	1.46581e+11	-5.61795e+09	1.70207e+11	-1.56518e+11	8.39469e+09	1.54374e+11	-6.16721e+10
1.08e-09	4.40571e+11	9.69166e+10	-6.74979e+11	1.47858e+11	3.3861e+11	1.55181e+11	3.48166e+10	-6.35886e+10	1.87648e+11	2.85863e+10	-4.2903e+11	2.60972e+11	3.27863e+09	3.45948e+10	1.31131e+11
1.085e-09	3.04647e+11	2.87697e+10	-5.44326e+11	1.48525e+11	4.40836e+11	8.11551e+10	5.55458e+10	1.26517e+11	2.60211e+11	-1.66128e+09	-3.3111e+11	3.16227e+10	-3.34372e+09	-1.66018e+11	-8.11288e+10
1.09e-09	3.00706e+11	2.85139e+11	-4.67816e+11	1.19007e+11	2.91531e+11	1.82262e+11	6.15803e+10	2.19242e+11	2.03543e+11	1.57371e+10	-3.306e+11	7.28723e+10	-2.23028e+09	5.71363e+10	-3.00983e+10
1.095e-09	2.69194e+11	2.49931e+11	-4.22724e+11	6.09019e+10	1.6095e+11	-5.48241e+09	9.99288e+10	-1.0345e+11	4.7486e+11	-4.96692e+09	-4.58773e+10	1.72363e+10	-2.08051e+09	2.87751e+11	-2.21191e+11
1.1e-09	3.83283e+11	-2.1243e+11	-5.69638e+11	1.90934e+11	5.85694e+11	-4.5271e+10	3.9759e+10	6.37589e+10	1.97812e+11	-1.3251e+10	5.35355e+10	1.37515e+11	-1.51546e+10	3.32087e+11	1.26556e+10
1.105e-09	2.47807e+11	2.58492e+10	-4.10909e+11	1.66375e+11	4.84646e+11	1.16281e+11	2.34795e+10	7.4263e+10	1.56447e+11	1.11176e+10	-7.01534e+10	-4.66447e+10	4.92381e+09	-5.63039e+10	3.4695e+10
1.11e-09	4.23013e+11	-1.21389e+10	-6.42491e+11	2.12489e+11	4.97943e+11	1.58738e+11	5.4328e+10	1.51667e+11	2.6634e+11	2.63773e+10	-1.27236e+11	1.10873e+11	1.48973e+10	6.08649e+10	-1.86684e+11
1.115e-09	4.03659e+11	-2.36345e+11	-5.50473e+11	2.02224e+11	3.63679e+11	3.2493e+11	7.99688e+10	-6.70537e+10	3.63193e+11	1.59182e+10	-1.54549e+10	3.57807e+11	7.7261e+09	1.05601e+11	-2.021e+11
1.12e-09	2.76244e+11	7.5865e+10	-5.11048e+11	2.92546e+11	7.45647e+11	2.77566e+11	4.09583e+10	-2.09664e+10	1.70765e+11	-1.9876e+10	9.46624e+10	-1.31803e+10	2.51889e+09	-1.56997e+11	-4.82583e+10
1.125e-09	4.59178e+11	-2.81744e+10	-7.19891e+11	1.69201e+11	5.43036e+11	-1.27482e+11	-2.84845e+10	-5.22503e+10	-2.69557e+10	1.78591e+10	-3.37737e+11	2.98102e+11	-1.46289e+10	-7.27146e+10	1.09479e+11
1.13e-09	2.7079e+11	6.79486e+10	-5.05229e+11	2.50807e+11	5.80761e+11	2.49172e+11	4.64468e+10	2.94285e+11	8.03735e+09	-1.21255e+10	-4.44285e+10	-1.01314e+11	1.66012e+10	-7.6956e+09	-2.84127e+11
1.135e-09	2.64559e+11	-3.02172e+11	-3.27641e+11	1.94416e+11	4.39042e+11	-8.42288e+10	2.05867e+10	1.231e+11	2.497e+10	5.26579e+09	-7.78998e+10	8.49203e+10	-4.45208e+09	-8.79424e+10	8.20416e+08
1.14e-09	2.00096e+11	-4.02148e+11	-1.69898e+11	1.44427e+11	3.49056e+11	-2.78472e+11	-4.27616e+10	-6.731e+10	-1.19661e+11	3.42282e+10	-3.62155e+11	1.83442e+11	-7.13553e+09	-6.26401e+10	-1.66152e+11
1.145e-09	3.25511e+11	-4.39256e+11	-3.96212e+11	1.58884e+11	4.44327e+11	1.05407e+10	6.08528e+10	2.74044e+11	1.98618e+11	4.06563e+10	-3.43032e+11	1.5954e+11	-9.28228e+09	-1.98031e+11	4.72199e+10
1.15e-09	3.97292e+11	-4.82269e+11	-5.07957e+11	1.99736e+11	3.95382e+11	-2.02617e+11	3.31046e+10	1.6616e+11	1.20308e+11	3.36512e+09	1.17072e+11	9.63092e+10	-1.57749e+10	-1.91309e+11	1.57378e+11
1.155e-09	4.19842e+11	-6.87816e+11	-2.96897e+11	2.5098e+11	6.11039e+11	-4.04586e+11	9.18233e+10	3.82402e+11	9.30383e+10	3.40143e+09	-1.01082e+11	-1.41268e+10	-2.08198e+09	-1.20262e+11	1.99369e+11
1.16e-09	3.1007e+11	-4.44256e+11	-1.94007e+11	1.19835e+11	2.69048e+11	-1.77481e+11	6.9287e+10	2.9073e+11	5.90808e+10	-1.6413e+10	1.02313e+10	-1.42341e+11	-1.07821e+09	-2.54495e+11	-1.17679e+10
1.165e-09	4.03124e+11	-5.34983e+11	-1.6195e+11	1.40692e+11	3.4959e+11	-2.439e+11	8.13515e+10	5.05131e+11	1.17494e+11	-1.25984e+10	8.06684e+10	6.0303e+10	-7.07302e+09	-1.69751e+11	-2.53187e+11
1.17e-09	5.2414e+11	-6.52384e+11	-1.49423e+11	2.25369e+11	2.35228e+11	-4.40933e+11	6.3458e+10	3.25318e+11	-7.85542e+10	-3.25863e+09	-4.14999e+11	-7.19828e+10	2.92313e+09	-2.32522e+11	-1.10896e+11
1.175e-09	4.81574e+11	-7.00547e+11	-1.16309e+11	1.37109e+11	3.88843e+11	-1.92046e+11	2.61712e+10	2.9158e+11	1.6499e+11	1.46545e+10	-1.17135e+11	9.00061e+10	6.13835e+09	-9.64872e+10	-5.37161e+10
1.18e-09	4.05407e+11	-6.15641e+11	-1.37721e+11	2.21913e+11	1.21847e+11	-5.2741e+11	2.49036e+10	2.73182e+11	6.10782e+09	2.08294e+10	1.35439e+10	1.88202e+11	5.43126e+09	-1.07492e+11	6.8937e+09
1.185e-09	3.50438e+11	-5.66734e+11	-6.18448e+10	1.83551e+11	2.81559e+11	-3.42061e+11	2.10259e+10	1.39869e+11	7.76911e+10	-1.35555e+10	-1.63624e+11	-8.18198e+10	2.75395e+10	-5.68089e+10	-2.25763e+11
1.19e-09	3.1928e+11	-4.84681e+11	1.5003e+11	2.33451e+11	1.43561e+11	-5.99383e+11	5.13727e+10	2.68585e+11	7.19967e+10	-2.35694e+10	1.37234e+11	-1.7857e+11	-5.85746e+09	1.79669e+11	-2.30643e+10
