Thu Oct 24 17:09:28 2024

<base> : Rectangle : 0m, 0m, 0m; 7um, 50nm, 10nm. Cells : 1400, 10, 2. Cellsize : 5nm, 5nm, 5nm
<supermesh> : Rectangle : 0m, 0m, 0m; 7um, 50nm, 10nm. Cells : 1400, 10, 2. Cellsize : 5nm, 5nm, 5nm

Saved data (dataname (unit) <meshname> (cells_rectangle)) : 

time (s)	<mxdmdt> (1/s) <base> (3.6um, 0m, 0m; 3.61um, 50nm, 5nm)			<mxdmdt> (1/s) <base> (4um, 0m, 0m; 4.01um, 50nm, 5nm)			<mxdmdt> (1/s) <base> (4.5um, 0m, 0m; 4.51um, 50nm, 5nm)			<mxdmdt> (1/s) <base> (5.5um, 0m, 0m; 5.51um, 50nm, 5nm)			<mxdmdt> (1/s) <base> (6.5um, 0m, 0m; 6.51um, 50nm, 5nm)			

0	-25627	-11765.9	520367	33626.3	356646	311795	1274.96	-48405.1	-36982.5	-47117.9	-567266	-662750	-1428.47	159966	-231538
5e-12	-1.42851e+10	-1.27894e+11	6.74481e+09	-5.79342e+09	1.81672e+11	7.84098e+10	5.37433e+09	3.44525e+10	-3.38901e+11	-5.59054e+09	3.08307e+10	6.57828e+10	-1.43177e+10	-6.52207e+10	-1.64665e+11
1e-11	-3.9228e+09	-4.58018e+10	-4.2395e+11	-9.36518e+09	-1.30992e+11	9.58028e+10	-1.73922e+09	3.07613e+09	5.58354e+10	-9.51817e+08	1.80254e+11	7.02337e+10	-5.71995e+09	-5.27682e+10	6.26335e+10
1.5e-11	2.85507e+09	3.39e+11	1.20454e+11	-1.95102e+09	2.73823e+11	1.5998e+11	4.10989e+09	1.08133e+11	1.83469e+11	2.13935e+09	6.9995e+10	-1.98321e+11	-4.7649e+08	2.48756e+11	1.66784e+11
2e-11	9.9684e+09	-1.14627e+11	6.22797e+10	-3.88596e+09	-1.61782e+10	-5.48754e+10	-5.61235e+09	1.72887e+11	-3.69563e+11	-5.16993e+09	-8.62602e+10	-5.27729e+10	-5.74824e+08	-8.22812e+09	-1.76157e+10
2.5e-11	4.09276e+10	-2.5424e+11	1.23372e+11	-6.91372e+09	-5.45068e+10	3.76262e+11	-9.41193e+09	4.40921e+11	-1.14208e+11	1.01447e+10	-1.95551e+10	-3.53549e+11	-3.30565e+09	-4.17691e+10	2.18257e+11
3e-11	3.7813e+10	1.51671e+11	2.09225e+11	-1.71e+10	2.21541e+11	-1.03482e+11	6.44795e+09	-3.17276e+11	-9.36553e+10	-1.5983e+10	-2.43177e+11	2.86529e+10	-1.02372e+10	8.23579e+10	-1.27663e+11
3.5e-11	9.09454e+10	-1.23675e+11	2.64108e+11	3.97014e+10	-3.35889e+11	1.4485e+11	1.76505e+10	-1.88529e+11	4.5871e+10	-6.08787e+09	-1.13592e+11	-4.49624e+10	-6.28284e+08	2.35134e+11	2.02615e+11
4e-11	4.72021e+10	-9.43847e+10	1.2709e+11	2.27722e+10	4.7331e+09	-3.24855e+11	-1.29769e+10	-3.06223e+11	-1.8472e+11	-1.08808e+09	2.78255e+11	-1.03412e+11	-9.09569e+09	3.28909e+10	-9.00793e+10
4.5e-11	2.02897e+11	-3.01699e+11	3.52859e+11	8.50455e+10	-3.65457e+11	-2.35201e+11	6.75075e+09	-1.065e+11	-1.91583e+10	-2.45866e+09	1.05013e+11	-1.33078e+11	-2.63858e+09	4.08463e+10	1.28539e+09
5e-11	2.38096e+11	-2.72723e+11	4.49278e+11	6.71485e+10	-2.69511e+11	-2.56912e+11	8.17957e+09	-3.65692e+11	-1.84447e+11	-2.96744e+09	-3.38351e+10	-2.09132e+11	-3.90319e+09	1.11904e+11	-7.22186e+10
5.5e-11	2.66525e+11	-2.09953e+11	4.17497e+11	1.51367e+11	-2.47736e+11	-4.85181e+11	2.56964e+10	-2.65912e+10	-1.66885e+11	6.87018e+07	-2.34067e+11	-1.02658e+11	-3.69912e+09	-9.31525e+10	-3.47598e+09
6e-11	3.61532e+11	-2.8796e+11	4.75648e+11	1.32587e+11	-4.26426e+11	-1.47392e+11	3.93942e+10	1.02158e+11	-4.10805e+11	-7.69806e+09	2.03784e+11	1.71409e+11	-1.93677e+09	-6.26263e+09	4.2875e+11
6.5e-11	5.81132e+11	-1.60696e+11	7.59504e+11	1.47472e+11	-5.98709e+11	-1.11962e+11	7.40407e+10	-1.72463e+11	-3.33123e+11	-3.94099e+09	7.14529e+10	-1.66142e+10	-7.82164e+09	-2.07398e+11	2.74445e+11
7e-11	5.45259e+11	-6.34149e+11	3.62049e+11	2.33293e+11	-4.05187e+11	-4.14907e+11	1.53426e+10	1.55029e+11	-9.79932e+10	-1.37407e+10	6.79896e+10	-1.46664e+10	-6.91242e+08	2.17182e+10	-1.12548e+11
7.5e-11	5.3794e+11	-4.28757e+11	4.78595e+11	2.7071e+11	-3.06751e+11	-4.66702e+11	3.11971e+10	-1.34132e+11	-3.2217e+11	-4.1256e+09	4.08374e+10	1.0616e+11	-8.26556e+09	-1.87669e+10	-7.2408e+10
8e-11	7.16443e+11	-6.61526e+11	4.28607e+11	2.85543e+11	-4.36208e+11	-4.04475e+11	1.33512e+10	3.16788e+10	-1.26052e+11	-9.65268e+09	-1.30721e+11	-1.37977e+11	1.66949e+09	-1.13953e+11	-1.30308e+11
8.5e-11	5.65469e+11	-4.83258e+11	3.44754e+11	2.74262e+11	-7.33199e+11	-1.62285e+11	1.70696e+11	1.61376e+10	-5.50048e+11	-1.75635e+09	-1.08985e+11	-8.03349e+10	1.53513e+10	-2.34733e+11	-1.58919e+11
9e-11	4.96006e+11	-2.84931e+11	3.70657e+11	2.85226e+11	-2.79331e+11	-4.45958e+11	1.29051e+11	6.88006e+10	-4.10478e+11	2.11943e+10	1.39736e+11	-1.83139e+11	1.23191e+09	2.66359e+10	-5.81479e+10
9.5e-11	6.17624e+11	-4.17767e+11	5.0013e+11	3.33482e+11	-4.48144e+11	-4.27267e+11	1.09098e+11	4.38822e+10	-2.94848e+11	9.93891e+09	2.16427e+11	-1.23141e+11	-1.12032e+10	-3.26805e+11	-8.66003e+10
1e-10	5.66935e+11	-6.0001e+11	1.8428e+11	3.92198e+11	-1.39883e+11	-6.07048e+11	1.13235e+11	-1.17976e+11	-3.40517e+11	2.57836e+09	-2.11095e+11	1.30415e+11	-4.85853e+09	2.29858e+11	-1.17024e+08
1.05e-10	7.47199e+11	-7.79917e+11	2.49084e+10	2.82908e+11	-1.59236e+11	-4.8024e+11	1.35693e+11	-1.67148e+11	-4.2043e+11	-9.76346e+09	7.84481e+10	6.8e+10	-5.86244e+09	1.19659e+11	-1.67717e+11
1.1e-10	6.53359e+11	-6.77433e+11	1.3517e+11	2.61128e+11	9.12504e+09	-5.22022e+11	1.07659e+11	-9.12377e+10	-3.74964e+11	-2.0062e+10	9.15699e+10	1.07799e+11	1.45007e+10	1.18789e+11	2.26933e+11
1.15e-10	7.26453e+11	-6.09882e+11	2.38962e+11	3.31701e+11	1.87992e+11	-6.15053e+11	2.93924e+10	-9.56456e+10	-1.50939e+11	8.70262e+09	2.29934e+11	1.09161e+11	8.12639e+08	1.7269e+11	6.95803e+10
1.2e-10	8.69306e+11	-8.17957e+11	1.81952e+11	2.39442e+11	3.2288e+10	-4.39708e+11	6.60124e+10	3.18971e+11	-1.06583e+11	2.90443e+10	6.86685e+10	-2.95033e+11	-1.28435e+09	-7.84505e+10	-2.9788e+10
1.25e-10	6.63777e+11	-6.14967e+11	1.66998e+11	2.15902e+11	-3.76932e+11	-4.31347e+11	5.43126e+10	-1.07524e+11	-2.8198e+11	1.15973e+10	2.55855e+11	1.3793e+11	6.93769e+09	-1.59957e+11	5.4642e+10
1.3e-10	6.2039e+11	-6.14081e+11	-1.16763e+11	4.73322e+11	1.50077e+10	-7.19556e+11	1.0832e+11	1.08563e+11	-3.48682e+11	-2.65596e+10	-3.02925e+11	-2.89098e+11	-1.77267e+09	1.31121e+11	-4.62314e+10
1.35e-10	5.98386e+11	-5.39931e+11	-2.26954e+11	4.05901e+11	1.82382e+11	-7.1988e+11	7.414e+10	2.34397e+11	-1.50648e+11	-2.35774e+10	-1.52188e+11	-1.61401e+11	-2.27799e+10	-2.25165e+11	-1.82286e+10
1.4e-10	6.06046e+11	-5.2364e+11	-3.64306e+11	2.94365e+11	2.17749e+11	-5.01129e+11	1.7838e+11	5.46775e+11	-2.81993e+11	8.57616e+09	1.25573e+11	-2.95997e+11	-1.15912e+10	-2.55071e+10	-7.54628e+10
1.45e-10	5.31419e+11	-4.86284e+11	-3.26332e+11	2.96151e+11	2.16043e+11	-4.55337e+11	1.68302e+11	5.12599e+11	-3.08553e+11	3.91363e+10	2.14759e+11	-1.28838e+11	1.13799e+10	4.62203e+10	1.27873e+11
1.5e-10	7.25083e+11	-5.34834e+11	-4.41633e+11	3.31092e+11	1.67853e+11	-5.80337e+11	1.45024e+11	3.20608e+11	-3.24775e+11	1.36946e+10	1.00581e+11	1.06635e+11	-1.11279e+09	-5.91172e+10	1.20751e+11
1.55e-10	5.08831e+11	-2.9289e+11	-5.94909e+11	2.89056e+11	2.47626e+11	-5.86102e+11	1.0722e+11	2.04948e+11	-3.21931e+11	-1.6372e+10	-5.89191e+10	-5.3398e+10	-1.42548e+10	-1.70503e+10	-6.86391e+10
1.6e-10	7.12156e+11	-7.03112e+11	-3.29568e+11	2.7871e+11	4.3763e+11	-2.53642e+11	1.68356e+11	3.11431e+11	-3.94357e+11	3.20901e+10	2.94879e+11	1.34845e+11	3.47514e+10	2.33464e+11	2.85913e+11
1.65e-10	5.30618e+11	-4.26575e+11	-3.59996e+11	1.89092e+11	3.76501e+11	-2.08029e+11	4.59087e+10	1.58381e+11	1.56201e+10	4.59848e+10	3.64568e+11	-1.6363e+11	-1.61351e+10	-1.20062e+11	2.76107e+10
1.7e-10	7.05206e+11	-4.5996e+11	-4.96151e+11	3.1449e+11	3.84857e+11	-4.42912e+11	1.58524e+11	5.19713e+11	-1.6189e+10	7.88065e+10	4.13277e+11	3.03409e+11	1.36177e+10	-2.0676e+11	2.60494e+11
1.75e-10	6.12987e+11	-4.53024e+11	-5.49557e+11	3.96054e+11	4.86013e+11	-4.41479e+11	1.47887e+11	5.45283e+11	1.33584e+11	2.51299e+10	1.48209e+11	4.9439e+10	4.37655e+09	-6.90374e+10	4.25036e+10
1.8e-10	5.91082e+11	-4.38654e+11	-4.59419e+11	4.51693e+11	6.68442e+11	-4.13803e+11	1.63261e+11	5.46656e+11	3.4415e+10	-3.86074e+09	-6.51125e+10	5.98027e+10	1.2563e+09	2.05988e+11	-4.90806e+10
1.85e-10	4.80678e+11	-4.77611e+11	-3.43281e+11	3.17682e+11	5.26115e+11	-2.07104e+11	1.2512e+11	3.46262e+11	2.07927e+11	1.81478e+10	1.7901e+11	8.65025e+10	-1.11305e+10	-5.2257e+10	-2.74138e+10
1.9e-10	6.81759e+11	-4.45837e+11	-5.48266e+11	2.60956e+11	4.65292e+11	-1.87743e+11	2.03955e+11	5.54664e+11	3.3775e+10	-6.21195e+09	-7.47911e+10	6.75465e+10	3.2099e+09	-1.04038e+10	3.51526e+10
1.95e-10	5.88293e+11	1.05497e+09	-6.95365e+11	3.17473e+11	5.19556e+11	-3.15262e+11	1.22575e+11	3.56943e+11	-4.83781e+10	5.50487e+10	2.29476e+11	2.18322e+11	-3.40769e+09	-1.04705e+11	4.88116e+10
2e-10	4.34441e+11	-2.34169e+11	-4.57192e+11	3.07051e+11	6.78857e+11	4.80229e+10	4.67176e+10	1.6861e+11	-1.42371e+11	2.16881e+10	9.71563e+10	9.78904e+10	7.98548e+09	-4.11512e+11	1.8553e+11
2.05e-10	7.02232e+11	1.01392e+11	-8.29131e+11	2.84073e+11	5.438e+11	-7.8432e+10	1.10691e+11	3.74435e+11	-1.97361e+10	3.71655e+10	7.44542e+10	1.81158e+11	1.08528e+10	-1.56159e+11	2.06986e+11
2.1e-10	4.55415e+11	-1.8341e+10	-5.43253e+11	4.2234e+11	8.09643e+11	-6.04619e+10	8.89738e+10	2.48577e+11	1.11152e+11	1.70846e+09	-1.2996e+11	9.42245e+10	5.86492e+09	-4.05544e+10	2.79263e+11
2.15e-10	6.40632e+11	1.45388e+11	-7.50002e+11	3.12467e+11	6.41093e+11	1.24541e+11	1.26404e+11	3.81287e+11	7.05436e+10	4.51788e+10	1.91018e+11	1.78632e+11	-1.84943e+10	-1.98926e+11	-1.17248e+11
2.2e-10	7.19231e+11	1.39049e+11	-7.63075e+11	2.53772e+11	4.85401e+11	1.21944e+11	8.15724e+10	2.29853e+11	1.97748e+11	9.98152e+09	8.59127e+10	7.01233e+10	8.44056e+09	-2.55043e+11	1.10354e+11
2.25e-10	5.56415e+11	4.78316e+09	-6.24661e+11	3.79655e+11	6.26275e+11	2.05126e+11	1.60201e+11	4.86055e+11	4.01064e+11	4.98757e+09	9.90587e+10	1.20421e+11	-4.09645e+09	-6.16193e+10	3.21296e+10
2.3e-10	5.60396e+11	2.57382e+11	-6.0005e+11	2.43851e+11	4.62198e+11	1.47247e+11	5.34616e+10	2.09207e+11	1.03338e+11	-1.32714e+10	-2.59244e+11	7.3827e+09	-1.27782e+10	-3.25732e+11	-2.09764e+10
2.35e-10	6.44916e+11	-5.13596e+10	-7.10943e+11	4.24495e+11	7.4827e+11	2.28481e+11	1.74932e+11	5.08989e+11	1.68063e+11	9.99014e+09	-1.03077e+09	1.50274e+11	-5.64904e+09	-3.63284e+11	1.10085e+11
2.4e-10	6.47328e+11	1.85502e+11	-6.13519e+11	3.33763e+11	6.70997e+11	7.04855e+10	2.42609e+10	1.46756e+11	6.28196e+09	4.07214e+10	-1.23047e+10	3.60176e+11	-4.06268e+09	1.47674e+10	3.24569e+10
2.45e-10	3.52689e+11	7.35599e+10	-3.98197e+11	2.50968e+11	3.74551e+11	2.24398e+11	4.07563e+10	-3.41285e+10	1.87401e+11	9.51971e+10	5.90581e+10	5.02976e+11	-4.44102e+09	-1.92858e+11	6.50092e+10
2.5e-10	6.33338e+11	4.37226e+11	-5.87269e+11	2.789e+11	4.18587e+11	3.32482e+11	4.23611e+10	1.40001e+11	1.39929e+11	4.97933e+10	-9.68422e+10	4.83379e+11	-7.68838e+09	1.38176e+11	-1.27351e+11
2.55e-10	6.89454e+11	7.36284e+11	-3.46067e+11	3.81794e+11	4.30105e+11	4.50439e+11	6.40904e+10	-6.74359e+10	2.71179e+11	7.04285e+10	2.6825e+10	5.31126e+11	8.16266e+09	-2.03007e+10	3.61701e+10
2.6e-10	5.43352e+11	3.39409e+11	-5.70031e+11	4.07027e+11	3.40304e+11	6.41016e+11	1.62128e+11	-1.65991e+10	5.46865e+11	7.05661e+09	3.54637e+11	2.44573e+11	-5.8028e+09	7.7441e+10	-3.21509e+10
2.65e-10	4.98057e+11	3.92335e+11	-3.53868e+11	3.62872e+11	3.4788e+11	6.48908e+11	1.14796e+11	1.59061e+11	3.34933e+11	1.71222e+10	-6.36397e+10	1.41953e+11	2.22785e+10	-4.38775e+10	4.77328e+11
2.7e-10	7.44707e+11	6.53869e+11	-4.59595e+11	3.55896e+11	3.08791e+11	5.26088e+11	1.80056e+11	3.26243e+11	5.00438e+11	-2.46371e+10	-7.61121e+10	-2.24453e+11	-5.62459e+09	8.34824e+10	3.46184e+10
2.75e-10	6.94162e+11	7.5138e+11	-2.1066e+11	2.90419e+11	1.47901e+11	4.50633e+11	1.64415e+11	1.90779e+11	5.22668e+11	9.85442e+09	-2.54007e+11	-6.50148e+10	1.53544e+09	1.75935e+11	3.429e+10
2.8e-10	5.23206e+11	6.32936e+11	1.2432e+11	4.51399e+11	2.8508e+11	7.05935e+11	1.78655e+11	3.72327e+11	5.73968e+11	3.64967e+10	-1.57519e+11	2.41938e+11	-7.15269e+09	-4.29611e+10	-6.04608e+10
2.85e-10	5.34063e+11	5.37866e+11	-1.04006e+11	3.17887e+11	-4.43041e+10	5.29151e+11	1.24737e+11	-2.67881e+11	4.17459e+11	5.68758e+10	-2.07608e+11	3.53076e+11	9.08234e+08	-4.42626e+10	-1.46641e+11
2.9e-10	6.25368e+11	5.97619e+11	9.54335e+07	3.57918e+11	-2.62474e+10	5.83443e+11	2.14778e+11	-2.58258e+11	4.68531e+11	1.45322e+10	-9.68782e+10	2.01335e+11	-2.40059e+09	-5.80738e+10	2.65244e+11
2.95e-10	5.97095e+11	5.70082e+11	2.05196e+11	3.47787e+11	6.0077e+10	6.10781e+11	1.98548e+11	-1.68756e+11	5.96584e+11	2.7024e+10	-2.22569e+11	6.71199e+10	-3.26366e+09	-2.87217e+11	5.15187e+10
3e-10	8.37342e+11	6.73513e+11	3.60807e+11	2.92166e+11	-1.54204e+11	4.9747e+11	2.62861e+10	-3.77733e+10	9.08243e+10	1.45541e+10	-1.33023e+11	9.38818e+09	-1.72212e+10	1.69584e+11	-1.80712e+11
3.05e-10	7.74217e+11	8.19044e+11	-4.18186e+09	3.07472e+11	-2.64724e+11	4.39686e+11	7.38047e+10	5.18751e+10	3.14049e+11	-2.6306e+09	-7.37841e+10	-9.53772e+10	-1.43213e+10	1.50366e+10	-8.12088e+10
3.1e-10	4.88599e+11	3.94927e+11	3.45169e+11	4.45668e+11	-1.10308e+11	7.31704e+11	8.0843e+10	-1.45312e+11	2.09805e+11	5.07327e+10	-3.86603e+11	1.1932e+10	-1.59946e+10	8.37395e+10	6.62737e+10
3.15e-10	7.67002e+11	6.77779e+11	2.59498e+11	3.64873e+11	-4.01374e+11	4.73015e+11	1.03179e+11	-1.9307e+11	1.65454e+11	2.03199e+10	-9.08092e+10	2.58289e+11	-3.74721e+09	-2.08445e+11	1.74644e+11
3.2e-10	7.97201e+11	5.63835e+11	6.38244e+11	2.98447e+11	-2.58156e+11	5.01521e+11	1.64779e+11	-2.94489e+11	3.30587e+11	2.58311e+10	-1.35739e+11	9.32879e+08	-1.09896e+10	1.62744e+11	6.8393e+09
3.25e-10	7.85682e+11	5.17217e+11	5.66849e+11	2.33275e+11	-2.20298e+11	3.63444e+11	1.39228e+11	-3.14308e+11	2.16972e+11	9.39268e+08	-8.90936e+10	1.40503e+11	-8.45006e+09	1.73597e+10	1.7356e+11
3.3e-10	7.71727e+11	6.87576e+11	3.45464e+11	3.44398e+11	-5.83215e+11	4.23096e+11	1.36725e+11	-3.69907e+11	2.47786e+11	-2.30449e+10	5.79211e+10	4.38189e+10	4.49445e+08	-1.41123e+11	-8.50116e+10
3.35e-10	6.60074e+11	2.98338e+11	5.96342e+11	3.15589e+11	-6.44319e+11	7.53486e+09	1.261e+11	-3.05965e+11	1.97503e+11	-1.39252e+09	4.82559e+10	-1.56117e+11	-3.34915e+09	1.64284e+10	-5.5447e+10
3.4e-10	7.68435e+11	5.63929e+11	5.43539e+11	4.09296e+11	-5.07682e+11	5.15124e+11	8.04778e+10	-1.89861e+11	1.44837e+11	1.88316e+10	-1.13397e+11	-1.3108e+11	8.75454e+09	-2.76064e+11	-1.39143e+11
3.45e-10	6.88513e+11	4.42334e+11	4.51269e+11	3.42371e+11	-4.96812e+11	4.15955e+11	1.38788e+11	-3.157e+11	2.68163e+11	6.6507e+10	-5.29617e+11	-1.74595e+11	-2.07531e+10	1.57468e+11	1.64527e+11
3.5e-10	6.22913e+11	2.23504e+11	6.12463e+11	3.49541e+11	-4.75272e+11	3.80477e+11	1.21752e+11	-3.54225e+11	3.61042e+11	5.97564e+10	-4.35159e+11	-5.66571e+10	7.10833e+09	-2.74068e+11	-5.14272e+10
3.55e-10	7.11379e+11	4.42117e+11	4.81994e+11	2.63214e+11	-4.07237e+11	1.76734e+11	5.14032e+10	-1.76052e+11	1.11081e+11	5.24178e+10	-3.76584e+11	1.55175e+10	-1.96431e+10	2.75089e+11	4.60769e+10
3.6e-10	4.87639e+11	2.155e+11	5.41034e+11	2.92782e+11	-3.29436e+11	5.09683e+11	9.12619e+10	-2.50859e+11	-6.07877e+10	7.55706e+09	3.23417e+10	-1.12753e+11	-1.25156e+10	4.12499e+09	5.67869e+10
3.65e-10	4.73053e+11	1.70653e+11	4.6518e+11	2.38673e+11	-4.65125e+11	4.24107e+10	1.60116e+11	-4.49039e+11	-9.74938e+10	-1.99328e+09	-2.15439e+11	9.25827e+10	8.8715e+09	-2.24892e+11	-1.75466e+11
3.7e-10	5.19761e+11	2.17605e+11	5.11718e+11	2.78013e+11	-5.16275e+11	-1.14867e+11	9.52026e+10	-2.8931e+11	1.53508e+10	4.98161e+10	-1.48702e+11	-4.04478e+11	-4.05053e+09	-1.07575e+11	-2.67834e+11
3.75e-10	5.5068e+11	1.22951e+11	6.24678e+11	4.10266e+11	-7.50977e+11	3.89352e+10	1.50398e+11	-2.62388e+11	-4.83878e+11	5.11503e+10	-3.84534e+11	-2.34469e+11	-1.00607e+10	1.44809e+11	1.50749e+11
3.8e-10	7.75921e+11	-2.35923e+11	8.37302e+11	3.33083e+11	-7.07818e+11	2.80028e+10	1.90015e+11	-6.66076e+11	5.08307e+10	-1.22854e+10	1.23438e+11	-8.20374e+10	1.59621e+10	-4.04989e+10	-2.54796e+11
3.85e-10	7.69974e+11	-2.62465e+11	7.73063e+11	2.77083e+11	-5.0343e+11	3.01189e+10	1.26559e+11	-3.58875e+11	-5.81426e+10	3.78396e+10	-8.74461e+10	-3.04034e+11	1.19838e+10	1.61494e+11	-1.25123e+11
3.9e-10	6.78291e+11	-9.85289e+10	6.71314e+11	2.78777e+11	-4.7567e+11	4.57726e+10	1.75599e+11	-5.5007e+11	-1.64381e+11	-1.95728e+10	3.6425e+11	-4.64959e+10	5.64897e+09	1.13457e+11	-1.51866e+11
3.95e-10	5.48573e+11	-3.45766e+11	4.66128e+11	3.75941e+11	-7.4462e+11	-1.0566e+09	1.49506e+11	-4.04881e+11	-2.75962e+11	-6.37148e+09	2.5939e+11	-9.21598e+10	-2.29125e+10	2.47909e+11	1.14324e+11
4e-10	5.44874e+11	-3.30688e+11	4.80329e+11	3.96759e+11	-6.49544e+11	-3.48613e+11	1.80638e+11	-5.08815e+11	-3.27662e+11	-2.21682e+09	4.1629e+10	-5.2613e+10	-1.52126e+10	6.04018e+10	1.70869e+11
4.05e-10	6.94622e+11	-4.87179e+11	6.41711e+11	3.17735e+11	-4.78032e+11	-3.43842e+11	1.18456e+11	-3.00032e+11	-1.66361e+11	1.3449e+10	1.79569e+11	-4.62865e+10	-1.85835e+10	-8.14663e+10	7.63789e+10
4.1e-10	5.25292e+11	-4.6146e+11	3.26342e+11	3.02872e+11	-3.86172e+11	-4.40529e+11	1.64671e+11	-3.91472e+11	-2.66158e+11	-7.93489e+09	-1.74782e+11	1.67736e+10	8.26706e+09	2.49152e+11	1.06711e+11
4.15e-10	6.10635e+11	-6.78767e+11	2.33099e+11	4.36593e+11	-5.85062e+11	-4.80723e+11	4.93462e+10	-7.78505e+10	-1.2715e+11	5.25583e+10	1.15969e+11	-3.97557e+11	8.06942e+09	1.65949e+11	-3.91755e+10
4.2e-10	5.90402e+11	-6.58733e+11	3.54352e+11	3.33924e+11	-3.39204e+11	-5.16982e+11	1.97143e+10	-2.53716e+11	-1.14049e+11	-1.65361e+09	8.42033e+10	-4.70371e+10	2.73226e+10	1.66104e+10	-2.49517e+11
4.25e-10	5.32524e+11	-8.00393e+11	-1.60777e+10	2.63457e+11	-3.81091e+11	-4.12798e+11	1.18771e+11	4.10355e+10	-4.08736e+11	7.41146e+09	4.55177e+10	-7.24038e+10	-1.95908e+10	2.38981e+10	5.90927e+10
4.3e-10	4.31754e+11	-5.12818e+11	-2.60164e+09	2.63624e+11	-2.36388e+11	-5.1404e+11	1.29074e+11	1.53456e+11	-4.24019e+11	3.61942e+10	2.22292e+11	-3.2249e+11	1.74461e+10	2.21116e+11	9.97565e+10
4.35e-10	5.51647e+11	-6.27049e+11	2.47119e+11	2.63445e+11	-1.71856e+11	-4.76985e+11	1.56888e+11	2.41964e+11	-3.99988e+11	-6.58e+09	1.69962e+10	8.36855e+10	1.01595e+10	2.42043e+11	1.51717e+11
4.4e-10	5.22548e+11	-6.30698e+11	6.03914e+10	1.48894e+11	-1.73291e+11	-2.77118e+11	1.23144e+11	-1.77848e+10	-3.81706e+11	4.54419e+09	1.71719e+10	-7.50718e+10	-5.01588e+09	1.96574e+11	-1.01363e+11
4.45e-10	9.14466e+11	-1.00333e+12	3.69368e+11	1.73643e+11	3.29934e+10	-3.98783e+11	7.47701e+10	7.21463e+10	-3.12191e+11	5.56016e+10	1.65302e+11	-4.8048e+11	3.79913e+09	3.49561e+10	-2.66564e+11
4.5e-10	3.91003e+11	-4.83319e+11	1.54292e+11	2.38414e+11	5.71146e+09	-4.6076e+11	1.13711e+11	2.68405e+11	-3.46083e+11	3.57962e+10	2.52504e+11	-6.91038e+10	1.41149e+10	-3.13267e+09	-2.11343e+11
4.55e-10	5.42197e+11	-5.34237e+11	-2.0936e+11	4.37547e+11	6.52589e+10	-8.06566e+11	1.23236e+11	2.1541e+11	-2.54638e+11	3.1865e+10	2.98934e+11	1.33203e+10	5.8002e+07	-4.32648e+09	-1.57139e+11
4.6e-10	6.67042e+11	-7.1493e+11	-7.33885e+09	2.11614e+11	1.20737e+11	-4.46408e+11	1.53329e+11	6.63563e+10	-6.18014e+11	7.85572e+09	2.10588e+10	-2.01286e+11	1.07406e+10	-1.30694e+11	8.18618e+10
4.65e-10	5.68276e+11	-6.19984e+11	1.27436e+11	3.94292e+11	4.83339e+10	-6.60094e+11	1.4032e+11	2.29636e+11	-3.81039e+11	7.22408e+10	3.93804e+11	1.90658e+11	-1.01268e+10	2.28276e+11	-2.7722e+11
4.7e-10	5.90872e+11	-5.9233e+11	3.60218e+10	3.4799e+11	1.4434e+11	-6.51916e+11	1.00658e+11	1.38092e+11	-3.29566e+11	2.21454e+10	2.67535e+11	2.6578e+11	-1.19895e+10	-1.0933e+11	1.66441e+10
4.75e-10	5.60941e+11	-5.60535e+11	-9.2873e+10	3.89754e+11	4.41793e+11	-5.8364e+11	1.05374e+11	1.19576e+11	-4.11387e+11	1.51682e+10	1.26856e+11	-1.68347e+11	-2.20617e+09	8.10815e+10	1.8516e+11
4.8e-10	6.81924e+11	-5.77004e+11	-3.62512e+11	2.77915e+11	3.07223e+11	-4.0885e+11	1.99765e+11	4.11227e+11	-4.02125e+11	1.53921e+10	-3.46396e+10	2.11635e+11	5.16656e+09	1.88808e+11	-3.52395e+10
4.85e-10	4.81747e+11	-4.62739e+11	-3.53085e+11	2.51653e+11	1.74667e+11	-3.55346e+11	1.52087e+11	2.89652e+11	-3.43068e+11	1.70963e+10	1.53e+11	1.14725e+11	-6.56579e+09	8.88805e+10	-1.53939e+10
4.9e-10	6.7506e+11	-6.91756e+11	-3.62073e+11	2.93574e+11	2.56153e+11	-4.31381e+11	1.25934e+11	2.63601e+11	-3.29855e+11	1.1469e+09	8.82491e+10	3.48655e+10	3.72646e+09	4.14761e+11	2.95093e+11
4.95e-10	4.47838e+11	-3.24086e+11	-3.8633e+11	4.35078e+11	5.43057e+11	-5.7025e+11	1.49054e+11	3.1342e+11	-3.28545e+11	1.66263e+10	2.15334e+11	-8.35905e+10	8.23959e+09	-5.63003e+10	2.79175e+11
5e-10	7.02821e+11	-5.93324e+11	-5.09824e+11	3.46846e+11	2.38545e+11	-5.59324e+11	6.60101e+10	1.7464e+11	-2.48407e+10	7.5298e+09	1.6939e+11	8.05168e+10	-1.40609e+10	-2.80155e+09	-9.7583e+10
5.05e-10	5.86115e+11	-5.42081e+11	-3.85813e+11	4.18637e+11	5.71492e+11	-4.3166e+11	2.24494e+10	6.58943e+10	-1.6133e+11	2.43847e+10	2.97252e+11	1.11378e+11	-5.73595e+09	-7.34755e+10	-3.83388e+10
5.1e-10	7.32104e+11	-4.04904e+11	-6.704e+11	3.35612e+11	3.33078e+11	-4.61907e+11	4.75739e+10	2.06412e+11	-2.97428e+10	-1.38672e+10	-1.38644e+11	1.64426e+11	-5.25944e+09	-2.19096e+10	1.12279e+11
5.15e-10	8.43569e+11	-5.01214e+11	-6.42864e+11	4.29022e+11	4.9477e+11	-5.44369e+11	9.49868e+10	2.90944e+11	-6.54741e+10	2.0272e+10	5.05598e+10	2.11515e+11	-3.85215e+09	8.50156e+10	2.67274e+11
5.2e-10	5.47837e+11	-3.91802e+11	-4.9242e+11	2.63068e+11	2.98854e+11	-4.08008e+11	1.47031e+11	4.36843e+11	-3.50724e+10	2.61237e+10	1.53511e+11	1.08965e+11	1.22924e+10	1.71255e+10	1.5235e+11
5.25e-10	4.60579e+11	-1.13973e+11	-5.53423e+11	3.58157e+11	6.00216e+11	-2.06068e+11	1.97083e+11	5.42528e+11	1.01356e+11	4.38613e+10	2.35565e+11	1.32804e+11	3.61362e+09	-7.3581e+10	9.87063e+10
5.3e-10	5.25689e+11	-3.15841e+11	-4.59759e+11	3.03077e+11	4.29405e+11	-3.72446e+11	6.2457e+10	2.22831e+11	2.15941e+11	4.26919e+10	1.19994e+11	2.4871e+11	1.19787e+10	-2.60678e+10	2.01569e+11
5.35e-10	6.1618e+11	-1.96689e+11	-6.38659e+11	3.3886e+11	5.98768e+11	-1.6493e+11	8.36185e+10	2.24338e+11	3.72951e+11	2.63455e+10	2.01859e+11	1.37183e+11	-1.98181e+09	1.66347e+11	4.74417e+10
5.4e-10	3.85911e+11	9.89476e+10	-4.35345e+11	3.19511e+11	5.17564e+11	-2.71028e+11	1.61105e+11	5.63139e+11	9.96305e+10	9.55253e+09	1.14183e+11	1.29528e+11	8.30786e+09	6.19167e+09	3.31507e+11
5.45e-10	6.49995e+11	-4.21944e+11	-7.4995e+11	1.72501e+11	3.57382e+11	7.8536e+10	1.89205e+11	5.65211e+11	3.86878e+10	1.02868e+10	1.02707e+11	7.48156e+10	9.29375e+09	2.15451e+10	6.57664e+10
5.5e-10	7.55502e+11	2.08259e+11	-8.526e+11	2.71172e+11	5.06246e+11	-1.53508e+11	1.24312e+11	3.21372e+11	2.98749e+11	4.68366e+10	-1.12824e+11	3.83994e+11	-1.94128e+10	1.56745e+10	-1.87846e+11
5.55e-10	5.43054e+11	-2.06195e+11	-6.73972e+11	4.01548e+11	6.89994e+11	1.05248e+10	1.32478e+11	3.50106e+11	2.66529e+11	6.36558e+09	9.28243e+10	3.24727e+10	-4.77927e+09	-7.42807e+10	-2.34918e+10
5.6e-10	7.56911e+11	1.34699e+11	-7.31318e+11	2.54912e+11	4.25054e+11	-4.8932e+10	1.34996e+11	4.51133e+11	1.63557e+11	1.81347e+10	1.07603e+11	1.27658e+11	2.05097e+10	-1.5984e+11	1.41285e+11
5.65e-10	4.05813e+11	3.17834e+10	-4.87192e+11	3.78021e+11	6.2774e+11	1.08084e+11	6.49335e+10	1.37306e+11	1.8199e+11	6.02547e+09	-8.15215e+10	1.23352e+11	1.56421e+10	6.56523e+10	2.61573e+11
5.7e-10	5.94082e+11	3.87515e+11	-5.73447e+11	2.73362e+11	5.06707e+11	6.3202e+10	1.44597e+11	3.84595e+11	2.43169e+11	3.30443e+10	-1.43498e+11	2.49466e+11	6.37702e+09	-2.908e+11	1.56291e+11
5.75e-10	5.21501e+11	4.30094e+11	-5.07013e+11	2.38519e+11	4.82721e+11	1.12256e+11	1.4934e+11	2.2023e+11	3.63948e+11	1.21941e+10	5.7171e+10	1.61474e+11	2.53025e+08	-7.36052e+09	-1.98738e+11
5.8e-10	5.26309e+11	5.1252e+11	-4.55225e+11	2.45324e+11	3.87656e+11	2.81985e+11	1.46521e+11	2.83661e+11	3.79519e+11	3.76915e+10	-7.85726e+10	2.28509e+11	-5.4018e+09	1.0462e+11	-3.35288e+10
5.85e-10	6.04473e+11	4.31523e+11	-6.34572e+11	2.75456e+11	3.94984e+11	3.01168e+11	1.89e+11	4.9792e+11	4.31414e+11	2.25515e+10	-1.08672e+11	1.73488e+11	-4.96274e+09	-4.13146e+10	-3.38662e+10
5.9e-10	5.62332e+11	5.58167e+11	-4.27549e+11	2.01735e+11	2.41293e+11	4.05911e+11	1.49258e+11	2.32996e+11	4.57263e+11	1.44245e+10	-1.51206e+10	1.41656e+11	-1.20355e+09	-1.53279e+11	-7.91729e+10
5.95e-10	6.23062e+11	4.9713e+11	-3.82783e+11	6.66481e+10	7.80591e+10	1.76634e+11	1.22417e+11	1.96476e+11	3.77086e+11	6.72099e+08	-2.55059e+11	3.62756e+10	8.68989e+08	-1.76304e+11	-2.75121e+10
6e-10	5.99227e+11	5.49862e+11	-4.60372e+11	2.34673e+11	4.19882e+11	3.09283e+11	1.67328e+11	1.41778e+11	4.03939e+11	-9.50505e+09	-4.35051e+10	-6.74081e+10	-1.92569e+10	-1.64531e+11	-3.26812e+11
6.05e-10	4.75519e+11	3.8401e+11	-3.5144e+11	2.42208e+11	3.10296e+11	2.93075e+11	1.19517e+11	3.66373e+11	3.99695e+11	1.56519e+10	6.18157e+10	2.26506e+11	4.16052e+08	-4.94886e+10	4.36606e+10
6.1e-10	5.13391e+11	4.65361e+11	-2.26498e+11	2.65516e+11	1.95159e+11	4.57142e+11	1.11932e+11	1.90182e+11	3.87255e+11	-7.03588e+08	1.22942e+11	1.23246e+11	2.14903e+09	-1.10081e+11	9.65592e+10
6.15e-10	6.28685e+11	6.66235e+11	-3.25683e+11	4.39515e+11	1.66088e+11	7.80609e+11	1.9071e+11	-1.55702e+11	5.73972e+11	-3.8324e+09	1.07154e+11	9.1291e+10	-2.89058e+08	-7.06583e+10	-1.0322e+11
6.2e-10	5.58059e+11	6.57118e+11	-1.46261e+11	2.90993e+11	1.99859e+10	5.2409e+11	2.17062e+10	-6.16654e+10	1.09481e+11	3.77906e+10	-2.87468e+11	2.04184e+11	1.81855e+08	-6.96798e+10	5.43726e+10
6.25e-10	5.27007e+11	6.123e+11	-6.24682e+10	3.74316e+11	1.99659e+11	7.26963e+11	2.07989e+11	1.89511e+10	5.00225e+11	1.99074e+10	-2.91962e+11	-6.76821e+10	1.46468e+10	-2.94281e+11	2.11477e+10
6.3e-10	4.25821e+11	5.77766e+11	-1.62029e+11	2.53429e+11	2.16413e+11	5.2131e+11	1.69905e+11	-3.20706e+11	3.88837e+11	1.55522e+10	-1.84662e+11	1.10452e+11	3.45237e+10	-3.56897e+11	-2.15098e+11
6.35e-10	6.03271e+11	7.82688e+11	6.19746e+10	2.83738e+11	-2.39707e+10	5.53818e+11	2.42556e+10	-1.68519e+11	-1.55456e+10	2.86699e+10	-2.29122e+11	3.18561e+11	1.27506e+10	-1.61966e+11	-6.01319e+08
6.4e-10	5.38711e+11	5.75479e+11	1.10801e+11	3.53975e+11	-1.63706e+11	7.43764e+11	1.25406e+11	2.04693e+10	4.59015e+11	9.72933e+08	-2.41282e+10	8.68025e+10	-5.91795e+09	-8.14165e+10	1.97234e+11
6.45e-10	4.73271e+11	5.71253e+11	7.30211e+10	2.20148e+11	-4.34999e+10	4.33326e+11	1.7602e+10	-3.72438e+11	-5.32335e+10	-1.13606e+10	-7.06691e+10	-2.60643e+11	-8.54437e+09	3.7992e+10	8.12926e+10
6.5e-10	6.69912e+11	8.12482e+11	1.64754e+11	2.24613e+11	-1.8718e+11	4.30455e+11	1.20664e+11	-3.50611e+11	3.3489e+11	1.13275e+10	-2.10099e+11	-7.76191e+10	-9.2716e+09	1.65103e+10	-3.96696e+11
6.55e-10	4.6336e+11	4.90287e+11	3.2294e+11	2.32716e+11	-3.37757e+11	3.69406e+11	8.63216e+10	-2.00997e+11	1.96167e+11	3.45672e+10	-2.31977e+11	5.68122e+10	-3.80852e+09	-1.0211e+11	-2.60334e+11
6.6e-10	7.30584e+11	6.7407e+11	3.75855e+11	2.77057e+11	-3.41112e+11	4.37824e+11	1.76865e+11	-3.37316e+11	3.3411e+11	3.64674e+10	-2.81165e+11	-1.6847e+11	1.61256e+09	1.19919e+11	-6.98286e+10
6.65e-10	5.29824e+11	5.65492e+11	2.24919e+11	3.32911e+11	-4.33295e+11	5.2281e+11	1.0086e+11	-1.83129e+11	2.25663e+11	2.65609e+10	-1.55893e+11	-1.21269e+11	1.54859e+10	-1.87071e+11	-6.15083e+10
6.7e-10	4.55702e+11	2.91926e+11	3.82665e+11	1.86173e+11	-1.21634e+11	3.76678e+11	1.71125e+11	-2.51108e+11	6.30578e+11	3.03798e+10	-2.31239e+11	7.22782e+10	-5.48013e+09	-3.89696e+10	4.61525e+10
6.75e-10	6.29469e+11	4.60664e+11	4.9195e+11	2.27462e+11	-2.6546e+11	3.00904e+11	1.12151e+11	-3.68118e+11	1.29324e+11	5.08024e+10	-2.20801e+11	-3.75241e+11	-2.13886e+10	9.90617e+10	1.55294e+11
6.8e-10	6.83308e+11	4.71588e+11	5.16111e+11	1.3476e+11	-1.82357e+11	2.30142e+11	8.96399e+10	-2.54932e+11	1.90686e+11	7.28513e+09	1.27811e+10	-9.8466e+10	-1.32081e+10	1.86595e+11	-7.35332e+10
6.85e-10	5.09989e+11	4.02517e+11	3.79558e+11	2.99834e+11	-4.27247e+11	3.04501e+11	1.8629e+11	-4.82433e+11	2.91148e+10	4.46824e+10	-2.46752e+11	-2.55094e+11	-1.12033e+10	2.57394e+11	-3.3093e+10
6.9e-10	7.10362e+11	4.1399e+11	5.12964e+11	2.37082e+11	-3.60324e+11	3.22087e+11	1.6258e+11	-5.33745e+11	-7.28274e+10	5.98403e+09	-1.39701e+10	-1.0703e+11	5.99483e+08	5.7907e+10	-9.79607e+10
6.95e-10	5.44812e+11	3.15497e+11	5.24683e+11	1.68001e+11	-1.43754e+11	3.81179e+11	1.51477e+11	-4.32194e+11	1.5806e+11	4.35339e+10	-3.10649e+11	-9.57343e+10	3.44769e+10	2.42624e+09	-3.0036e+11
7e-10	5.25398e+11	3.72609e+11	4.89512e+11	3.00467e+11	-5.60532e+11	4.77354e+10	1.18874e+11	-2.72283e+11	-3.62539e+11	7.7091e+09	-1.73312e+11	9.70795e+09	-1.18087e+10	-7.69919e+10	8.28496e+10
7.05e-10	4.70049e+11	1.26773e+10	4.95226e+11	1.84215e+11	-3.45656e+11	9.91838e+10	1.04179e+11	-3.40946e+11	1.13453e+11	2.24876e+10	-2.41199e+10	-2.27407e+11	-8.86626e+09	5.68594e+10	5.08017e+10
7.1e-10	6.41666e+11	-3.03403e+10	6.42025e+11	2.47762e+11	-4.95809e+11	1.94123e+11	1.895e+11	-4.14799e+11	-2.42991e+11	3.22257e+10	-4.58106e+10	-3.52773e+11	1.5409e+10	-1.00867e+10	-1.30562e+11
7.15e-10	6.45065e+11	1.79026e+11	7.07115e+11	2.0883e+11	-4.22251e+11	1.24248e+10	6.26197e+10	-2.13809e+11	-5.70683e+10	4.08935e+10	-1.56726e+11	-2.46244e+11	-3.46306e+09	7.65436e+10	1.03664e+11
7.2e-10	6.09524e+11	-2.06134e+11	6.19426e+11	2.74161e+11	-5.34876e+11	-7.03882e+10	9.93566e+10	-3.1477e+11	-4.03097e+10	4.80729e+09	2.65514e+11	-2.50176e+11	-1.35968e+10	2.49077e+11	1.0033e+11
7.25e-10	7.65334e+11	1.23265e+11	7.96015e+11	2.92704e+11	-4.98348e+11	-1.49767e+11	6.32003e+10	-3.34272e+11	9.89416e+10	-4.77633e+08	1.56361e+11	-8.65797e+10	-7.321e+09	-3.93056e+10	5.27121e+10
7.3e-10	5.86682e+11	-2.89358e+11	4.98182e+11	2.06689e+11	-3.57785e+11	-1.60512e+10	1.04471e+11	-1.47787e+11	-4.32596e+11	-2.65228e+10	3.60639e+10	4.96227e+10	2.57248e+09	-1.571e+11	-2.17108e+11
7.35e-10	6.57807e+11	8.50656e+10	6.79114e+11	3.61305e+11	-6.99756e+11	2.12525e+09	7.50165e+10	-1.72543e+11	-1.54231e+11	9.63425e+09	2.77124e+10	-1.93667e+11	2.25509e+09	5.57668e+09	-1.36385e+11
7.4e-10	5.3472e+11	-2.47037e+11	4.67854e+11	3.17889e+11	-5.43559e+11	-3.80004e+11	2.0848e+11	-6.2659e+11	-8.80165e+10	4.44215e+10	-6.22209e+10	-3.14168e+11	7.08002e+09	9.40502e+10	1.91249e+10
7.45e-10	4.7958e+11	-6.66597e+10	5.18459e+11	4.01807e+11	-5.68544e+11	-3.74588e+11	1.13648e+11	-1.97307e+11	-3.01611e+11	2.92438e+10	-1.15621e+10	-1.70772e+11	-1.51172e+10	-1.01058e+11	-2.81229e+10
7.5e-10	4.85472e+11	-2.68019e+11	4.69394e+11	3.26996e+11	-5.08653e+11	-2.57077e+11	1.59635e+09	6.40742e+08	-3.24551e+10	3.61193e+10	-3.12274e+10	-3.08228e+11	-3.16479e+10	-1.44859e+11	1.06478e+11
7.55e-10	7.74752e+11	-3.0885e+11	6.10709e+11	3.5223e+11	-6.35018e+11	-1.76193e+11	1.32963e+11	-1.02838e+11	-4.69295e+11	4.85817e+10	1.42092e+11	-3.48969e+11	1.45252e+10	6.15485e+10	-2.1821e+11
7.6e-10	6.60089e+11	-5.67802e+11	4.35969e+11	2.98762e+11	-4.28693e+11	-3.26394e+11	2.02556e+11	-3.82826e+11	-5.05763e+11	2.29611e+10	2.64513e+11	-6.91605e+10	-7.52884e+09	1.84058e+11	1.12359e+09
7.65e-10	6.55783e+11	-5.34718e+11	4.66515e+11	3.69176e+11	-2.1485e+11	-5.62458e+11	1.56217e+11	2.26497e+11	-6.21932e+11	-4.11222e+08	2.16493e+11	3.41195e+10	-3.06855e+10	-2.56313e+11	6.81603e+10
7.7e-10	5.6608e+11	-6.55399e+11	1.42718e+11	3.22295e+11	-2.60534e+11	-4.28344e+11	1.50188e+11	-1.52855e+11	-4.1744e+11	4.34531e+10	2.64615e+11	-1.59583e+11	-1.93274e+10	-1.32638e+11	1.5158e+11
7.75e-10	5.45276e+11	-5.89456e+11	1.38423e+11	3.08994e+11	-2.00594e+11	-5.36115e+11	2.79865e+11	-1.33885e+11	-6.66687e+11	3.2219e+10	2.22121e+11	-2.26068e+10	1.2342e+10	1.92279e+11	-4.67443e+10
7.8e-10	7.03301e+11	-7.66417e+11	1.4608e+11	2.55654e+11	-2.53673e+11	-3.9582e+11	1.07665e+11	1.77256e+11	-2.84242e+11	2.10608e+10	2.21278e+11	-1.66416e+11	1.16524e+10	7.12127e+10	-3.04121e+10
7.85e-10	5.22849e+11	-5.43896e+11	-2.72708e+10	2.54132e+11	-5.99659e+10	-4.32565e+11	1.9469e+11	-1.64634e+11	-4.93101e+11	4.3434e+10	1.91179e+11	-7.92095e+10	8.85686e+09	7.73586e+10	-3.26249e+11
7.9e-10	7.88862e+11	-7.64975e+11	7.9987e+10	2.80555e+11	1.98119e+10	-5.31819e+11	2.37415e+11	5.27089e+10	-7.61139e+11	2.83082e+10	1.97829e+11	-1.58251e+11	-7.00875e+09	-5.55389e+10	-5.41982e+10
7.95e-10	5.51329e+11	-5.4642e+11	1.43211e+11	4.30563e+11	-1.15818e+11	-8.10925e+11	9.25542e+10	2.0575e+11	-3.07943e+11	3.52805e+10	2.35829e+10	-3.21935e+11	-6.83606e+09	-5.85784e+10	-7.00731e+10
8e-10	5.5824e+11	-5.62048e+11	-5.44702e+10	3.43291e+11	-1.75064e+10	-5.68144e+11	4.10863e+10	1.04057e+11	-1.49004e+11	4.28308e+10	1.99982e+11	-1.36028e+11	-1.06316e+09	6.22404e+10	-3.9566e+10
