Mon Oct 14 15:58:16 2024

<base> : Rectangle : 0m, 0m, 0m; 800nm, 20nm, 8nm. Cells : 200, 5, 2. Cellsize : 4nm, 4nm, 4nm
<supermesh> : Rectangle : 0m, 0m, 0m; 800nm, 20nm, 8nm. Cells : 160, 4, 2. Cellsize : 5nm, 5nm, 4nm

Saved data (dataname (unit) <meshname> (cells_rectangle)) : 

time (s)	<mxdmdt> (1/s) <base> (250nm, 0m, 0m; 260nm, 20nm, 8nm)			<mxdmdt> (1/s) <base> (350nm, 0m, 0m; 360nm, 20nm, 8nm)			<mxdmdt> (1/s) <base> (450nm, 0m, 0m; 460nm, 20nm, 8nm)			<mxdmdt> (1/s) <base> (550nm, 0m, 0m; 560nm, 20nm, 8nm)			

0	-4.4577	-914.958	-7.39095	28.7261	1122.03	-537.342	-5.20888	-594.993	726.367	-0.738833	241.384	-2673.62
1e-15	1.60601e+08	5.10827e+08	2.49085e+09	9.54579e+07	1.00877e+09	-2.98803e+08	9.97079e+07	1.91441e+09	6.58014e+08	2.12184e+08	-2.35111e+09	6.37536e+08
4.751e-12	2.76737e+07	-9.11111e+07	5.27331e+08	2.60616e+07	-1.34515e+07	-2.00419e+08	1.1764e+07	-5.71708e+07	-5.60769e+08	2.95413e+07	3.84786e+08	5.69604e+08
9.751e-12	1.72063e+07	2.57635e+08	4.48358e+07	2.10499e+07	-2.46257e+07	-1.63038e+08	2.17128e+07	-4.13444e+07	-1.38717e+08	1.84442e+07	4.09729e+08	7.27928e+07
1.4751e-11	2.73107e+07	-2.1645e+08	2.03059e+08	1.98064e+07	-5.07529e+08	-2.14734e+08	2.44945e+07	-4.33931e+08	-1.53422e+08	1.74646e+07	9.17438e+07	-4.51507e+08
1.9751e-11	3.00665e+07	-1.95535e+08	1.22894e+08	2.41466e+07	6.90128e+06	2.99362e+08	2.3537e+07	3.34183e+08	-2.60163e+08	2.78561e+07	1.86104e+07	1.15221e+08
2.4751e-11	3.16889e+07	1.73473e+08	-2.15334e+08	2.17508e+07	7.45257e+07	-3.68869e+08	1.79566e+07	-1.31579e+07	3.2003e+08	1.81981e+07	-2.8726e+07	1.80141e+08
2.9751e-11	2.84368e+07	1.25613e+08	1.24502e+08	1.54543e+07	-1.50253e+07	-2.72516e+07	1.76221e+07	-4.16214e+08	1.74233e+07	1.70452e+07	4.21721e+08	-1.19829e+08
3.4751e-11	1.89981e+07	-3.01211e+08	2.06053e+08	3.1426e+07	-2.16085e+08	-1.82918e+08	2.1489e+07	3.11098e+08	-6.92275e+07	1.99914e+07	2.56278e+07	-2.45192e+08
3.9751e-11	1.80062e+07	1.6052e+07	-1.71876e+08	2.45329e+07	-2.32816e+08	-3.15272e+08	2.32814e+07	-5.23061e+08	7.315e+07	2.78402e+07	-3.71272e+08	1.71491e+06
4.4751e-11	2.12391e+07	4.47309e+06	-1.90759e+08	1.21955e+07	1.49913e+07	-2.05091e+08	1.90193e+07	-3.68794e+08	-1.8759e+08	2.15299e+07	-3.88488e+08	2.4977e+08
4.9751e-11	2.51066e+07	1.76673e+08	7.46061e+07	2.29548e+07	-4.29203e+08	6.89241e+08	2.13996e+07	-7.95922e+07	-2.27069e+08	2.56435e+07	-1.5736e+08	-1.35921e+08
5.4751e-11	2.88835e+07	-4.55183e+07	2.98248e+08	2.84281e+07	-5.54254e+08	3.31722e+08	2.35847e+07	5.73623e+07	-3.10589e+08	3.23526e+07	1.68938e+08	-6.39268e+07
5.9751e-11	1.93082e+07	4.15815e+08	2.44534e+08	2.82272e+07	-1.39154e+08	1.0082e+08	1.78706e+07	1.98123e+08	1.88642e+08	1.90799e+07	4.84304e+08	2.71362e+06
6.4751e-11	2.53657e+07	6.16187e+07	8.23861e+07	2.24705e+07	-2.57058e+08	-6.07707e+07	2.97583e+07	2.17432e+08	6.65908e+07	2.42631e+07	-3.78262e+08	2.32474e+08
6.9751e-11	2.59402e+07	-3.97457e+07	-3.70383e+07	1.59123e+07	8.26545e+07	-1.1461e+08	2.07654e+07	9.20148e+07	6.39305e+07	2.7708e+07	5.17751e+08	2.7756e+08
7.4751e-11	1.66757e+07	-1.69568e+08	-3.29337e+08	1.4291e+07	-2.54467e+08	-1.07835e+08	2.00388e+07	-5.65793e+07	-8.30762e+07	2.18348e+07	-9.90724e+07	-3.58125e+08
7.9751e-11	2.74615e+07	-1.15334e+09	790187	1.56505e+07	-2.57548e+08	2.34561e+08	2.20673e+07	2.08413e+08	-5.01365e+07	2.42466e+07	1.14179e+08	5.88142e+07
8.4751e-11	1.93007e+07	1.2179e+08	9.55491e+06	2.01095e+07	2.21742e+08	-7.42434e+07	1.51991e+07	3.57917e+07	-1.48902e+08	2.10966e+07	-1.99221e+08	-2.00723e+08
8.9751e-11	1.36398e+07	4.95547e+06	1.37364e+08	1.43452e+07	-3.66414e+08	1.86829e+08	2.5977e+07	-8.97666e+07	-1.39216e+07	1.85624e+07	-3.68604e+08	-1.32369e+07
9.4751e-11	2.90412e+07	2.61722e+07	-3.0271e+08	2.10256e+07	-3.20677e+08	1.17535e+07	1.73266e+07	-5.29011e+07	2.6375e+07	2.24277e+07	1.29127e+08	1.33999e+08
9.9751e-11	1.63349e+07	2.72667e+08	-7.41152e+07	2.32791e+07	2.99409e+08	3.67953e+08	1.91786e+07	-7.78442e+07	-1.41172e+07	2.21615e+07	2.86266e+08	-2.25471e+08
1.04751e-10	2.72688e+07	-3.75409e+08	-1.45423e+07	2.71449e+07	1.99491e+07	2.48668e+08	1.78033e+07	-1.95075e+08	1.40374e+08	2.33168e+07	2.24399e+08	-1.67106e+08
1.09751e-10	2.06096e+07	-1.55252e+08	9.84319e+06	2.24636e+07	-6.48965e+07	6.22286e+07	1.54154e+07	1.47663e+08	-1.87571e+07	1.74136e+07	1.40117e+08	-9.70489e+07
1.14751e-10	1.7542e+07	2.27465e+08	3.82734e+08	2.13354e+07	-3.11739e+07	-1.57236e+08	1.96333e+07	1.30082e+08	1.67112e+08	1.71188e+07	-2.49734e+07	-1.00373e+07
1.19751e-10	3.63913e+07	4.50261e+08	-4.28772e+08	2.24458e+07	-1.0207e+08	2.68756e+08	1.71239e+07	-4.93589e+08	-2.04634e+08	1.92898e+07	-2.78826e+08	3.95589e+08
1.24751e-10	2.68488e+07	-2.25381e+08	2.52722e+07	2.5073e+07	3.82228e+08	4.43648e+08	2.44847e+07	5.40608e+08	2.38746e+08	2.26669e+07	2.90929e+08	-1.12699e+08
1.29751e-10	1.98719e+07	9.14768e+07	4.34587e+07	2.38578e+07	-9.0686e+07	-7.27097e+06	2.21293e+07	4.28702e+08	-1.25605e+08	2.23977e+07	-1.46236e+08	-5.21784e+07
1.34751e-10	2.47834e+07	-3.17118e+08	4.16663e+08	2.25056e+07	3.12441e+08	-2.4064e+08	2.09846e+07	5.26362e+08	-3.61121e+08	2.555e+07	-3.67248e+07	-2.10713e+07
1.39751e-10	2.12856e+07	5.57045e+08	1.50559e+08	2.22823e+07	8.08057e+07	8.14485e+07	2.59724e+07	6.45644e+07	-3.96643e+06	2.03859e+07	-5.37969e+07	4.64512e+08
1.44751e-10	2.82311e+07	-2.75604e+08	3.52455e+08	1.78768e+07	1.39935e+08	9.22516e+07	2.21306e+07	1.70707e+07	2.9417e+07	2.47518e+07	-1.36885e+07	-4.5795e+08
1.49751e-10	2.23849e+07	-2.3405e+08	1.27664e+07	2.24986e+07	1.5832e+08	-9.0785e+07	2.3335e+07	-2.35884e+08	-5.17092e+07	2.06032e+07	-1.7309e+08	3.81018e+07
1.54751e-10	2.29118e+07	3.81463e+08	1.92547e+08	3.0007e+07	-2.35767e+08	-2.8513e+07	2.26977e+07	4.57855e+08	-4.94711e+08	1.22434e+07	3.99428e+07	-2.1386e+08
1.59751e-10	2.06841e+07	-1.53801e+08	-7.53971e+07	2.1953e+07	-3.50473e+07	-4.13923e+07	1.62957e+07	7.61359e+07	1.60694e+08	1.46918e+07	-2.2192e+08	2.23003e+06
1.64751e-10	2.59354e+07	-4.18285e+08	-1.52724e+08	2.67455e+07	-6.21055e+08	2.58038e+08	2.49797e+07	3.27128e+08	5.75112e+07	1.42052e+07	-1.40357e+08	8.0886e+07
1.69751e-10	2.01853e+07	8.59907e+07	2.07061e+08	1.82207e+07	1.45448e+08	-6.98315e+07	2.80569e+07	1.0349e+08	9.61868e+07	2.47046e+07	-7.58767e+07	1.00934e+08
1.74751e-10	1.17711e+07	-2.30595e+08	6.35877e+07	2.57539e+07	1.34927e+08	-1.09719e+08	2.37154e+07	1.41682e+08	2.09529e+08	2.14137e+07	6.68065e+07	3.09125e+08
1.79751e-10	2.31671e+07	-2.3268e+08	3.79153e+07	2.40826e+07	1.25135e+08	-1.84383e+08	1.7768e+07	8.3451e+06	2.85146e+08	2.03388e+07	3.3939e+08	3.93209e+07
1.84751e-10	1.99237e+07	-1.29328e+07	2.64592e+08	1.33379e+07	-4.81817e+07	-4.29349e+08	1.32488e+07	8.68656e+07	-2.44835e+06	2.18338e+07	5.55131e+08	-1.11904e+08
1.89751e-10	1.74769e+07	-3.75447e+08	-1.86364e+08	2.02001e+07	-3.84761e+08	-1.13734e+08	1.61947e+07	-3.10168e+08	1.90203e+08	2.57517e+07	-3.7394e+08	-2.57274e+07
1.94751e-10	1.69258e+07	8.82201e+07	1.45278e+08	1.61531e+07	-2.97158e+08	9.13184e+07	1.63566e+07	2.48065e+08	-1.08778e+08	3.24471e+07	-1.93054e+08	2.68575e+08
1.99751e-10	2.22971e+07	-1.25593e+08	-8.40802e+07	2.43049e+07	-1.26793e+08	1.51195e+08	2.05055e+07	2.19663e+08	2.67991e+08	3.16828e+07	2.3772e+07	-1.09732e+08
2.04751e-10	2.01396e+07	-1.00124e+08	1.09965e+08	2.29991e+07	3.20134e+08	-5.32833e+07	1.70653e+07	-4.15979e+08	-3.76525e+07	2.45915e+07	2.41151e+08	3.76469e+08
2.09751e-10	2.39677e+07	-4.25978e+08	3.82364e+07	2.77107e+07	1.03597e+08	1.53947e+08	2.03575e+07	1.43169e+08	1.79108e+07	1.95299e+07	1.95969e+08	4.24192e+06
2.14751e-10	1.79142e+07	29235.2	-2.71395e+08	2.21334e+07	-1.80295e+08	6.31125e+07	1.5485e+07	1.22645e+08	1.23415e+08	3.05729e+07	-8.1394e+07	-3.40165e+07
2.19751e-10	2.19514e+07	-1.04448e+08	-2.51054e+08	2.4694e+07	-9.31993e+07	-2.93363e+08	1.93587e+07	1.12714e+08	-8.19247e+07	2.41459e+07	-7.08545e+06	-2.99422e+08
2.24751e-10	2.51859e+07	-4.07031e+08	1.31041e+08	3.38261e+07	5.05026e+07	-4.22957e+08	3.02594e+07	-2.02531e+08	2.13507e+08	2.33713e+07	-2.09934e+07	3.48054e+08
2.29751e-10	2.96886e+07	-5.18174e+08	1.13872e+08	2.58633e+07	-3.10115e+08	-3.17123e+08	1.83279e+07	2.20382e+08	2.82464e+07	2.4499e+07	2.75924e+08	2.07975e+07
2.34751e-10	3.03347e+07	-5.45786e+08	2.53414e+08	3.5142e+07	-1.99961e+07	-6.32986e+08	1.35832e+07	8.49285e+06	-1.93787e+08	1.56913e+07	2.97914e+08	-1.70579e+08
2.39751e-10	1.7738e+07	-4.70754e+08	-4.10317e+06	1.58587e+07	1.97186e+07	5.14546e+08	1.41095e+07	2.24595e+07	2.51602e+08	2.59336e+07	-2.00363e+08	-1.62166e+08
2.44751e-10	1.15309e+07	-4.65202e+07	-1.00742e+08	1.43072e+07	-1.65063e+08	-1.01261e+08	2.2047e+07	-1.29368e+08	6.6732e+08	2.10825e+07	-2.27806e+08	6.63084e+07
2.49751e-10	2.22783e+07	-3.00688e+08	4.44656e+08	1.86591e+07	-1.22023e+07	1.71841e+08	1.47552e+07	2.12955e+07	-4.21195e+07	2.20121e+07	-2.32402e+08	-1.90385e+07
2.54751e-10	2.42993e+07	1.52436e+08	-3.76379e+07	2.42927e+07	1.87256e+07	1.94279e+08	2.29606e+07	-3.19398e+08	1.09007e+08	2.33987e+07	-6.72802e+07	-1.52941e+08
2.5975e-10	3.16349e+07	8.78567e+07	-5.13503e+08	1.87983e+07	-9.06814e+07	3.87877e+07	7.55419e+06	-1.75569e+07	3.35004e+08	1.53099e+07	-6.08692e+07	-5.53266e+06
2.6475e-10	1.10639e+07	-4.49614e+07	-2.5696e+08	2.24865e+07	-3.23554e+08	-2.79819e+08	2.01563e+07	2.91463e+08	-9.82467e+07	1.89615e+07	-3.09338e+08	-2.38747e+08
2.6975e-10	1.37115e+07	-2.60014e+08	2.6235e+08	3.30056e+07	-5.83269e+08	-3.50294e+07	2.13774e+07	-2.39122e+08	5.21509e+08	1.84427e+07	-4.89131e+07	1.56477e+08
2.7475e-10	3.89377e+07	2.68625e+08	6.23461e+08	3.13852e+07	7.7144e+07	-5.86978e+07	2.43085e+07	-1.61881e+08	4.14751e+07	2.08401e+07	8.82289e+07	6.05698e+07
2.7975e-10	1.60199e+07	1.54314e+08	1.06737e+08	1.74432e+07	-5.09911e+07	2.23112e+08	2.63607e+07	-1.62877e+07	1.74205e+08	1.81511e+07	4.4848e+08	-1.77946e+08
2.8475e-10	1.7517e+07	1.73017e+08	-2.06377e+08	2.33258e+07	3.03004e+08	-3.1851e+08	1.95177e+07	-3.3288e+08	-2.76853e+08	1.83145e+07	1.82758e+07	-3.61312e+08
2.8975e-10	9.95751e+06	1.42333e+08	4.41512e+07	1.53438e+07	3.29267e+08	-1.92447e+08	2.08158e+07	-6.377e+06	-1.50786e+08	1.20423e+07	-8.77422e+07	4.88508e+08
2.9475e-10	2.03544e+07	-3.21103e+08	3.51876e+08	2.66799e+07	8.69762e+07	3.82471e+07	2.19197e+07	5.41607e+07	1.62889e+08	1.32052e+07	6.11184e+08	5.39552e+08
2.9975e-10	2.51964e+07	-2.73208e+08	3.52365e+07	2.04737e+07	1.00705e+08	-3.41818e+07	2.43467e+07	7.98128e+07	3.21251e+08	2.66836e+07	1.94993e+07	2.96947e+08
3.0475e-10	1.53475e+07	5.61599e+06	-1.41866e+08	1.73867e+07	-4.63902e+08	2.61307e+08	2.51541e+07	2.17614e+08	2.85277e+07	2.28641e+07	2.47635e+08	1.82579e+08
3.0975e-10	2.01921e+07	3.98398e+08	3.33782e+08	2.18228e+07	1.18033e+08	-2.68962e+08	2.09848e+07	3.48269e+08	9.55029e+07	2.37073e+07	-2.28914e+08	-2.12368e+07
3.1475e-10	1.97626e+07	-4.79634e+08	-4.64898e+06	1.95547e+07	-8.1728e+07	-2.77761e+08	2.35091e+07	-1.67482e+08	3.52836e+08	2.63285e+07	-2.30938e+08	-4.89911e+08
3.1975e-10	2.45172e+07	1.21556e+08	-3.09915e+08	1.61515e+07	1.21907e+08	-3.81735e+06	2.19573e+07	1.18342e+08	-5.37264e+07	1.2697e+07	1.32545e+07	2.98155e+08
3.2475e-10	1.9113e+07	-8.86495e+07	7.98541e+07	2.51944e+07	1.05236e+08	3.84167e+08	1.46218e+07	9.78002e+07	5.04215e+07	2.94803e+07	2.49173e+08	-1.17841e+08
3.2975e-10	2.44237e+07	-1.7145e+08	-3.93591e+08	2.25193e+07	2.04098e+08	3.71605e+08	2.76107e+07	-3.4166e+07	-1.30179e+08	2.40799e+07	1.89461e+08	-8.89219e+07
3.3475e-10	2.15494e+07	-6.40043e+07	1.75042e+07	3.33369e+07	4.91086e+08	7.63946e+08	1.64546e+07	2.7378e+08	-4.76842e+08	2.53628e+07	-9.04252e+07	2.2384e+08
3.3975e-10	2.80921e+07	6.75461e+07	5.82364e+07	2.34587e+07	9.57759e+07	-7.53375e+08	2.0875e+07	-8.65781e+07	2.1472e+08	2.02317e+07	8.97706e+07	-2.10141e+08
3.4475e-10	1.68473e+07	-3.55195e+08	-3.85931e+08	2.12615e+07	-2.25504e+08	3.81574e+08	2.67264e+07	-2.83946e+07	1.36605e+08	3.15787e+07	-1.58895e+08	-3.44577e+08
3.4975e-10	2.79751e+07	-2.61512e+08	3.31957e+08	1.75594e+07	1.32694e+07	-1.59265e+08	1.06938e+07	-3.64016e+07	3.77668e+08	1.73864e+07	3.43525e+08	-5.4868e+08
3.5475e-10	2.41354e+07	-2.45594e+08	3.85808e+08	2.32923e+07	-5.26349e+08	-3.28417e+08	1.84475e+07	1.29358e+08	-2.47378e+08	1.82945e+07	1.06891e+08	3.16431e+08
3.5975e-10	2.03361e+07	1.32659e+08	-5.59376e+06	1.36861e+07	-3.55612e+08	-4.44079e+08	2.83102e+07	-7.94465e+07	-2.74251e+08	2.51805e+07	-8.16591e+07	-4.79593e+08
3.6475e-10	1.56168e+07	5.55053e+08	4.8904e+08	3.52349e+07	-1.61355e+08	5.75786e+08	2.28384e+07	2.35205e+08	7.47277e+07	3.622e+07	4.2932e+08	-6.23943e+08
3.6975e-10	3.16126e+07	-2.41116e+08	2.11851e+08	1.48686e+07	-2.39046e+08	1.68113e+08	1.73025e+07	7.03711e+07	-2.44336e+07	1.68518e+07	-1.84535e+07	1.29686e+07
3.7475e-10	2.11921e+07	1.29408e+08	-5.81035e+08	2.05864e+07	-1.38212e+08	2.33086e+08	1.91099e+07	-1.73231e+08	1.71562e+08	2.44299e+07	2.16433e+08	1.29333e+07
3.7975e-10	1.52099e+07	3.34719e+06	-1.43216e+08	1.72968e+07	1.06595e+08	5.98392e+08	2.13869e+07	2.75955e+07	-1.51488e+08	1.35145e+07	2.20693e+08	1.46945e+08
3.8475e-10	2.35986e+07	-9.05229e+07	-3.36287e+08	3.30797e+07	2.2801e+08	-1.91774e+08	1.72709e+07	-3.16277e+08	2.16267e+07	2.06497e+07	2.40257e+08	2.28122e+08
3.8975e-10	2.32902e+07	-1.42694e+08	-1.67102e+08	1.16403e+07	2.2117e+08	1.41089e+08	1.91659e+07	-2.79996e+08	-1.7953e+08	2.10318e+07	-3.2537e+08	5.89799e+07
3.9475e-10	1.57517e+07	-5.8567e+06	1.70048e+08	1.85997e+07	4.37269e+08	-2.96517e+08	2.49457e+07	-1.64353e+08	1.74339e+08	1.29698e+07	-7.01264e+08	9.86522e+07
3.9975e-10	3.1492e+07	-3.20214e+08	2.63841e+08	2.36589e+07	-3.55641e+08	5.85786e+08	1.08305e+07	-2.01047e+08	-8.32139e+07	2.68209e+07	-1.14912e+08	2.68533e+08
4.0475e-10	1.94118e+07	-4.49517e+08	3.78654e+07	3.2641e+07	-3.28032e+08	-2.17761e+08	2.31949e+07	-4.34865e+08	3.35284e+07	1.99237e+07	2.71845e+08	-2.65902e+08
4.0975e-10	1.71168e+07	-2.62117e+07	1.34111e+08	2.96147e+07	-1.26118e+08	-4.70283e+08	1.15712e+07	1.0983e+08	3.36784e+08	2.52914e+07	-3.38651e+08	1.84898e+08
4.1475e-10	2.12005e+07	-3.29615e+08	-1.85831e+07	2.40447e+07	5.88326e+07	1.97901e+08	2.81357e+07	-1.69948e+08	7.62888e+08	3.57223e+07	-2.63497e+08	7.72443e+08
4.1975e-10	2.59962e+07	-4.75884e+06	2.14895e+08	2.20352e+07	-2.92561e+08	-4.82939e+07	2.66427e+07	-5.04513e+08	2.01878e+08	3.04486e+07	-6.82995e+06	1.98412e+08
4.2475e-10	2.23223e+07	1.37124e+07	-7.16855e+08	2.75689e+07	-4.63123e+07	8.88914e+08	1.97944e+07	-1.09643e+08	-3.54869e+08	1.8278e+07	9.75958e+07	7.75894e+08
4.2975e-10	2.02331e+07	4.19276e+08	-9.85625e+07	2.47465e+07	-5.16759e+08	1.22575e+08	1.63562e+07	2.48359e+07	1.35506e+08	2.27113e+07	4.12226e+08	1.65441e+08
4.3475e-10	1.84091e+07	-8.23482e+07	3.85245e+08	1.99462e+07	1.27449e+08	9.78514e+07	1.59258e+07	2.08469e+08	3.75267e+08	1.83195e+07	-1.02526e+08	-2.87825e+08
4.3975e-10	3.50628e+07	-1.74837e+08	1.10814e+08	2.05875e+07	-1.90674e+08	2.52993e+08	2.12384e+07	540621	2.33784e+08	2.91506e+07	4.02718e+08	-3.19193e+08
4.4475e-10	3.81519e+07	4.84613e+08	3.01779e+08	1.87376e+07	5.3705e+07	1.13729e+08	1.85723e+07	-4.60048e+07	-3.27681e+08	2.15546e+07	-5.11305e+08	-5.56068e+08
4.4975e-10	1.7231e+07	-7.0229e+07	2.56435e+07	1.88823e+07	-9.07044e+06	-1.68525e+08	3.08907e+07	-5.48807e+08	-1.80921e+08	2.14327e+07	-1.14549e+08	3.8351e+08
4.5475e-10	1.88263e+07	-4.69237e+08	-4.13674e+06	2.73757e+07	-3.18154e+08	3.11242e+08	2.24818e+07	2.24838e+08	-3.10817e+08	1.46358e+07	-1.87826e+08	2.0556e+08
4.5975e-10	2.67042e+07	3.05389e+08	3.958e+08	2.01931e+07	-5.35061e+08	2.81722e+08	1.99952e+07	2.90666e+08	-2.41635e+08	2.43372e+07	2.883e+08	4.77427e+08
4.6475e-10	1.28175e+07	3.10675e+08	-3.68181e+08	2.23556e+07	1.12841e+07	2.29659e+08	1.51077e+07	-3.76533e+08	8.8203e+08	2.31242e+07	1.38608e+08	-3.29489e+07
4.6975e-10	1.74779e+07	4.74218e+07	-9.3065e+08	2.30348e+07	-3.07301e+08	8.99766e+08	2.23996e+07	4.67985e+08	-5.12432e+07	2.76547e+07	1.16439e+08	-5.53405e+08
4.7475e-10	1.8881e+07	9.21342e+07	8.64129e+06	2.7356e+07	-1.67655e+08	-1.15446e+08	1.7305e+07	3.51288e+07	1.02263e+08	2.27246e+07	-4.11702e+08	-4.05035e+08
4.7975e-10	1.92257e+07	-1.07594e+08	-2.22921e+08	2.13044e+07	-1.73245e+08	2.82963e+08	2.31593e+07	2.3182e+08	-1.026e+08	1.66826e+07	6.62654e+07	-2.79823e+08
4.8475e-10	2.42318e+07	-1.84049e+08	1.07918e+08	2.44518e+07	2.53601e+08	2.13812e+08	1.81437e+07	1.89043e+08	-9.73777e+07	1.73853e+07	-1.61554e+08	2.74957e+08
4.8975e-10	1.64711e+07	-4.74803e+08	-1.553e+08	3.39439e+07	-8.57546e+07	1.24346e+08	1.81435e+07	-1.2651e+08	-2.65572e+08	2.69753e+07	1.30152e+08	1.31618e+08
4.9475e-10	1.87274e+07	-1.13847e+08	1.61348e+07	2.93954e+07	-7.87739e+08	3.07084e+08	1.33121e+07	-1.51885e+08	-3.09814e+08	2.58714e+07	-1.54618e+08	-7.07671e+07
4.9975e-10	2.5028e+07	-1.14122e+08	2.30917e+08	2.90902e+07	2.61518e+08	-1.14531e+08	1.91189e+07	-6.31751e+07	8.76059e+07	1.8179e+07	-1.49094e+08	-4.04861e+08
5.0475e-10	2.84132e+07	1.07598e+08	3.07344e+08	2.13585e+07	1.83165e+08	3.1522e+08	3.01629e+07	2.65591e+08	4.4174e+07	2.72834e+07	-1.59498e+08	2.07028e+08
5.0975e-10	1.67738e+07	-1.50702e+08	4.56922e+08	1.55563e+07	-1.37274e+08	4.6013e+07	1.42357e+07	-3.62861e+07	1.39354e+08	2.24373e+07	4.43982e+07	3.1555e+08
5.1475e-10	1.98122e+07	-2.33649e+08	5.09743e+07	1.98189e+07	4.4125e+08	-5.65415e+08	1.73865e+07	-2.52191e+06	2.44437e+08	2.00996e+07	-1.74964e+07	-4.25621e+08
5.1975e-10	1.60399e+07	-2.92431e+08	-3.36015e+08	3.99997e+07	-3.32582e+07	-1.7817e+08	1.83291e+07	-3.44203e+07	-4.06623e+07	2.40941e+07	3.34669e+07	6.37256e+07
5.2475e-10	1.88637e+07	-1.05751e+08	-9.2701e+07	1.83302e+07	1.46386e+08	-3.6421e+07	2.57484e+07	2.60912e+08	3.80777e+08	2.63392e+07	1.5167e+08	3.03344e+08
5.2975e-10	1.42769e+07	2.37827e+08	-2.15746e+08	2.26597e+07	-4.99882e+07	2.17147e+08	2.59811e+07	1.20669e+08	4.41035e+08	1.98766e+07	4.1499e+08	5.79288e+07
5.3475e-10	1.26406e+07	1.73079e+08	7.79558e+07	2.78611e+07	7.58651e+07	-3.12543e+08	1.63619e+07	-1.2141e+08	-6.92747e+07	3.08667e+07	-2.08188e+08	2.67375e+08
5.3975e-10	2.73835e+07	-1.34556e+08	4.24067e+08	1.70785e+07	-2.94451e+08	2.40648e+08	1.38359e+07	1.23177e+08	-3.95332e+08	2.11701e+07	-5.38406e+07	-1.03078e+08
5.4475e-10	2.68711e+07	4.9066e+08	4.20199e+07	1.89891e+07	2.5059e+08	-3.01742e+08	2.08526e+07	-4.02436e+08	-2.79701e+08	1.08986e+07	4.38718e+06	4.05025e+07
5.4975e-10	1.6195e+07	1.23939e+08	-6.63755e+07	1.209e+07	-7.4335e+07	2.80812e+07	2.39589e+07	4.03361e+07	-1.57052e+08	2.02436e+07	6.88218e+07	-1.47841e+08
5.5475e-10	1.52968e+07	-9.85538e+07	-8.72972e+07	2.20632e+07	-8.66916e+07	7.60831e+07	2.19759e+07	-3.99718e+06	-1.8272e+08	2.2605e+07	-1.2599e+08	-7.8741e+07
5.5975e-10	1.9778e+07	1.27305e+08	8.3284e+07	2.18284e+07	2.42699e+07	1.31119e+08	1.49208e+07	-2.77396e+08	-1.38899e+08	2.6783e+07	2.72751e+08	3.70087e+08
5.6475e-10	2.57803e+07	3.14485e+08	-4.18372e+08	2.03661e+07	4.60172e+07	-4.07451e+07	2.03767e+07	-1.96515e+08	-1.54656e+08	2.12008e+07	-2.42925e+08	4.716e+08
5.6975e-10	2.69516e+07	2.67619e+08	-1.80616e+08	1.87852e+07	2.93322e+08	9.52145e+07	1.96241e+07	8.07352e+07	6.31524e+07	2.69153e+07	-1.0939e+08	-5.6583e+08
5.7475e-10	1.16195e+07	-2.33163e+08	4.76293e+07	2.92595e+07	-1.39161e+08	5.18063e+08	2.50511e+07	-1.20229e+08	2.02957e+08	2.00225e+07	-2.78402e+08	2.56862e+08
5.7975e-10	1.54787e+07	-1.99242e+08	1.34698e+07	2.01024e+07	1.96929e+08	-1.86678e+08	2.27474e+07	-2.19262e+08	-1.69042e+08	2.81203e+07	4.569e+08	2.01838e+08
5.8475e-10	3.33348e+07	2.01121e+07	3.65446e+07	2.64313e+07	1.17719e+08	4.90268e+08	1.96756e+07	5.07819e+08	-8.67294e+07	2.77354e+07	1.80041e+08	1.92247e+08
5.8975e-10	2.11302e+07	-7.82691e+07	1.45522e+08	2.01708e+07	2.68927e+07	-1.28239e+07	2.40194e+07	-1.56183e+08	1.05729e+08	1.22731e+07	-3.5365e+08	-7.1732e+08
5.9475e-10	2.58397e+07	2.05661e+08	-5.83975e+07	1.93921e+07	5.60971e+07	7.24831e+07	2.20404e+07	2.74182e+07	3.54699e+08	1.62324e+07	-2.05931e+08	-1.50309e+08
5.9975e-10	3.22499e+07	-4.03866e+08	-2.83127e+08	2.10584e+07	1.41593e+08	2.6633e+08	1.07928e+07	2.33751e+08	-1.08464e+08	1.36106e+07	2.58256e+07	-2.11393e+08
6.0475e-10	1.80421e+07	1.84398e+08	3.14551e+08	1.71276e+07	-6.40416e+06	1.46758e+08	2.07827e+07	4.24483e+08	-1.27399e+08	2.42687e+07	1.96951e+08	1.55759e+08
6.0975e-10	1.54071e+07	-1.06114e+08	9.51719e+07	2.09518e+07	-7.56698e+08	1.56273e+08	2.34333e+07	-2.12386e+08	-4.06019e+08	2.21141e+07	-2.5975e+08	-6.18027e+08
6.1475e-10	2.51752e+07	-2.40025e+08	2.20123e+08	2.34672e+07	1.2347e+08	5.52578e+08	1.58767e+07	-2.51108e+08	-8.49236e+07	2.0838e+07	-6.33761e+07	1.45699e+08
6.1975e-10	2.39908e+07	1.66664e+08	-2.9493e+08	2.29619e+07	1.74154e+07	-8.29188e+07	1.7111e+07	9.43827e+07	1.11241e+08	1.47069e+07	-1.21093e+08	2.10554e+08
6.2475e-10	2.39262e+07	2.54185e+08	2.62002e+08	8.07872e+06	2.65734e+08	-1.05022e+08	1.77826e+07	-3.60271e+07	1.73196e+07	2.23926e+07	2.23785e+08	2.62995e+07
6.2975e-10	1.56861e+07	2.22826e+08	-2.37721e+07	1.53436e+07	-2.12736e+08	6.29142e+07	1.53608e+07	3.49975e+08	8.47674e+07	1.71543e+07	3.21056e+08	2.52836e+07
6.3475e-10	1.90676e+07	1.75142e+08	3.28472e+08	2.35925e+07	-1.06912e+08	-1.78803e+07	2.10498e+07	3.28525e+08	-3.84893e+08	2.31973e+07	4.31785e+08	1.94384e+08
6.3975e-10	1.53902e+07	4.65387e+08	-9.06845e+07	2.88412e+07	1.86999e+08	-3.74284e+08	1.9216e+07	2.91934e+08	2.36302e+07	2.31396e+07	1.92178e+08	4.10423e+08
6.4475e-10	2.22506e+07	9.6953e+07	3.51383e+08	1.85713e+07	3.17945e+08	-1.9722e+08	2.22127e+07	-8.99964e+07	-1.31349e+08	3.3065e+07	-9.98206e+07	7.53462e+07
6.4975e-10	1.73051e+07	1.33728e+08	-8.33038e+07	1.35923e+07	2.52777e+08	1.99986e+08	1.94379e+07	-2.59671e+07	5.30084e+07	2.17841e+07	1.14698e+08	-1.75195e+08
6.5475e-10	1.40739e+07	-2.36442e+08	-4.64511e+08	1.96223e+07	-9.53305e+07	-3.24405e+08	2.03088e+07	-1.62255e+08	-1.85755e+08	2.06214e+07	6.21235e+07	-5.75461e+08
6.5975e-10	1.86884e+07	-3.27903e+08	-5.12306e+08	2.59126e+07	1.67504e+08	-1.87727e+08	2.62314e+07	-2.4791e+08	7.34294e+07	2.22795e+07	-1.73258e+08	-7.28298e+07
6.6475e-10	2.96333e+07	3.23283e+08	-1.64077e+07	2.31582e+07	-2.88961e+08	1.46113e+08	1.53696e+07	2.43228e+08	2.9161e+08	2.05845e+07	-3.66739e+08	-3.67772e+07
6.6975e-10	2.76272e+07	3.80518e+07	3.36251e+08	9.30071e+06	1.58569e+07	2.4586e+08	1.25642e+07	-2.74721e+08	-1.50805e+08	2.89556e+07	1.81715e+08	1.29677e+08
6.7475e-10	2.96371e+07	-3.68028e+08	2.98561e+08	2.27024e+07	-5.08464e+07	-1.65838e+08	1.91644e+07	-1.12182e+08	2.22917e+08	1.43141e+07	-6.73805e+08	6.86999e+07
6.7975e-10	2.85667e+07	5.272e+08	4.77204e+06	2.5141e+07	1.00845e+07	3.09923e+08	2.79976e+07	1.15847e+08	1.69892e+08	1.51971e+07	8.85775e+07	-2.6354e+08
6.8475e-10	1.96195e+07	5.19277e+07	1.85766e+08	2.25688e+07	-4.40507e+08	-2.26819e+07	2.55779e+07	2.61487e+08	3.6765e+08	2.17369e+07	4.97099e+08	2.10143e+08
6.8975e-10	2.40023e+07	2.02104e+08	4.07987e+08	3.21779e+07	-5.54471e+07	5.24336e+08	2.35489e+07	1.54654e+08	-2.59889e+08	2.10896e+07	7.74702e+07	2.39886e+08
6.9475e-10	1.76134e+07	-4.50385e+07	1.02189e+08	1.99402e+07	-2.0667e+08	2.82891e+08	1.32171e+07	-4.08075e+07	1.31066e+08	2.19995e+07	1.71661e+08	1.26661e+08
6.9975e-10	2.55693e+07	-2.15416e+08	3.25623e+08	1.54835e+07	-4.86815e+06	-4.69364e+07	2.20471e+07	1.0763e+08	2.09187e+08	2.07529e+07	-3.35704e+08	5.3837e+07
7.0475e-10	2.11312e+07	-3.17213e+07	-1.16576e+08	1.44065e+07	-2.24442e+08	2.54154e+08	1.83044e+07	-5.51611e+07	-1.64816e+08	2.69368e+07	4.28644e+08	1.19598e+08
7.0975e-10	2.01742e+07	4.15785e+08	1.13045e+08	2.35397e+07	7.55252e+07	1.84537e+08	1.28394e+07	5.65538e+07	-6.52646e+06	2.31793e+07	-6.63604e+07	-1.24186e+08
7.1475e-10	2.27859e+07	6.02225e+06	-7.26736e+06	2.32702e+07	-5.85128e+08	8.80977e+07	1.86034e+07	-1.9397e+08	-4.24791e+08	2.75371e+07	-1.16164e+08	3.11848e+08
7.1975e-10	1.96117e+07	6.27764e+07	2.29251e+08	1.72175e+07	-2.525e+08	1.01378e+08	1.96926e+07	-2.10861e+08	-1.26135e+08	2.89994e+07	-2.83701e+07	4.41354e+08
7.2475e-10	1.70006e+07	-1.89577e+08	-1.38572e+08	2.15462e+07	-9.8398e+07	-5.56094e+07	1.79704e+07	-7.89768e+07	-9.84546e+07	3.18867e+07	-5.028e+08	6.20859e+07
7.2975e-10	1.48671e+07	6.36501e+07	1.75868e+08	1.34873e+07	-3.7387e+07	-2.55876e+07	2.07329e+07	2.7496e+08	3.65449e+08	2.03003e+07	-1.36569e+08	1.93786e+08
7.3475e-10	1.62174e+07	2.18613e+08	1.94975e+07	2.64451e+07	-5.05655e+08	2.04362e+08	2.14513e+07	3.48003e+08	-2.23083e+08	3.00646e+07	-1.8021e+08	3.13577e+08
7.3975e-10	3.04956e+07	-7.82928e+07	2.71643e+08	1.71213e+07	2.09082e+07	2.05708e+08	2.62569e+07	2.25382e+08	4.45267e+08	4.00492e+07	2.17663e+08	6.57084e+08
7.4475e-10	2.10425e+07	-1.68424e+08	6.53491e+07	2.41502e+07	-1.49854e+07	-5.8682e+08	2.25818e+07	1.43926e+08	-3.14575e+08	1.90435e+07	-1.16284e+07	2.48305e+08
7.4975e-10	2.0177e+07	1.51941e+08	3.28809e+08	2.03805e+07	-2.85013e+08	1.15846e+08	2.24387e+07	2.52358e+08	-3.53648e+08	1.78523e+07	5.29992e+07	-1.00217e+08
7.5475e-10	2.2235e+07	-3.81955e+08	-1.97549e+08	1.78214e+07	-4.63573e+08	-8.77323e+07	1.52417e+07	1.47364e+08	7.46037e+07	2.56098e+07	-2.37093e+08	-6.7305e+07
7.5975e-10	2.36837e+07	-5.17497e+08	-1.83369e+07	2.91978e+07	4.63242e+08	3.27836e+08	1.8938e+07	5.67816e+07	-7.10971e+07	2.37285e+07	4.5849e+07	-1.6437e+08
7.6475e-10	2.1786e+07	3.40184e+08	3.59057e+08	2.50021e+07	1.60724e+08	-2.50586e+08	2.24384e+07	-4.19368e+08	-3.33514e+08	1.84534e+07	3.27141e+08	-1.81579e+08
7.6975e-10	2.54763e+07	1.20223e+08	-1.92889e+08	1.49068e+07	-1.89872e+07	1.262e+08	1.36809e+07	7.95484e+07	-6.39286e+07	1.73716e+07	-1.01193e+08	-2.66188e+07
7.7475e-10	2.65189e+07	1.3247e+08	5.12456e+06	1.67779e+07	-1.27916e+08	2.2303e+08	2.3806e+07	2.86101e+08	-2.78606e+08	1.53855e+07	2.43352e+08	-2.00494e+08
7.7975e-10	2.36882e+07	-1.37677e+08	4.33117e+08	2.10227e+07	-2.12076e+08	-2.19467e+08	1.6397e+07	3.27392e+07	2.42217e+08	2.85674e+07	5.77351e+07	2.49999e+08
7.8475e-10	2.87716e+07	6.83456e+07	3.51505e+08	2.10812e+07	-2.61452e+08	-2.07333e+08	1.63129e+07	1.66255e+08	5.48833e+06	2.62748e+07	-6.91557e+07	2.53989e+07
7.8975e-10	2.17443e+07	-2.94967e+08	1.86356e+08	1.83433e+07	-1.26171e+08	6.93871e+07	2.54603e+07	3.20293e+08	3.45333e+07	1.61856e+07	-3.81109e+08	-7.27867e+07
7.9475e-10	2.35153e+07	-1.69713e+08	2.49111e+08	1.82899e+07	1.16081e+08	-3.18577e+08	1.05209e+07	1.31959e+08	-3.25767e+07	1.35433e+07	-1.37086e+08	-2.91111e+08
7.9975e-10	2.13459e+07	2.85776e+08	-4.94683e+07	2.35051e+07	-1.84606e+08	-4.41045e+08	1.48013e+07	-3.05124e+08	-4.74669e+08	3.6315e+07	2.68683e+08	2.55044e+08
8.0475e-10	1.55818e+07	2.16856e+08	1.31098e+07	1.99351e+07	-4.5027e+07	1.87394e+08	2.77508e+07	5.08341e+08	-5.61136e+07	3.5377e+07	-4.5812e+07	8.74797e+07
8.0975e-10	3.14302e+07	6.1775e+08	1.7563e+08	1.42922e+07	4.80566e+07	833715	1.64673e+07	2.92972e+08	-4.18711e+08	2.04122e+07	1.39395e+08	-1.23064e+08
8.1475e-10	2.41732e+07	9.04792e+07	-6.90241e+07	2.18165e+07	-2.95712e+07	1.18161e+08	2.36483e+07	2.69068e+08	-2.97355e+07	2.10328e+07	4.51421e+08	1.74945e+08
8.1975e-10	1.85238e+07	1.57852e+08	-1.34237e+08	1.76033e+07	4.05695e+07	-2.40566e+07	2.30066e+07	1.92937e+08	-4.37758e+08	1.73103e+07	4.29561e+07	-1.75754e+08
8.2475e-10	2.06309e+07	-2.84773e+08	-2.28252e+08	1.61719e+07	-3.39962e+08	-2.61786e+08	3.34762e+07	-8.1533e+07	-7.3913e+07	2.00066e+07	1.04718e+08	-2.90456e+07
8.2975e-10	2.48162e+07	-1.74013e+08	2.57192e+08	1.57556e+07	7.96376e+07	1.38175e+08	2.96134e+07	-1.00882e+08	6.16635e+07	2.03819e+07	-2.9516e+08	8.61441e+07
8.3475e-10	1.86199e+07	-5.89866e+06	-1.90552e+08	1.56491e+07	3.1059e+08	-5.4824e+08	2.85343e+07	1.88986e+08	-2.15157e+08	2.31137e+07	-2.13758e+08	1.2074e+07
8.3975e-10	2.79698e+07	3.18603e+08	-4.65525e+07	1.71206e+07	7.27658e+07	1.50204e+08	2.25246e+07	-2.93472e+08	-1.77694e+08	2.53583e+07	-6.12395e+07	4.67511e+07
8.4475e-10	2.44371e+07	1.00971e+08	-2.18315e+08	2.45677e+07	2.05278e+08	1.65391e+08	2.18216e+07	1.20615e+08	6.2558e+07	2.77956e+07	-3.75376e+08	3.70494e+08
8.4975e-10	1.85973e+07	1.34761e+07	-2.14253e+08	1.49755e+07	-5.73649e+08	4.82844e+08	2.1879e+07	-6.18644e+07	4.82145e+08	2.23185e+07	2.88017e+08	3.97359e+08
8.5475e-10	2.39632e+07	2.72627e+07	3.24597e+08	2.21952e+07	3.65123e+08	-4.72923e+08	1.64162e+07	2.99174e+07	-8.53157e+07	1.76722e+07	1.47628e+08	-2.73482e+08
8.5975e-10	1.76306e+07	-1.58767e+08	2.19822e+08	2.33109e+07	9.89412e+07	-1.11268e+08	1.73796e+07	2.75396e+08	-2.62025e+08	1.76104e+07	-1.52943e+08	2.27693e+08
8.6475e-10	3.57493e+07	1.28676e+08	3.83855e+08	2.99597e+07	5.01628e+07	5.04379e+07	1.26881e+07	7.34916e+07	-2.20647e+08	2.17127e+07	3.30332e+07	-7.71903e+06
8.6975e-10	1.70363e+07	4.15698e+08	1.02978e+08	2.0337e+07	2.95446e+08	-4.20841e+08	2.71469e+07	2.9259e+08	-2.80752e+08	2.44504e+07	3.26188e+08	2.93774e+08
8.7475e-10	3.0379e+07	-2.25441e+08	2.05526e+08	2.49278e+07	2.47245e+08	-1.82926e+08	1.77104e+07	1.49664e+07	-8.28888e+07	2.63557e+07	1.9461e+08	-1.29348e+08
8.7975e-10	1.93269e+07	-1.81281e+08	-1.24867e+08	1.65281e+07	-1.04775e+08	-3.19455e+08	2.82077e+07	-1.60876e+08	3.19143e+08	1.65364e+07	-1.0225e+08	-1.72458e+07
8.8475e-10	4.04134e+07	-5.31815e+08	7.27279e+07	1.59957e+07	-4.59954e+07	-1.90093e+08	2.25194e+07	1.28385e+08	4.13079e+07	1.80786e+07	1.59446e+08	1.61892e+08
8.8975e-10	2.67197e+07	4.98369e+08	-2.28314e+08	2.11884e+07	4.47799e+08	-4.88485e+07	2.37573e+07	-2.14248e+08	1.10984e+08	1.59702e+07	-1.00939e+08	-4.27815e+06
8.9475e-10	1.7487e+07	1.22031e+08	5.07618e+08	1.77895e+07	2.64293e+07	6.41942e+07	2.12489e+07	-4.06019e+07	-1.5644e+08	2.91466e+07	2.86895e+08	-9.18312e+06
8.9975e-10	2.13088e+07	7.26737e+07	2.1679e+08	1.63763e+07	-2.4377e+08	-1.20815e+08	2.96619e+07	-4.92849e+08	6.92424e+07	1.5529e+07	3.53739e+08	2.00999e+08
9.0475e-10	1.67082e+07	8.86904e+07	-2.01969e+08	2.28056e+07	3.61511e+08	-9.29481e+07	2.10134e+07	-4.46869e+07	-1.7059e+08	1.55922e+07	-1.8522e+08	-2.48268e+08
9.0975e-10	9.80816e+06	3.8592e+08	-8.92727e+07	2.46114e+07	3.52433e+08	1.2303e+08	2.03886e+07	3.31911e+08	2.4117e+08	3.8067e+07	4.64226e+08	-1.72078e+08
9.1475e-10	2.93056e+07	-2.8355e+08	-8.84677e+07	2.37716e+07	3.22125e+08	7.0059e+07	1.90653e+07	-6.40921e+07	4.00892e+07	1.43871e+07	7.71032e+06	1.20566e+08
9.1975e-10	2.39862e+07	2.15151e+08	-1.79975e+08	2.87851e+07	-1.09558e+08	2.73535e+08	2.73676e+07	-2.39354e+08	5.58143e+08	2.81767e+07	-2.73232e+07	-2.03228e+08
9.2475e-10	2.83041e+07	6.36808e+08	2.12018e+08	1.56996e+07	-2.21428e+08	2.97037e+08	2.07236e+07	3.34382e+08	4.77206e+08	2.42545e+07	-1.1661e+08	3.68464e+08
9.2975e-10	1.606e+07	-2.56879e+08	-1.59107e+08	1.92137e+07	2.43508e+08	2.91762e+08	1.82348e+07	1.36493e+08	-2.9556e+08	2.48308e+07	1.44102e+08	-1.80277e+08
9.3475e-10	1.97464e+07	-1.14556e+08	2.17371e+08	2.62816e+07	-2.02301e+08	8.07431e+06	2.64849e+07	2.70176e+08	-1.1023e+08	1.53718e+07	-8.82149e+07	-5.5479e+08
9.3975e-10	1.99454e+07	-2.1004e+08	2.00024e+08	2.46684e+07	-3.49881e+08	1.78029e+08	1.8097e+07	-8.52594e+07	-2.23764e+07	2.00256e+07	2.58483e+08	-3.04533e+08
9.4475e-10	2.11742e+07	-1.08902e+08	-1.47081e+08	2.63059e+07	-7.46367e+07	-2.2445e+08	1.73253e+07	5.24032e+08	1.14083e+08	1.51787e+07	1.37509e+08	1.71302e+08
9.4975e-10	2.10991e+07	-3.59083e+08	-2.44782e+08	2.7663e+07	6.278e+07	7.18456e+07	2.52756e+07	-3.39222e+07	-1.1181e+08	1.50091e+07	-1.67279e+08	-2.38007e+08
9.5475e-10	2.32742e+07	1.91314e+08	6.87787e+07	9.46824e+06	-1.74262e+08	2.68162e+07	2.16705e+07	5.00714e+07	-5.36415e+07	2.20506e+07	3.81535e+08	4.91957e+06
9.5975e-10	2.00778e+07	-4.04988e+08	-1.03756e+08	1.87114e+07	1.56394e+08	2.95217e+06	2.94709e+07	2.44412e+08	1.08012e+08	2.56607e+07	2.73715e+08	-5.56089e+08
9.6475e-10	2.99239e+07	-4.72045e+08	-2.1946e+08	1.35612e+07	1.69212e+08	-1.56284e+08	2.22114e+07	-2.93966e+08	-4.39962e+07	1.77995e+07	-1.88191e+08	1.27267e+08
9.6975e-10	1.57371e+07	1.44873e+08	5.99772e+07	3.30867e+07	-3.81672e+08	3.48025e+08	2.31782e+07	-4.72789e+08	-3.14899e+07	1.89968e+07	-3.13428e+07	-1.82187e+08
9.7475e-10	1.86816e+07	4.974e+08	3.91183e+08	2.91921e+07	-3.25097e+08	-3.47543e+08	2.21673e+07	1.85415e+08	-9.11159e+06	3.58149e+07	1.74328e+08	3.6575e+08
9.7975e-10	1.88481e+07	9.92055e+07	9.72761e+07	2.13675e+07	-2.11775e+08	4.52569e+08	2.3991e+07	3.0743e+07	3.52681e+08	2.15049e+07	-1.13402e+08	3.09548e+08
9.8475e-10	2.25913e+07	4.52732e+08	-1.51214e+08	2.75806e+07	1.30258e+08	-4.35825e+08	1.42915e+07	3.16839e+07	2.07509e+08	3.29394e+07	-1.51622e+08	4.80032e+08
9.8975e-10	2.40579e+07	-1.97796e+08	-1.17401e+08	2.05409e+07	-3.87983e+08	6.24203e+08	2.43669e+07	-1.54451e+08	5.88555e+07	2.80966e+07	-2.81677e+08	-2.31229e+08
9.94751e-10	1.77056e+07	-2.2544e+08	-1.99642e+08	1.98048e+07	4.66916e+07	-1.32447e+08	1.86287e+07	-7.23227e+07	-2.17736e+08	2.45061e+07	3.25431e+06	2.62594e+08
9.99751e-10	2.62663e+07	-1.15624e+08	1.09382e+08	2.07338e+07	-1.68093e+07	-1.60483e+07	2.35582e+07	-1.59292e+08	-1.14779e+08	1.58826e+07	-3.64532e+07	-4.92501e+08
