Sun Oct 27 13:47:43 2024

<base> : Rectangle : 0m, 0m, 0m; 7um, 50nm, 5nm. Cells : 1400, 10, 1. Cellsize : 5nm, 5nm, 5nm
<supermesh> : Rectangle : 0m, 0m, 0m; 7um, 50nm, 5nm. Cells : 1400, 10, 1. Cellsize : 5nm, 5nm, 5nm

Saved data (dataname (unit) <meshname> (cells_rectangle)) : 

time (s)	<mxdmdt> (1/s) <base> (3.51um, 0m, 0m; 3.52um, 50nm, 5nm)			<mxdmdt> (1/s) <base> (3.6um, 0m, 0m; 3.61um, 50nm, 5nm)			<mxdmdt> (1/s) <base> (4um, 0m, 0m; 4.01um, 50nm, 5nm)			<mxdmdt> (1/s) <base> (5.5um, 0m, 0m; 5.51um, 50nm, 5nm)			<mxdmdt> (1/s) <base> (6.5um, 0m, 0m; 6.51um, 50nm, 5nm)			

0	-64.3396	-804.22	113.876	75.3411	2550.43	-352.052	41.0157	-296.582	-775.932	189.504	-1195.35	1284.47	108.32	216.616	773.85
1e-15	9.2641e+06	-1.03347e+08	2.18373e+08	-1.32099e+07	1.58107e+07	-1.0245e+07	-2.97503e+06	3.8431e+08	-7.37903e+07	-6.02614e+07	6.83768e+08	2.62874e+08	-3.8835e+07	-6.86952e+07	3.67993e+08
4.751e-12	-1.5055e+07	-4.79805e+08	1.58811e+08	395204	2.07077e+08	-1.5486e+08	-1.92603e+07	1.04366e+08	1.56388e+08	-1.35123e+07	1.49567e+08	2.18403e+08	783232	-1.19762e+08	-1.50044e+07
9.751e-12	9.37522e+07	2.14298e+08	-4.53034e+08	-1.23134e+07	-2.06573e+08	-8.85766e+07	2.92087e+07	3.20612e+07	-3.06614e+08	-1.92519e+07	2.61597e+08	4.22256e+07	3.51047e+07	3.97855e+08	1.75932e+08
1.4751e-11	2.57231e+08	9.80766e+08	-1.98251e+08	1.15007e+08	-2.45622e+08	-6.09702e+08	1.18495e+07	-2.19698e+08	-6.07882e+07	410316	4.2996e+08	6.4169e+08	-1.41241e+07	2.18541e+07	-1.39992e+08
1.9751e-11	2.64275e+08	6.65289e+08	4.73246e+08	1.46448e+08	5.1429e+08	-1.84966e+08	-2.10149e+06	-1.8144e+08	-1.04009e+08	-4.32408e+07	-4.76479e+08	-5.17555e+08	-1.36335e+06	6.01494e+07	8.99617e+07
2.4751e-11	2.47978e+08	2.72588e+08	5.4822e+08	5.01213e+08	1.26989e+09	-3.38745e+08	5.93958e+07	7.83094e+08	7.54214e+08	-1.89246e+07	-6.8573e+06	2.30482e+08	-1.11566e+07	-6.79294e+07	-1.31014e+08
2.9751e-11	5.14281e+08	8.89599e+08	8.03181e+08	2.00468e+08	6.19156e+08	-3.81275e+08	4.6101e+07	-3.62946e+08	7.19605e+08	1.41115e+07	-2.52177e+08	-1.05602e+08	2.66345e+07	9.92308e+07	4.22471e+08
3.4751e-11	9.84532e+08	-4.19703e+07	1.1826e+09	5.56551e+08	1.09455e+09	3.31598e+08	-1.94692e+07	1.9369e+08	-3.6229e+07	-9.05164e+06	-1.28749e+08	4.31864e+08	7.26061e+07	1.46002e+08	7.45614e+08
3.9751e-11	1.28654e+09	-6.88972e+08	1.12111e+09	7.52356e+08	4.16741e+08	9.73179e+08	1.94282e+08	-3.8265e+07	9.78741e+08	-3.43375e+06	-3.98434e+07	5.19641e+08	9.6002e+06	-7.54037e+07	-1.00588e+08
4.4751e-11	1.03674e+09	-1.03727e+09	2.28853e+08	8.83143e+08	1.43813e+08	1.13483e+09	1.14701e+08	-7.94849e+07	7.29772e+08	-709914	1.88929e+08	-1.95359e+07	-1.64281e+07	-1.9318e+07	1.46392e+08
4.9751e-11	1.21188e+09	-1.24972e+09	-2.77008e+08	1.14883e+09	-1.24706e+08	1.53e+09	1.73513e+08	-5.93691e+08	5.28562e+08	1.74224e+07	-2.5509e+07	-1.4042e+08	-2.13549e+07	-1.74119e+08	-2.25972e+08
5.4751e-11	1.24029e+09	-1.10255e+09	-6.90513e+08	8.12199e+08	-9.90022e+08	4.89193e+08	1.53812e+08	-6.27931e+08	3.63358e+08	-3.43967e+07	-2.37628e+08	3.2559e+08	-3.64816e+07	-1.78263e+08	-9.51984e+07
5.9751e-11	9.40692e+08	-5.34081e+08	-1.1991e+09	1.0157e+09	-1.47173e+09	2.39187e+08	2.64518e+08	-9.39875e+08	9.41728e+07	-3.30161e+07	2.43628e+08	-1.61285e+08	-4.19054e+07	-4.43043e+08	-3.75916e+08
6.4751e-11	1.08124e+09	-7.48458e+08	-1.11e+09	9.98638e+08	-1.45539e+09	-2.62678e+08	1.11546e+08	-1.36347e+08	-3.88712e+08	-3.33766e+07	7.90999e+07	-3.1997e+08	-2.72492e+07	1.04993e+08	5.74155e+07
6.9751e-11	9.56129e+08	4.27027e+07	-1.02004e+09	6.11108e+08	-8.37441e+08	-3.36357e+08	1.40732e+08	8.09884e+07	-5.8976e+08	-6.34344e+07	7.00136e+08	-1.14344e+08	-1.89109e+06	-1.79206e+08	6.03205e+07
7.4751e-11	1.38709e+09	5.74942e+08	-1.29298e+09	1.15959e+09	-4.88906e+08	-1.36195e+09	1.07918e+08	3.51989e+08	-2.84158e+08	-1.36326e+07	-4.90341e+08	-2.39367e+08	-1.74788e+07	-1.14538e+08	2.27683e+08
7.9751e-11	1.29473e+09	1.34227e+09	-4.56557e+08	8.55661e+08	3.8354e+08	-1.05963e+09	1.75649e+08	3.88382e+08	-2.26104e+08	-2.80784e+07	1.2162e+07	-6.64991e+08	5.75098e+06	-1.5902e+08	1.30701e+08
8.4751e-11	1.32997e+09	1.33395e+09	5.30444e+07	6.51821e+08	4.94192e+08	-6.81629e+08	2.45185e+08	6.87431e+08	-6.58623e+07	-4.72773e+07	-3.42373e+08	-5.13512e+08	3.31492e+06	2.71836e+08	-3.63663e+08
8.9751e-11	1.36175e+09	7.21171e+08	1.42547e+09	9.19573e+08	9.98159e+08	-6.5871e+07	2.50721e+08	8.44503e+08	-3.11489e+08	-5.34138e+07	-3.83402e+08	-2.12849e+07	6.3053e+06	3.70773e+08	3.32303e+08
9.4751e-11	1.39664e+09	2.72127e+08	1.355e+09	1.02558e+09	1.28699e+09	2.20429e+08	3.21772e+08	7.97643e+08	4.71923e+08	268281	-2.36423e+08	-3.89897e+08	-2.09605e+07	3.75569e+08	-1.73565e+08
9.9751e-11	8.04066e+08	-4.62057e+08	9.07066e+08	7.32682e+08	9.57493e+08	4.55626e+08	1.80106e+08	6.79603e+07	7.92443e+08	-249229	-2.50819e+07	-3.48885e+08	-1.14428e+07	-1.24052e+08	-4.08416e+08
1.04751e-10	1.01531e+09	-6.97431e+08	7.60582e+08	1.02953e+09	8.40492e+08	1.26211e+09	2.36368e+08	3.18662e+07	7.68914e+08	-3.49996e+07	2.92933e+08	-1.7995e+08	-1.48816e+07	-7.16088e+08	-2.47906e+08
1.09751e-10	1.15745e+09	-1.08749e+09	6.35801e+08	1.11046e+09	-1.33264e+08	1.37702e+09	3.01883e+08	-7.74419e+08	8.83738e+08	1.3237e+07	-1.51358e+08	2.20517e+08	2.42483e+07	2.55048e+08	-1.95138e+07
1.14751e-10	1.31262e+09	-1.51092e+09	3.8545e+08	7.61114e+08	-6.81523e+08	9.13689e+08	4.48904e+08	-1.03256e+09	6.44121e+08	-2.39791e+07	3.48644e+08	-8.52331e+07	-1.35817e+07	-8.63113e+07	8.54917e+06
1.19751e-10	1.23771e+09	-6.86089e+08	-1.12697e+09	7.99197e+08	-8.12858e+08	8.18212e+08	2.40865e+08	-7.60529e+08	3.03489e+08	1.36364e+07	1.70026e+08	1.5584e+08	1.2224e+07	-2.39656e+08	4.12385e+07
1.24751e-10	9.74448e+08	-7.46967e+08	-7.54537e+08	8.3666e+08	-1.22678e+09	2.0677e+08	2.78479e+08	-1.01804e+09	-2.84074e+08	-1.90583e+07	-1.10764e+07	3.29043e+08	-7.5747e+06	2.37052e+08	-7.28586e+07
1.29751e-10	9.31641e+08	3.77376e+08	-9.57355e+08	7.85458e+08	-9.94452e+08	-4.5295e+08	2.58718e+08	-4.635e+08	-8.75096e+08	-1.31809e+07	-2.14813e+08	4.0857e+08	1.59743e+07	-2.49002e+07	2.11631e+08
1.34751e-10	9.35686e+08	8.23107e+08	-1.15134e+09	8.1818e+08	-6.38722e+08	-9.20799e+08	2.04741e+08	-3.91769e+08	-7.01606e+08	-7.37826e+06	4.44706e+07	1.13042e+08	-1.88441e+07	8.9079e+07	-2.69359e+08
1.39751e-10	1.03887e+09	6.35566e+08	-1.1589e+09	1.01936e+09	-1.35344e+08	-1.63674e+09	3.1095e+08	1.50695e+08	-9.74077e+08	4.35291e+06	1.48552e+08	-7.30828e+07	-4.04646e+07	-3.92156e+08	4.8565e+08
1.44751e-10	1.38001e+09	1.58742e+09	-2.12174e+08	7.53248e+08	8.11865e+07	-1.21636e+09	2.18036e+08	8.33614e+08	-1.68244e+08	-2.8362e+07	-1.32261e+08	4.0067e+08	3.2165e+07	2.31527e+08	4.7829e+08
1.49751e-10	1.18021e+09	1.26662e+09	5.20822e+08	8.4878e+08	1.05944e+09	-9.05846e+08	3.10504e+08	6.70326e+08	-8.59666e+08	-2.50338e+07	-3.13215e+08	-3.4633e+07	-7.47655e+06	3.96125e+08	-3.4901e+07
1.54751e-10	1.07125e+09	1.03682e+09	8.9984e+08	7.69246e+08	1.0913e+09	-3.08011e+08	3.60435e+08	1.11608e+09	-2.07087e+08	9.1259e+06	-3.13563e+08	-3.39673e+08	-8.84952e+06	3.70743e+07	2.07168e+08
1.59751e-10	9.42887e+08	-2.55563e+08	1.28357e+09	8.14568e+08	1.00751e+09	8.39343e+08	3.30165e+08	3.21581e+08	1.1062e+09	-1.57273e+07	-1.78529e+08	2.72218e+08	996438	4.4207e+08	1.61533e+08
1.64751e-10	1.34936e+09	-7.14064e+08	1.1684e+09	6.09284e+08	7.62677e+08	7.22386e+08	2.70858e+08	9.41056e+07	1.02477e+09	3.05701e+06	5.09417e+07	2.44695e+07	4.9063e+06	4.1731e+07	2.05813e+08
1.69751e-10	6.43248e+08	-9.69193e+08	2.0685e+08	6.80456e+08	4.60942e+08	8.41992e+08	2.46749e+08	-2.18545e+08	8.08534e+08	-9.46171e+06	-2.047e+08	-7.62213e+06	1.40089e+07	8.06944e+07	-3.71197e+08
1.74751e-10	1.00918e+09	-1.24199e+09	2.16012e+08	5.38953e+08	-6.95701e+07	9.09992e+08	1.51318e+08	-4.53404e+08	1.55069e+08	-1.62912e+07	-8.1434e+07	3.62296e+06	1.59943e+07	6.47127e+07	316109
1.79751e-10	5.87612e+08	-9.18493e+08	-1.16538e+08	4.94745e+08	-5.25571e+08	6.32392e+08	2.79111e+08	-1.01911e+09	-2.31161e+08	1.37242e+07	1.22153e+06	5.07882e+07	-3.02578e+07	-2.40654e+08	-5.92693e+08
1.84751e-10	9.97783e+08	-6.71221e+07	-1.46398e+09	7.59893e+08	-1.16577e+09	4.68838e+08	2.51557e+08	-8.40425e+08	-2.11998e+08	-1.35754e+07	-1.07171e+07	1.92001e+08	-1.44134e+07	4.79836e+08	6.19618e+07
1.89751e-10	7.21438e+08	4.7099e+08	-1.09261e+09	7.15181e+08	-1.38743e+09	-9.98453e+08	1.78194e+08	-2.06678e+08	-6.27193e+08	-3.38136e+07	-2.50642e+08	-2.30408e+08	-2.16813e+07	-1.67095e+08	-4.03207e+08
1.94751e-10	8.279e+08	6.39869e+08	-1.29285e+09	6.6641e+08	-1.02865e+09	-7.9744e+08	9.41102e+07	3.24674e+08	-4.37218e+08	-5.28122e+07	-3.03615e+08	-5.92259e+08	-1.529e+07	-7.65991e+07	-2.51942e+08
1.99751e-10	9.33165e+08	1.02008e+09	-5.45841e+08	7.02545e+08	-2.4323e+08	-1.19173e+09	8.25436e+07	3.48195e+08	-4.27152e+08	-3.42468e+07	6.45427e+07	1.70495e+08	1.79513e+07	-2.45781e+08	-3.31343e+08
2.04751e-10	8.65774e+08	1.21477e+09	5.79706e+07	4.7632e+08	-1.8521e+06	-8.73631e+08	5.79095e+07	-9.68178e+07	-5.1284e+08	-2.57648e+06	-1.16309e+07	3.48801e+08	-4.25897e+07	-7.42438e+08	-1.51009e+06
2.09751e-10	5.4806e+08	1.23326e+09	1.66916e+08	6.65298e+08	1.15552e+09	-5.58001e+08	2.0719e+08	6.16154e+08	-4.01444e+08	318674	-2.37059e+08	-8.40661e+08	2.88104e+07	2.00494e+08	3.18529e+08
2.14751e-10	6.30474e+08	9.53688e+07	1.01478e+09	6.67756e+08	1.42097e+09	-1.11102e+08	1.62979e+08	5.17626e+08	4.00458e+08	8.71713e+06	-9.72739e+06	2.87115e+08	-1.13188e+06	-2.4661e+08	2.29928e+08
2.19751e-10	8.96375e+08	8.86858e+06	1.15922e+09	8.86174e+08	1.4685e+09	2.37755e+08	6.33777e+07	4.45341e+08	1.24565e+08	4.59397e+07	2.68863e+08	8.11061e+07	4.58444e+06	1.48578e+08	-5.2998e+08
2.24751e-10	1.05595e+09	-6.07774e+08	1.29698e+09	5.18901e+08	5.86909e+08	7.51535e+08	8.84593e+07	1.27996e+08	3.63976e+08	-9.56931e+06	3.01553e+08	2.72083e+08	1.5869e+07	-8.02444e+07	-6.47584e+07
2.29751e-10	7.17403e+08	-8.03558e+08	8.5044e+08	5.20819e+08	3.74493e+08	8.77675e+08	1.78771e+08	-2.83225e+08	4.29635e+08	-9.03795e+06	-1.02e+08	1.8549e+08	-3.35939e+07	-3.65874e+08	-1.60696e+06
2.34751e-10	9.48596e+08	-1.26194e+09	1.48106e+08	8.01385e+08	-1.22252e+08	1.25019e+09	1.79744e+08	-7.03505e+08	3.48822e+08	-9.38814e+06	1.53975e+08	3.2097e+08	-5.64893e+07	-3.46121e+08	-1.16917e+08
