Wed Oct 30 23:09:39 2024

<base> : Rectangle : 0m, 0m, 0m; 4um, 50nm, 25nm. Cells : 800, 10, 5. Cellsize : 5nm, 5nm, 5nm
<supermesh> : Rectangle : 0m, 0m, 0m; 4um, 50nm, 25nm. Cells : 800, 10, 5. Cellsize : 5nm, 5nm, 5nm

Saved data (dataname (unit) <meshname> (cells_rectangle)) : 

time (s)	<mxdmdt> (1/s) <base> (2.02um, 0m, 0m; 2.03um, 50nm, 5nm)			<mxdmdt> (1/s) <base> (2.3um, 0m, 0m; 2.31um, 50nm, 5nm)			<mxdmdt> (1/s) <base> (2.6um, 0m, 0m; 2.61um, 50nm, 5nm)			<mxdmdt> (1/s) <base> (3um, 0m, 0m; 3.01um, 50nm, 5nm)			<mxdmdt> (1/s) <base> (3.5um, 0m, 0m; 3.51um, 50nm, 5nm)			

0	1790.76	-334548	199645	-4141.67	1.02156e+06	79550.3	1335.43	194105	227282	2520.82	239944	48239.4	-10918.5	51949.5	-417916
5e-12	-2.26025e+09	-1.84179e+11	2.12855e+10	1.13893e+09	2.79882e+11	-1.91836e+10	-1.85507e+10	-3.11262e+11	-2.93939e+10	-2.18301e+09	2.04092e+11	-3.35442e+10	-1.36993e+10	2.53386e+11	2.21898e+08
1e-11	2.69176e+09	-3.43401e+10	-8.95089e+09	4.15793e+09	1.39111e+11	9.71381e+10	-8.58098e+09	-1.53759e+11	-7.14124e+10	-2.32189e+08	-1.95959e+11	5.171e+10	-3.46682e+09	9.04722e+10	1.92016e+10
1.5e-11	2.78695e+09	-3.37615e+11	-1.16689e+10	-7.25969e+09	6.8613e+09	5.02981e+11	-9.93814e+08	-2.61873e+10	8.62996e+10	-4.28268e+09	3.25447e+10	8.34501e+10	4.71884e+09	-2.07618e+10	2.01155e+11
2e-11	1.43525e+10	-2.0572e+10	-1.58732e+11	-7.95001e+09	-5.38336e+10	1.61671e+11	-6.41413e+09	1.58579e+11	-9.17778e+10	-1.01589e+10	-1.81562e+11	6.88633e+09	7.33572e+09	-9.92901e+10	1.6953e+11
2.5e-11	1.35174e+10	2.94465e+10	-2.22081e+11	5.48736e+09	1.23342e+11	3.13773e+11	-1.25405e+10	-1.31009e+11	-2.17572e+10	9.93149e+08	-5.02937e+11	1.64859e+11	-3.57018e+09	-1.85266e+11	8.07081e+10
3e-11	-4.3197e+09	-7.30408e+10	2.50695e+11	-8.65292e+08	1.09887e+11	-7.23978e+09	-1.15253e+10	-9.09734e+10	-1.00324e+11	-5.72927e+09	1.77735e+11	-4.55215e+10	-3.35201e+08	9.03643e+10	1.65021e+10
3.5e-11	-3.1211e+09	-5.45223e+10	-1.78063e+11	-1.14518e+10	-3.12936e+11	1.99362e+10	-4.67497e+09	7.89718e+10	2.5798e+10	-1.04158e+10	-2.01707e+10	-1.63648e+11	2.3793e+09	3.46635e+10	-1.54331e+11
4e-11	2.68986e+08	1.45395e+11	-2.30161e+11	-6.81969e+08	1.4049e+10	1.73794e+11	-2.48128e+09	9.18874e+10	-8.0963e+10	-7.32491e+09	-2.8131e+11	-8.42636e+10	-6.07482e+09	-4.32354e+10	4.65482e+10
4.5e-11	4.16361e+09	-8.26857e+09	1.16017e+11	1.0212e+10	-6.24017e+10	1.1321e+11	3.89832e+09	5.61584e+10	1.05805e+11	-1.22583e+10	1.79602e+11	-1.13476e+11	-1.10706e+10	-6.24855e+10	1.03342e+11
5e-11	-4.60611e+09	9.68603e+10	-2.35265e+11	7.81316e+09	-2.21648e+11	-1.43189e+11	-2.84284e+09	6.86796e+10	-5.58877e+10	9.31704e+08	-3.06708e+10	1.3656e+11	-5.93715e+09	-2.46709e+10	6.23401e+10
5.5e-11	2.8858e+10	2.36206e+11	1.4875e+11	-5.76341e+09	-1.56746e+11	1.83694e+11	-3.55465e+09	-8.78991e+10	-1.01126e+11	-7.53358e+09	-1.46904e+09	1.05382e+10	-9.08777e+09	1.92438e+11	-3.73047e+10
6e-11	1.3494e+09	1.55215e+11	-1.2261e+11	-5.62125e+09	-1.27137e+11	5.36964e+10	-2.55714e+10	1.91785e+08	-2.11038e+11	-2.70705e+09	-2.323e+11	1.46994e+11	-6.64435e+09	-6.68891e+10	8.98935e+10
6.5e-11	-3.40825e+09	1.8444e+11	-7.89044e+10	1.03201e+10	-1.16719e+11	-5.35144e+10	-1.07818e+10	-1.72836e+11	2.39176e+11	-5.4033e+08	1.84626e+11	-3.81666e+10	-1.66051e+09	-3.50048e+11	1.2887e+10
7e-11	2.52494e+10	1.60441e+11	5.63593e+10	-2.363e+09	1.73791e+11	-1.38859e+11	-7.17973e+09	6.59459e+10	-1.09404e+11	-1.9924e+09	-1.7936e+11	1.31639e+11	-7.6623e+09	2.48346e+11	-4.85179e+10
7.5e-11	5.66628e+10	-5.69736e+10	3.19225e+11	6.31006e+08	-5.50355e+10	-3.54905e+09	1.90582e+09	1.4481e+11	5.13547e+10	1.75854e+09	1.28997e+11	2.32273e+11	-3.92766e+09	-1.67417e+10	-3.86747e+10
8e-11	5.97359e+10	4.83663e+10	3.79748e+11	-1.2114e+10	-6.4176e+10	6.84271e+10	-9.16869e+09	-3.08192e+11	3.1949e+11	-1.56472e+09	1.07138e+10	-2.46923e+10	-3.82324e+09	-1.29758e+11	1.15583e+11
8.5e-11	1.44528e+10	1.00742e+11	1.56488e+11	-7.09699e+09	3.91017e+10	2.40369e+11	-1.45156e+09	-1.7458e+11	6.95006e+10	-2.64522e+09	1.41087e+11	6.58861e+10	-1.28853e+10	-2.12084e+11	-1.17008e+11
9e-11	1.1437e+11	-4.84858e+11	7.85714e+10	1.27156e+10	2.50933e+11	2.42241e+08	2.5244e+09	1.16304e+11	-9.79696e+10	-1.26862e+10	1.15462e+11	-7.59135e+09	-1.07397e+10	8.32745e+10	-7.82133e+09
9.5e-11	1.26374e+11	-3.98594e+11	2.98328e+11	2.34737e+10	2.52114e+11	-1.60171e+10	-1.47352e+10	3.55008e+10	-2.80376e+11	6.97031e+08	-1.87298e+11	5.71454e+10	-9.71786e+09	-6.296e+10	-5.91071e+10
1e-10	1.19975e+11	-3.66271e+11	-1.46403e+11	9.0647e+10	4.63172e+11	-7.31273e+10	-1.25481e+09	2.57613e+11	6.36927e+09	-1.76616e+09	-1.30125e+11	3.11046e+11	-1.4782e+10	5.35692e+10	2.6656e+10
1.05e-10	1.73899e+11	-4.67366e+11	-2.81234e+11	3.07862e+10	2.16783e+11	-6.04175e+10	2.39173e+10	-8.38115e+10	2.56001e+11	-1.52192e+09	-1.58139e+11	3.15048e+09	-2.16484e+09	4.72076e+10	1.03941e+11
1.1e-10	1.42141e+11	-2.42018e+11	-3.14328e+11	7.28749e+09	4.69279e+10	2.23217e+10	1.52897e+10	-3.40925e+11	-5.53697e+10	4.88847e+09	9.71519e+08	1.64709e+10	5.38461e+08	-2.49094e+11	-2.38082e+11
1.15e-10	8.21135e+10	2.13121e+11	-3.14269e+11	5.14795e+10	1.52758e+11	2.19739e+11	5.35603e+09	-9.549e+10	2.77066e+11	-7.9137e+09	-7.29657e+10	-3.61942e+11	3.72233e+08	-8.17818e+10	-1.97425e+11
1.2e-10	1.4449e+11	-1.29065e+11	-3.59295e+11	1.06655e+11	2.90103e+11	3.43023e+11	3.92282e+10	-2.68606e+11	-6.9975e+10	-1.46392e+10	-8.49835e+10	4.34155e+10	-9.29714e+09	1.21141e+11	-1.36532e+11
1.25e-10	2.38448e+11	1.13665e+11	-4.81771e+11	4.29528e+10	-6.629e+10	2.15201e+11	3.91948e+10	-2.86609e+11	-3.40908e+09	2.18191e+09	6.48046e+10	-4.41218e+10	-1.48725e+10	-9.81367e+10	9.24517e+10
1.3e-10	2.06916e+11	4.35591e+11	-2.83767e+11	1.48154e+11	-1.26588e+11	5.17939e+11	7.4471e+09	-2.4572e+10	-4.15247e+10	3.79821e+09	7.39015e+10	-1.40186e+11	1.43426e+10	-7.22872e+09	-2.29165e+11
1.35e-10	1.57996e+11	3.54836e+11	-1.15158e+11	1.2329e+11	-3.33756e+11	3.36826e+11	5.97566e+09	-1.87742e+11	-1.08478e+11	1.4328e+10	-1.28441e+11	-2.0533e+11	-2.64764e+10	8.11805e+10	2.98431e+10
1.4e-10	1.38412e+11	2.58515e+11	-9.26367e+10	1.46338e+11	-2.8125e+11	4.67925e+11	3.12447e+10	-5.3573e+09	-3.14661e+11	-6.08678e+09	-5.77278e+10	-5.74496e+10	-4.07894e+08	4.25094e+10	-1.22081e+11
1.45e-10	2.806e+11	5.86619e+11	1.50477e+11	7.34471e+10	-2.2459e+11	1.22124e+11	-1.73009e+10	4.87154e+10	8.79298e+10	-2.54408e+10	-1.09668e+11	1.61995e+11	5.46278e+09	7.13053e+10	-1.08206e+11
1.5e-10	2.21751e+11	3.99705e+11	4.00231e+11	1.12889e+11	-4.54672e+11	-3.83454e+10	1.66462e+10	7.20425e+10	-7.41853e+10	-1.47754e+10	1.63771e+10	1.58359e+10	-3.82345e+09	1.79414e+10	1.08727e+11
1.55e-10	2.64428e+11	4.33041e+11	2.62719e+11	8.54558e+10	-2.81739e+11	-1.51822e+11	4.2132e+10	2.49641e+11	-1.37226e+11	1.31399e+10	1.66535e+11	9.60125e+10	-1.12126e+09	6.03328e+10	-2.50117e+11
1.6e-10	2.90941e+11	4.0002e+11	3.35594e+11	1.08441e+11	-3.28933e+11	-2.18424e+11	3.74347e+10	2.83719e+11	-1.00639e+11	2.28993e+10	8.05809e+09	1.75813e+11	-2.1228e+10	-2.47679e+11	-1.18123e+11
1.65e-10	3.57137e+11	3.07503e+11	5.82691e+11	1.53801e+11	-5.55436e+11	-9.25273e+10	5.88565e+10	3.62794e+11	1.77682e+11	9.46744e+09	1.26843e+11	8.56207e+10	-1.07609e+10	-7.5785e+10	-3.74685e+10
1.7e-10	3.24114e+11	2.84448e+11	5.49972e+11	1.2953e+11	2.66649e+10	-4.61528e+11	4.93392e+10	2.29621e+11	1.59356e+11	1.89404e+10	6.36719e+10	2.8647e+11	-3.14854e+09	-1.27231e+11	7.75054e+10
1.75e-10	5.39237e+11	-2.56025e+11	7.68782e+11	1.2577e+11	-1.44737e+11	-3.79903e+11	2.17488e+10	1.9561e+11	-5.73559e+10	1.19191e+10	-3.84141e+11	1.24488e+11	-1.09788e+10	1.63687e+11	-1.1552e+11
1.8e-10	3.62636e+11	-4.97205e+11	2.84168e+11	1.20009e+11	5.19384e+11	-2.6032e+11	7.31156e+10	2.82617e+11	3.12383e+11	7.55494e+09	-2.37803e+11	1.08653e+11	-6.31497e+08	-1.34589e+11	1.22954e+10
1.85e-10	4.59701e+11	-7.25689e+11	2.11764e+11	1.79232e+11	3.49754e+11	-4.21728e+11	4.852e+10	2.4152e+11	1.9506e+11	1.27934e+09	1.00643e+11	2.31602e+11	-4.91469e+09	2.57589e+11	1.55631e+11
1.9e-10	4.97376e+11	-7.67168e+11	1.1817e+11	1.39928e+11	2.61122e+11	-3.58688e+11	7.51975e+10	3.17513e+11	5.76703e+11	1.06972e+10	-2.10461e+11	-1.0737e+11	-1.22806e+10	9.02027e+10	1.01385e+11
1.95e-10	3.04726e+11	-4.63027e+11	-1.8309e+11	1.95277e+11	5.66187e+11	3.40691e+10	3.11377e+10	4.62416e+10	2.17105e+11	9.2569e+09	-8.66692e+10	9.25594e+10	-1.81396e+09	-1.54984e+11	-1.8394e+11
2e-10	5.72411e+11	-6.20343e+11	-5.47352e+11	6.67576e+10	2.16774e+11	1.58426e+10	7.18962e+10	-2.52081e+11	3.09523e+11	2.42221e+10	-2.76576e+11	6.32291e+10	-1.36593e+10	1.67191e+11	-1.04636e+11
2.05e-10	4.7393e+11	-2.88768e+11	-6.65015e+11	1.21272e+11	2.72123e+11	1.74902e+11	6.35728e+10	-2.52359e+11	6.54429e+10	-1.65845e+10	-5.71286e+10	2.67659e+11	-4.12169e+09	2.9512e+10	5.03788e+10
2.1e-10	2.45484e+11	-4.89864e+10	-3.79255e+11	2.07389e+11	2.26987e+11	5.23923e+11	5.93613e+10	-2.71761e+11	7.72592e+10	-1.83597e+10	1.13555e+11	2.0328e+10	-3.57854e+10	1.87917e+11	1.05783e+11
2.15e-10	4.8662e+11	1.3872e+11	-7.99429e+11	1.05039e+11	1.72274e+11	2.73261e+11	6.44265e+10	-3.51745e+11	-1.2411e+10	3.31635e+10	-4.93979e+11	-1.58972e+11	4.08814e+09	1.70728e+11	-1.71897e+11
2.2e-10	3.45182e+11	2.55469e+11	-5.03458e+11	2.27489e+11	8.85188e+10	6.14711e+11	7.48985e+10	-2.80606e+11	-2.99304e+11	2.73127e+10	-1.29999e+11	-3.53289e+11	-9.77859e+09	-2.69049e+10	-2.27221e+11
2.25e-10	3.69647e+11	4.48342e+11	-4.4202e+11	8.98139e+10	1.81137e+09	2.34452e+11	4.01018e+10	-7.51961e+10	-2.1719e+11	1.87967e+10	6.43097e+10	-1.86729e+11	-3.05206e+09	3.66638e+11	-1.7008e+10
2.3e-10	3.07154e+11	5.09339e+11	-2.17777e+10	1.9894e+11	-3.59254e+11	4.57875e+11	2.73761e+10	1.06204e+11	-1.64735e+11	-2.61219e+10	-4.40729e+10	9.75987e+10	7.59231e+09	-1.53018e+11	-2.44389e+11
2.35e-10	2.86047e+11	4.65614e+11	4.9187e+10	1.30358e+11	-4.47285e+11	1.38544e+10	1.70413e+10	5.82367e+10	-8.24095e+10	8.31989e+09	2.5228e+11	-1.33298e+11	2.42483e+08	3.56088e+11	-7.3072e+10
2.4e-10	4.02558e+11	6.6242e+11	1.47995e+11	1.71636e+11	-4.96324e+11	1.38238e+11	8.46126e+10	4.33943e+11	-2.19849e+11	8.30953e+08	2.1402e+09	2.14824e+10	5.25242e+09	2.98555e+11	-1.98099e+11
2.45e-10	4.08692e+11	4.90425e+11	5.54068e+11	2.70611e+11	-7.94405e+11	-1.8161e+11	3.89578e+10	1.28989e+11	-1.13918e+11	9.48743e+09	1.82748e+11	-1.58105e+11	-1.04213e+09	1.49353e+11	-1.55081e+11
2.5e-10	3.17385e+11	1.878e+11	4.89792e+11	1.24479e+11	-3.10082e+11	-3.00893e+11	3.50152e+10	2.39309e+11	9.18192e+10	-3.40732e+09	-1.7434e+11	1.69608e+11	1.91178e+09	4.03164e+10	4.40342e+10
2.55e-10	3.81248e+11	7.69067e+10	6.53647e+11	1.48845e+11	-3.40436e+11	-2.44034e+11	5.85788e+10	2.94217e+11	-5.74478e+10	1.71488e+10	8.76572e+10	3.4598e+11	9.54338e+09	2.00518e+11	1.42064e+11
2.6e-10	3.69456e+11	-3.86398e+11	6.07973e+11	2.18113e+11	-2.6881e+11	-5.45201e+11	9.49899e+10	5.7324e+11	-9.53547e+10	5.0604e+10	3.28434e+11	6.08632e+11	-1.99642e+09	1.03713e+11	8.8432e+10
2.65e-10	4.5477e+11	-5.84492e+11	5.19002e+11	1.33518e+11	3.85293e+11	-4.36755e+11	2.9376e+10	1.80584e+11	4.61815e+09	1.13623e+10	1.14084e+11	1.16439e+11	9.56672e+09	1.42576e+11	3.10242e+11
2.7e-10	2.23469e+11	-4.37336e+11	7.99507e+10	1.86106e+11	6.79838e+11	-2.71051e+11	5.85015e+10	4.63108e+10	3.18255e+11	5.79135e+09	-2.48414e+11	7.91052e+10	1.19834e+10	3.69917e+11	2.80221e+11
2.75e-10	3.96854e+11	-6.47399e+11	2.16596e+11	1.75397e+11	4.61591e+11	-1.96603e+11	8.53251e+10	1.01533e+11	5.34531e+11	6.64177e+09	-1.03725e+11	-1.63387e+11	3.98256e+09	-6.08735e+11	9.11587e+10
2.8e-10	4.36756e+11	-6.99597e+11	-3.39769e+11	1.89809e+11	4.78152e+11	-1.09189e+11	7.79697e+10	-3.78249e+11	3.6129e+11	3.61746e+08	-1.61369e+11	4.3535e+10	1.49304e+10	-1.70052e+11	1.64028e+11
2.85e-10	2.80191e+11	-3.66095e+11	-3.11837e+11	1.42579e+11	4.10565e+11	1.50441e+10	6.14461e+10	-2.19117e+11	3.18723e+11	5.88729e+09	-1.11467e+11	6.91026e+10	-1.70802e+10	2.10463e+10	9.11442e+10
2.9e-10	3.78241e+11	-5.07493e+11	-4.90193e+11	1.07727e+11	2.65394e+11	1.8958e+11	9.41935e+10	-3.74225e+11	6.06927e+10	-2.26796e+10	1.57916e+11	1.03156e+11	-1.3546e+10	-7.34444e+10	6.0111e+10
2.95e-10	3.57862e+11	-8.62106e+09	-6.26996e+11	1.57701e+11	4.11896e+11	3.24164e+11	-4.64596e+09	-1.1107e+10	2.22635e+11	2.09408e+10	-3.0947e+09	-2.30098e+11	-2.4702e+10	2.42988e+11	3.15812e+10
3e-10	3.62977e+11	-5.45809e+10	-6.51045e+11	1.34804e+11	1.36115e+11	4.07724e+11	9.17494e+10	-3.83861e+11	-3.10428e+11	2.50929e+09	3.00522e+10	9.19452e+09	3.2032e+09	-2.45418e+11	-1.68942e+11
3.05e-10	3.68436e+11	1.3313e+11	-6.53027e+11	9.36788e+10	1.20841e+10	3.3167e+11	3.28849e+10	-1.31139e+11	-1.19304e+11	1.00162e+09	-9.37894e+10	-1.30505e+11	3.28053e+09	8.00554e+10	-1.64658e+11
3.1e-10	3.01903e+11	4.06461e+11	-3.04776e+11	2.37451e+11	-2.64159e+11	6.5862e+11	-5.26105e+09	-6.4544e+09	-5.07683e+10	-1.60453e+10	-1.05215e+11	2.37817e+10	-2.57296e+09	-2.38724e+11	-2.98638e+10
3.15e-10	3.29155e+11	5.2639e+11	-1.37429e+11	1.94035e+11	-1.34584e+11	6.01875e+11	4.64071e+10	2.40822e+11	-2.74627e+11	2.22591e+09	6.7978e+09	-1.621e+11	-9.39966e+08	-1.49107e+10	-1.36583e+11
3.2e-10	2.86835e+11	4.74541e+11	-4.92843e+10	4.71381e+10	-2.28799e+11	-4.35043e+10	3.99434e+10	-1.41974e+11	-2.93463e+11	1.77668e+10	2.59634e+11	5.96698e+10	-1.95163e+10	8.43425e+09	2.18675e+11
3.25e-10	5.19266e+11	7.58328e+11	3.97603e+11	1.09108e+11	-2.64484e+11	2.63425e+11	6.17954e+10	9.8663e+10	-3.44515e+11	1.30412e+10	1.60939e+11	3.941e+10	4.3639e+09	-8.08646e+10	-2.19322e+11
3.3e-10	4.62348e+11	5.01853e+11	5.19153e+11	1.32085e+11	-3.05458e+11	-3.40883e+11	3.83347e+10	3.81999e+11	5.39273e+10	-3.43072e+09	1.22221e+11	6.58082e+10	-6.50811e+09	6.69761e+10	1.93343e+11
3.35e-10	3.64857e+11	2.02398e+11	5.39446e+11	1.28314e+11	-2.65242e+11	-4.44289e+11	4.33982e+10	2.3809e+11	-3.32803e+10	1.98312e+10	1.07329e+11	1.10078e+11	-1.05695e+10	9.45903e+10	-7.22253e+10
3.4e-10	4.85027e+11	2.63549e+11	7.35387e+11	1.71922e+11	-2.16052e+11	-4.74395e+11	4.18163e+10	2.03426e+11	-4.18539e+08	1.54385e+10	9.00358e+10	2.97894e+11	1.19571e+10	-1.85386e+09	1.9912e+10
3.45e-10	3.69293e+11	-7.48682e+10	6.0241e+11	1.28434e+11	-2.88486e+11	-2.6776e+11	4.04149e+10	2.10242e+11	4.4815e+10	1.6437e+09	2.70366e+11	1.15837e+11	1.99424e+10	-6.94527e+09	3.72321e+11
3.5e-10	4.61875e+11	-4.21436e+11	5.34119e+11	1.43019e+11	-6.09538e+10	-4.21523e+11	5.14783e+10	2.2058e+11	1.89495e+11	-1.67012e+10	-9.78148e+10	-7.71576e+10	-1.87437e+10	-3.0775e+10	2.76363e+09
3.55e-10	3.90993e+11	-4.69951e+11	4.40712e+11	1.36649e+11	2.24278e+11	-3.39958e+11	2.92201e+09	1.48741e+11	-3.06642e+10	1.96546e+09	-4.38316e+10	1.3357e+11	-7.70353e+09	-2.56632e+11	-1.09151e+11
3.6e-10	3.04901e+11	-5.32753e+11	-9.58975e+10	1.42865e+11	3.26922e+10	-5.56127e+11	1.73582e+10	-1.96677e+10	1.35961e+11	-3.37842e+10	1.81483e+11	-1.31404e+11	-4.35899e+09	2.9341e+11	6.95692e+10
3.65e-10	3.3602e+11	-5.74153e+11	-1.07446e+11	1.68848e+11	4.24726e+11	-1.89285e+11	8.41415e+10	-2.16658e+11	3.4806e+11	7.72055e+09	-7.3026e+10	2.62594e+10	8.06498e+09	-1.54458e+11	3.81356e+10
3.7e-10	3.50874e+11	-5.42509e+11	-2.74548e+11	5.49695e+10	1.38423e+11	1.4878e+11	7.64394e+10	-2.58777e+11	2.67817e+11	8.3803e+08	-4.48977e+10	1.61476e+11	-8.31679e+09	-3.40527e+10	1.59808e+11
3.75e-10	3.76287e+11	-5.11347e+11	-3.67275e+11	1.78146e+11	3.74446e+11	3.39426e+11	3.75319e+10	-5.84847e+10	2.71801e+11	1.91385e+10	-3.02451e+10	-3.15082e+11	1.28073e+10	-1.77612e+11	4.00391e+10
3.8e-10	3.93223e+11	5.26288e+10	-6.12052e+11	8.33142e+10	2.23533e+11	1.06235e+11	1.40037e+11	-6.10843e+11	1.17904e+10	4.34545e+09	-2.02992e+11	-3.29538e+10	-1.67798e+10	1.22181e+11	-6.10809e+08
3.85e-10	3.19037e+11	1.33039e+11	-4.82935e+11	1.82537e+11	2.75543e+11	3.95441e+11	7.74136e+10	-3.54365e+11	-2.90262e+10	1.30405e+10	6.64253e+08	-1.82116e+11	8.14379e+08	-7.45306e+10	-1.22108e+11
3.9e-10	2.89181e+11	3.12676e+11	-4.30596e+11	1.94828e+11	1.27769e+11	5.85765e+11	8.42651e+10	-4.16211e+11	-1.43702e+11	4.18082e+10	-3.54612e+10	-4.00145e+11	-3.49836e+10	2.25412e+11	2.20923e+11
3.95e-10	3.37222e+11	4.69212e+11	-3.9362e+11	1.41673e+11	-7.69212e+10	3.71197e+11	1.13504e+11	-3.00138e+11	-4.91788e+11	-6.09192e+09	-1.52512e+11	-8.47858e+10	3.22989e+09	-2.32381e+11	-1.33695e+11
4e-10	3.03567e+11	4.14144e+11	-3.21575e+11	1.18379e+11	-2.92431e+11	2.41343e+11	5.35158e+09	-2.48379e+11	1.72537e+09	1.41272e+10	-1.03076e+11	-4.42262e+11	6.39099e+09	-9.90721e+10	-1.59407e+11
4.05e-10	3.93333e+11	6.92914e+11	-2.23636e+11	7.12866e+10	-1.27955e+11	2.1092e+11	3.1667e+10	-5.90989e+10	-2.11438e+11	4.64652e+10	3.81564e+11	-3.05141e+11	-1.10165e+10	5.69683e+10	2.11963e+11
4.1e-10	2.20984e+11	4.65607e+11	-2.40477e+11	1.09325e+11	-3.0446e+11	1.88483e+11	1.65735e+10	-6.66355e+10	-7.60671e+10	-1.85631e+10	-2.25855e+11	1.04848e+11	-1.08864e+10	-3.36008e+10	8.90755e+10
4.15e-10	2.58375e+11	3.00149e+11	3.35821e+11	1.04835e+11	-3.54483e+11	-1.95215e+09	6.30696e+10	2.62594e+11	-2.15401e+11	-8.97137e+09	3.46623e+10	1.05922e+11	-3.68706e+09	1.81242e+11	-8.5796e+10
4.2e-10	1.68741e+11	1.66156e+11	2.60984e+11	1.15778e+11	-3.91323e+11	5.13028e+10	1.18844e+11	6.12659e+11	-5.36499e+10	-9.05076e+09	-3.98496e+10	-1.45166e+11	-6.37436e+09	4.97438e+10	-1.16108e+11
4.25e-10	2.90028e+11	2.4101e+11	4.27436e+11	1.32299e+11	-5.29817e+11	5.69695e+10	1.16468e+11	5.19571e+11	-1.58509e+11	-2.15163e+07	-8.96179e+10	2.85492e+11	-1.51521e+10	1.46658e+11	-4.43719e+11
