Wed Oct 16 11:37:15 2024

<base> : Rectangle : 0m, 0m, 0m; 1.2um, 50nm, 5nm. Cells : 240, 10, 1. Cellsize : 5nm, 5nm, 5nm
<supermesh> : Rectangle : 0m, 0m, 0m; 1.2um, 50nm, 5nm. Cells : 240, 10, 1. Cellsize : 5nm, 5nm, 5nm

Saved data (dataname (unit) <meshname> (cells_rectangle)) : 

time (s)	

0
1e-15
2.14e-12
4.64e-12
7.14e-12
9.64e-12
1.214e-11
1.464e-11
1.714e-11
1.964e-11
2.214e-11
2.464e-11
2.714e-11
2.964e-11
3.214e-11
3.464e-11
3.714e-11
3.964e-11
4.214e-11
4.464e-11
4.714e-11
4.964e-11
5.214e-11
5.464e-11
5.714e-11
5.964e-11
6.214e-11
6.464e-11
6.714e-11
6.964e-11
7.214e-11
7.464e-11
7.714e-11
7.964e-11
8.214e-11
8.464e-11
8.714e-11
8.964e-11
9.214e-11
9.464e-11
9.714e-11
9.964e-11
1.0214e-10
1.0464e-10
1.0714e-10
1.0964e-10
1.1214e-10
1.1464e-10
1.1714e-10
1.1964e-10
1.2214e-10
1.2464e-10
1.2714e-10
1.2964e-10
1.3214e-10
1.3464e-10
1.3714e-10
1.3964e-10
1.4214e-10
1.4464e-10
1.4714e-10
1.4964e-10
1.5214e-10
1.5464e-10
1.5714e-10
1.5964e-10
1.6214e-10
1.6464e-10
1.6714e-10
1.6964e-10
1.7214e-10
1.7464e-10
1.7714e-10
1.7964e-10
1.8214e-10
1.8464e-10
1.8714e-10
1.8964e-10
1.9214e-10
1.9464e-10
1.9714e-10
1.9964e-10
2.0214e-10
2.0464e-10
2.0714e-10
2.0964e-10
2.1214e-10
2.1464e-10
2.1714e-10
2.1964e-10
2.2214e-10
2.2464e-10
2.2714e-10
2.2964e-10
2.3214e-10
2.3464e-10
2.3714e-10
2.3964e-10
2.4214e-10
2.4464e-10
2.4714e-10
2.4964e-10
2.5214e-10
2.5464e-10
2.5714e-10
2.5964e-10
2.6214e-10
2.6464e-10
2.6714e-10
2.6964e-10
2.7214e-10
2.7464e-10
2.7714e-10
2.7964e-10
2.8214e-10
2.8464e-10
2.8714e-10
2.8964e-10
2.9214e-10
2.9464e-10
2.9714e-10
2.9964e-10
3.0214e-10
3.0464e-10
3.0714e-10
3.0964e-10
3.1214e-10
3.1464e-10
3.1714e-10
3.1964e-10
3.2214e-10
3.2464e-10
3.2714e-10
3.2964e-10
3.3214e-10
3.3464e-10
3.3714e-10
3.3964e-10
3.4214e-10
3.4464e-10
3.4714e-10
3.4964e-10
3.5214e-10
3.5464e-10
3.5714e-10
3.5964e-10
3.6214e-10
3.6464e-10
3.6714e-10
3.6964e-10
3.7214e-10
3.7464e-10
3.7714e-10
3.7964e-10
3.8214e-10
3.8464e-10
3.8714e-10
3.8964e-10
3.9214e-10
3.9464e-10
3.9714e-10
3.9964e-10
4.0214e-10
4.0464e-10
4.0714e-10
4.0964e-10
4.1214e-10
4.1464e-10
4.1714e-10
4.1964e-10
4.2214e-10
4.2464e-10
4.2714e-10
4.2964e-10
4.3214e-10
4.3464e-10
4.3714e-10
4.3964e-10
4.4214e-10
4.4464e-10
4.4714e-10
4.4964e-10
4.5214e-10
4.5464e-10
4.5714e-10
4.5964e-10
4.6214e-10
4.6464e-10
4.6714e-10
4.6964e-10
4.7214e-10
4.7464e-10
4.7714e-10
4.7964e-10
4.8214e-10
4.8464e-10
4.8714e-10
4.8964e-10
4.9214e-10
4.9464e-10
4.9714e-10
4.9964e-10
