Mon Oct 14 16:45:24 2024

<base> : Rectangle : 0m, 0m, 0m; 800nm, 20nm, 8nm. Cells : 200, 5, 2. Cellsize : 4nm, 4nm, 4nm
<supermesh> : Rectangle : 0m, 0m, 0m; 800nm, 20nm, 8nm. Cells : 160, 4, 2. Cellsize : 5nm, 5nm, 4nm

Saved data (dataname (unit) <meshname> (cells_rectangle)) : 

time (s)	<mxdmdt> (1/s) <base> (250nm, 0m, 0m; 260nm, 20nm, 8nm)			<mxdmdt> (1/s) <base> (350nm, 0m, 0m; 360nm, 20nm, 8nm)			<mxdmdt> (1/s) <base> (450nm, 0m, 0m; 460nm, 20nm, 8nm)			<mxdmdt> (1/s) <base> (550nm, 0m, 0m; 560nm, 20nm, 8nm)			

0	-4.4577	-914.958	-7.39095	28.7261	1122.03	-537.342	-5.20888	-594.993	726.367	-0.738833	241.384	-2673.62
1e-15	1.62226e+08	5.74702e+08	2.53844e+09	9.84217e+07	8.46629e+08	-2.95415e+08	1.0451e+08	1.98316e+09	6.32865e+08	2.13e+08	-2.28143e+09	6.37406e+08
4.751e-12	6.01365e+07	-4.36344e+07	-1.08895e+09	7.79744e+07	-1.09692e+09	-9.40405e+07	4.02753e+07	1.25043e+09	7.74444e+08	6.74882e+07	5.13492e+08	1.66329e+08
9.751e-12	7.54802e+07	-1.16674e+09	-7.31166e+08	7.33381e+07	-3.24207e+08	1.22871e+09	6.07902e+07	6.05463e+08	-6.69734e+08	6.86108e+07	1.46598e+08	4.19584e+08
1.4751e-11	2.57988e+08	-2.19497e+09	-1.15711e+09	7.63719e+07	-6.74954e+08	1.03393e+09	4.76344e+07	5.49458e+08	6.31287e+08	8.97409e+07	1.3913e+09	-5.45068e+08
1.9751e-11	4.88895e+08	-9.69738e+08	-3.53832e+09	2.22556e+08	-2.07394e+09	3.99282e+08	4.56099e+07	1.18665e+09	5.37182e+08	1.08269e+08	1.32075e+09	2.35315e+08
2.4751e-11	9.68428e+08	6.3051e+08	-5.0313e+09	4.17233e+08	-2.62847e+09	-1.48539e+09	9.16195e+07	-6.58599e+08	1.08625e+09	1.7801e+08	1.35541e+09	2.06498e+09
2.9751e-11	1.89945e+09	4.44628e+09	-5.60988e+09	9.26268e+08	-1.66182e+09	-4.82095e+09	2.8224e+08	-2.73646e+09	1.07896e+09	1.87856e+08	-3.96494e+08	2.67771e+09
3.4751e-11	4.2158e+09	9.01804e+09	-4.49437e+09	1.5404e+09	-8.09115e+07	-6.52059e+09	5.45792e+08	-3.78241e+09	-1.57581e+09	2.82711e+08	-1.61746e+09	2.50823e+09
3.9751e-11	7.89486e+09	1.30914e+10	-3.03431e+09	3.0986e+09	3.04943e+09	-8.5167e+09	1.29393e+09	-4.07302e+09	-4.44463e+09	4.59838e+08	-3.19792e+09	2.06273e+09
4.4751e-11	1.58719e+10	1.40302e+10	-3.9861e+09	6.00854e+09	4.04198e+09	-1.12326e+10	1.98276e+09	-3.21748e+09	-6.52946e+09	8.69395e+08	-5.13836e+09	2.96759e+08
4.9751e-11	2.79882e+10	6.38056e+09	-5.44034e+09	1.41389e+10	-6.53754e+08	-1.53103e+10	2.86826e+09	-4.17089e+09	-7.56347e+09	1.09801e+09	-5.55379e+09	-9.74487e+08
5.4751e-11	3.01886e+10	-1.63695e+09	1.6075e+09	2.98623e+10	-1.21294e+09	-3.2371e+09	7.43623e+09	-1.25448e+10	7.7193e+08	9.33386e+08	-5.15611e+09	-5.99618e+08
5.9751e-11	2.99263e+10	-2.2184e+09	1.0357e+09	3.03214e+10	5.99446e+08	1.42132e+09	2.90059e+10	-6.15711e+09	1.75502e+09	6.92792e+09	-2.12072e+09	1.24206e+10
6.4751e-11	2.99888e+10	-2.90432e+09	7.54928e+08	2.99345e+10	2.08602e+08	2.15887e+09	2.99099e+10	1.20356e+09	2.6216e+08	2.80727e+10	-8.99388e+08	7.85391e+09
6.9751e-11	3.033e+10	-2.3927e+09	-3.42221e+08	2.95826e+10	1.91484e+08	2.15798e+09	2.95889e+10	-1.46028e+09	-2.29057e+08	2.88652e+10	1.17645e+09	5.67021e+09
7.4751e-11	3.07211e+10	1.23551e+08	-4.35241e+08	3.07433e+10	-2.43632e+08	3.64728e+09	3.0607e+10	3.49579e+09	5.52828e+08	3.05839e+10	1.33064e+09	-3.05477e+09
7.9751e-11	2.9546e+10	-1.35575e+09	-2.86242e+09	3.03095e+10	-3.50111e+09	-2.90241e+08	3.0501e+10	-1.16195e+09	3.47001e+09	3.05007e+10	2.53196e+09	2.60944e+09
8.4751e-11	3.02742e+10	2.04786e+09	-2.7816e+09	3.02946e+10	-1.49444e+09	-2.87216e+09	3.0399e+10	-3.56278e+09	-3.26483e+08	3.05258e+10	-2.62349e+09	2.7308e+09
8.9751e-11	3.0129e+10	3.12305e+09	2.12358e+09	3.01008e+10	3.04202e+09	-9.95222e+08	2.99056e+10	6.05224e+08	-3.50516e+09	3.07259e+10	-3.02116e+09	-2.69209e+09
9.4751e-11	3.01764e+10	-2.34279e+09	2.50998e+09	3.04719e+10	1.41868e+09	3.16674e+09	3.03484e+10	2.95987e+09	1.99835e+08	3.0348e+10	2.47473e+09	-2.46097e+09
9.9751e-11	3.06959e+10	-2.19598e+09	-2.28814e+09	3.03196e+10	-3.40475e+09	1.40547e+09	3.03568e+10	-4.37668e+08	3.22744e+09	3.02793e+10	2.87223e+09	2.45438e+09
1.04751e-10	3.04069e+10	2.79283e+09	-2.46427e+09	3.04013e+10	-1.1371e+09	-3.02891e+09	3.03804e+10	-3.49286e+09	-8.13072e+08	3.04517e+10	-2.55386e+09	2.6311e+09
1.09751e-10	3.03392e+10	2.39516e+09	3.0047e+09	3.04129e+10	3.28671e+09	-7.49788e+08	3.03851e+10	8.3587e+08	-3.70998e+09	3.0331e+10	-2.51808e+09	-2.01648e+09
1.14751e-10	3.01099e+10	-2.78003e+09	2.38883e+09	3.04279e+10	9.16205e+08	3.32898e+09	3.03374e+10	3.343e+09	2.5013e+08	3.02958e+10	2.41089e+09	-2.47473e+09
1.19751e-10	3.01534e+10	-2.21372e+09	-2.47427e+09	3.03254e+10	-3.36259e+09	8.72668e+08	3.03108e+10	-1.04255e+09	3.6671e+09	3.03325e+10	2.58077e+09	2.86104e+09
1.24751e-10	3.04541e+10	2.63194e+09	-1.99091e+09	3.03456e+10	-1.10231e+09	-3.4355e+09	3.0357e+10	-3.50386e+09	-5.83736e+08	3.03935e+10	-2.53662e+09	2.53322e+09
1.29751e-10	3.03129e+10	1.98669e+09	3.13568e+09	3.05831e+10	3.52674e+09	-9.09447e+08	3.04145e+10	7.63681e+08	-3.32634e+09	3.00521e+10	-2.09402e+09	-2.38593e+09
1.34751e-10	3.02752e+10	-2.86517e+09	2.52967e+09	2.99354e+10	1.00794e+09	3.54462e+09	3.02869e+10	3.48392e+09	1.02494e+09	3.05848e+10	2.64089e+09	-2.45565e+09
1.39751e-10	3.05663e+10	-1.96647e+09	-2.85336e+09	3.06338e+10	-3.22939e+09	7.37757e+08	3.04646e+10	-8.95507e+08	3.30966e+09	3.03544e+10	2.19134e+09	2.44783e+09
1.44751e-10	3.06947e+10	2.45306e+09	-2.14398e+09	3.04119e+10	-7.09972e+08	-3.80318e+09	3.07035e+10	-3.86985e+09	-4.08237e+08	3.04e+10	-2.28897e+09	2.31448e+09
1.49751e-10	3.05983e+10	2.17633e+09	2.78305e+09	3.05506e+10	3.89418e+09	-3.51263e+08	3.05248e+10	1.18262e+09	-3.11656e+09	3.039e+10	-2.37924e+09	-2.968e+09
1.54751e-10	3.07984e+10	-3.0485e+09	1.84068e+09	3.0126e+10	1.01569e+09	3.67147e+09	3.09001e+10	3.07159e+09	1.08242e+09	3.08187e+10	2.92749e+09	-2.12662e+09
1.59751e-10	3.02204e+10	-1.88891e+09	-2.55584e+09	3.04442e+10	-3.74413e+09	8.87976e+08	3.02066e+10	-8.76824e+08	3.68718e+09	3.0516e+10	1.82799e+09	2.34724e+09
1.64751e-10	3.02299e+10	3.0093e+09	-1.81294e+09	3.04235e+10	-4.5142e+08	-3.27938e+09	3.03197e+10	-3.27485e+09	-1.15484e+09	3.06444e+10	-2.59007e+09	2.17432e+09
1.69751e-10	3.0368e+10	1.51422e+09	2.95391e+09	3.05581e+10	3.08948e+09	-7.347e+08	3.05106e+10	9.82054e+08	-3.5067e+09	3.04281e+10	-2.20988e+09	-2.67824e+09
1.74751e-10	3.02385e+10	-3.10279e+09	2.18479e+09	3.06979e+10	6.92973e+08	3.76731e+09	3.0389e+10	3.43978e+09	1.06394e+09	3.05435e+10	2.63153e+09	-2.51934e+09
1.79751e-10	3.03688e+10	-1.97199e+09	-2.70551e+09	3.04818e+10	-3.36155e+09	2.29091e+08	3.0556e+10	-9.30174e+08	3.4425e+09	3.05032e+10	2.60051e+09	2.66549e+09
1.84751e-10	3.03973e+10	3.0362e+09	-1.90246e+09	3.01263e+10	-7.15499e+08	-3.5804e+09	3.00899e+10	-3.50878e+09	-1.25276e+09	3.05194e+10	-2.74136e+09	2.37401e+09
1.89751e-10	3.06319e+10	2.14842e+09	2.8866e+09	3.03726e+10	3.24212e+09	-7.09353e+08	3.03899e+10	1.208e+09	-3.13133e+09	3.04849e+10	-1.91188e+09	-2.8754e+09
1.94751e-10	3.06249e+10	-3.17689e+09	2.00713e+09	3.03173e+10	8.00707e+08	3.45253e+09	2.99318e+10	3.33558e+09	1.17289e+09	3.02521e+10	2.6513e+09	-1.92015e+09
1.99751e-10	3.00534e+10	-2.09074e+09	-2.55473e+09	3.06552e+10	-3.0877e+09	6.63037e+08	3.02525e+10	-1.14744e+09	3.57049e+09	3.04074e+10	1.62516e+09	2.86312e+09
2.04751e-10	3.0439e+10	3.04719e+09	-1.84242e+09	3.04797e+10	-2.59175e+08	-3.73471e+09	3.02623e+10	-3.48353e+09	-1.06123e+09	3.00464e+10	-2.81904e+09	2.0588e+09
2.09751e-10	3.05197e+10	1.9822e+09	2.66573e+09	3.04644e+10	3.35194e+09	-5.22854e+08	3.03024e+10	1.34404e+09	-3.25614e+09	3.02813e+10	-2.34983e+09	-2.97854e+09
2.14751e-10	3.04586e+10	-3.09208e+09	1.71843e+09	2.99139e+10	5.83869e+08	3.45394e+09	3.04814e+10	3.4643e+09	1.09831e+09	3.04987e+10	3.35946e+09	-2.21732e+09
2.19751e-10	3.03078e+10	-1.46192e+09	-2.84773e+09	3.06781e+10	-3.46058e+09	2.88754e+08	3.02527e+10	-1.08768e+09	3.20657e+09	3.03837e+10	1.98352e+09	2.6515e+09
2.24751e-10	3.01654e+10	3.54566e+09	-1.89369e+09	3.03112e+10	-4.95988e+08	-3.49776e+09	3.02494e+10	-3.58486e+09	-1.49541e+09	3.07243e+10	-2.86094e+09	2.1522e+09
2.29751e-10	3.05072e+10	1.98559e+09	3.17396e+09	3.03521e+10	3.01931e+09	-2.28056e+08	3.01328e+10	1.15259e+09	-3.41782e+09	3.04284e+10	-1.66e+09	-2.96226e+09
2.34751e-10	3.03266e+10	-2.74835e+09	1.88321e+09	3.00525e+10	2.26876e+08	3.90095e+09	3.0306e+10	3.48089e+09	1.0649e+09	3.01866e+10	2.79233e+09	-2.03768e+09
2.39751e-10	3.03142e+10	-1.63654e+09	-2.77582e+09	3.04954e+10	-3.69837e+09	4.38298e+08	3.04298e+10	-1.37942e+09	3.2547e+09	3.03778e+10	2.41865e+09	2.99684e+09
2.44751e-10	3.05212e+10	3.18717e+09	-1.63466e+09	3.00835e+10	-8.42978e+08	-3.93937e+09	3.03201e+10	-3.58042e+09	-1.57193e+09	3.02461e+10	-2.88949e+09	2.1962e+09
2.49751e-10	3.03863e+10	1.16693e+09	3.02753e+09	3.03659e+10	3.64673e+09	-3.63732e+08	3.05851e+10	1.44733e+09	-2.93312e+09	3.04526e+10	-1.78366e+09	-2.76882e+09
2.54751e-10	3.0624e+10	-3.45523e+09	1.5854e+09	3.02269e+10	2.1555e+08	3.90012e+09	2.99866e+10	3.56141e+09	1.60746e+09	3.04174e+10	2.8392e+09	-1.86255e+09
2.5975e-10	3.04892e+10	-1.79119e+09	-2.97182e+09	3.02876e+10	-3.15179e+09	1.83973e+08	3.04618e+10	-1.47238e+09	3.44863e+09	3.0826e+10	1.85254e+09	2.61434e+09
2.6475e-10	3.02533e+10	3.3475e+09	-1.8805e+09	3.00514e+10	-1.94353e+08	-3.42307e+09	3.01327e+10	-3.54495e+09	-1.36339e+09	3.06491e+10	-2.85851e+09	1.79448e+09
2.6975e-10	3.04973e+10	1.89951e+09	2.91915e+09	3.0435e+10	3.51246e+09	-3.87661e+08	3.03529e+10	1.11212e+09	-3.41972e+09	3.01708e+10	-1.97837e+09	-2.70739e+09
2.7475e-10	3.01276e+10	-2.7347e+09	1.7567e+09	3.01346e+10	306193	3.82006e+09	3.02875e+10	3.06118e+09	1.05824e+09	3.01272e+10	3.14383e+09	-2.2009e+09
2.7975e-10	3.01204e+10	-1.52692e+09	-2.98254e+09	3.04571e+10	-3.78861e+09	6.60524e+08	3.04695e+10	-1.19014e+09	2.95656e+09	3.05938e+10	2.05163e+09	3.00601e+09
2.8475e-10	3.05119e+10	3.70987e+09	-1.68186e+09	3.02763e+10	-1.36994e+08	-3.77644e+09	3.03459e+10	-3.46585e+09	-1.8138e+09	3.04447e+10	-2.41347e+09	1.48528e+09
2.8975e-10	3.04037e+10	1.66084e+09	2.86216e+09	3.02182e+10	3.12495e+09	-6.15682e+08	3.02723e+10	1.49638e+09	-3.17572e+09	3.03108e+10	-1.37254e+09	-2.77316e+09
2.9475e-10	3.02465e+10	-3.30083e+09	1.41485e+09	3.03328e+10	4.05513e+08	3.74306e+09	3.04598e+10	3.36211e+09	1.51736e+09	3.04251e+10	3.07973e+09	-1.84049e+09
2.9975e-10	3.06776e+10	-1.30757e+09	-3.04429e+09	3.03229e+10	-3.71658e+09	-5.39508e+07	3.05029e+10	-1.21459e+09	3.4987e+09	3.02348e+10	1.79658e+09	2.7145e+09
3.0475e-10	3.06651e+10	2.86954e+09	-1.76624e+09	3.05759e+10	-3.47657e+08	-3.84803e+09	3.05362e+10	-3.05784e+09	-1.68592e+09	3.05756e+10	-2.81e+09	2.04727e+09
3.0975e-10	3.0189e+10	1.58825e+09	3.1121e+09	3.04393e+10	3.31707e+09	-3.276e+08	3.0231e+10	1.03212e+09	-3.20258e+09	3.01915e+10	-1.97199e+09	-2.76741e+09
3.1475e-10	3.041e+10	-3.2924e+09	1.62437e+09	3.04442e+10	4.03673e+08	3.33799e+09	3.04556e+10	3.62872e+09	1.27411e+09	3.04851e+10	2.78989e+09	-2.07891e+09
3.1975e-10	3.05774e+10	-1.37468e+09	-3.00777e+09	3.03894e+10	-3.81676e+09	-1.55538e+08	3.0232e+10	-1.31433e+09	3.28172e+09	3.05175e+10	1.86649e+09	2.95767e+09
3.2475e-10	3.04409e+10	3.242e+09	-1.66871e+09	3.03264e+10	-4.57468e+08	-3.85213e+09	3.0177e+10	-3.32241e+09	-1.74614e+09	3.03364e+10	-2.8692e+09	1.50939e+09
3.2975e-10	3.03027e+10	1.74529e+09	3.12132e+09	3.04421e+10	3.6627e+09	-1.93236e+08	3.00788e+10	1.56374e+09	-3.29736e+09	3.03277e+10	-1.86631e+09	-2.96643e+09
3.3475e-10	3.06654e+10	-3.02757e+09	1.07323e+09	3.02122e+10	3.6627e+08	3.78368e+09	3.06104e+10	3.29631e+09	1.67879e+09	3.01462e+10	3.1969e+09	-1.70997e+09
3.3975e-10	3.0303e+10	-1.4973e+09	-2.99096e+09	3.05303e+10	-3.84692e+09	5.45777e+08	3.01517e+10	-1.8408e+09	3.2875e+09	3.05602e+10	1.9279e+09	3.22681e+09
3.4475e-10	3.0083e+10	3.31712e+09	-1.53443e+09	3.03825e+10	-4.9195e+07	-3.18198e+09	3.03793e+10	-3.09282e+09	-1.50143e+09	3.04533e+10	-2.84386e+09	1.68388e+09
3.4975e-10	3.05388e+10	1.15705e+09	3.82224e+09	3.00518e+10	3.61924e+09	-1.76187e+08	3.02076e+10	1.60105e+09	-3.32859e+09	3.04726e+10	-1.68206e+09	-3.02858e+09
3.5475e-10	3.04472e+10	-3.29064e+09	1.18598e+09	3.06364e+10	-8.38015e+07	3.40911e+09	3.05845e+10	3.16687e+09	1.78491e+09	3.04267e+10	3.26155e+09	-1.59999e+09
3.5975e-10	3.05513e+10	-1.30465e+09	-3.47062e+09	3.00596e+10	-3.59304e+09	6.7105e+06	3.06326e+10	-1.73096e+09	3.11709e+09	3.04628e+10	1.76031e+09	3.12356e+09
3.6475e-10	3.03866e+10	3.14566e+09	-1.06903e+09	3.06226e+10	2.33876e+08	-3.71023e+09	3.02186e+10	-2.94533e+09	-1.43441e+09	3.06065e+10	-3.1563e+09	1.70815e+09
3.6975e-10	3.06952e+10	1.23957e+09	2.94672e+09	3.01649e+10	3.59026e+09	2.29959e+08	3.01479e+10	1.79087e+09	-3.14946e+09	3.04315e+10	-1.47636e+09	-3.57466e+09
3.7475e-10	3.06136e+10	-3.1494e+09	1.46123e+09	3.06352e+10	-7.13083e+07	3.70089e+09	3.01734e+10	3.09776e+09	1.85056e+09	3.04627e+10	3.0604e+09	-1.61451e+09
3.7975e-10	3.05038e+10	-1.31857e+09	-3.43603e+09	3.04898e+10	-3.50451e+09	-2.07759e+08	3.07268e+10	-1.89984e+09	3.06307e+09	3.03184e+10	1.1791e+09	3.2194e+09
3.8475e-10	3.01709e+10	2.95941e+09	-1.19801e+09	3.04317e+10	3.47965e+08	-3.72302e+09	3.06198e+10	-3.1283e+09	-1.46387e+09	3.05828e+10	-3.41055e+09	1.35812e+09
3.8975e-10	3.04129e+10	1.20783e+09	3.12726e+09	3.00719e+10	3.63111e+09	2.43925e+08	3.04065e+10	1.86497e+09	-3.09395e+09	3.06114e+10	-1.32546e+09	-3.12831e+09
3.9475e-10	3.05781e+10	-2.77369e+09	1.0221e+09	3.04146e+10	-1.76293e+08	3.43635e+09	3.03098e+10	2.94008e+09	1.77878e+09	3.04356e+10	3.2815e+09	-1.37087e+09
3.9975e-10	3.02094e+10	-1.23602e+09	-3.56507e+09	3.01842e+10	-3.67505e+09	6.20916e+07	3.06148e+10	-1.69818e+09	3.20298e+09	3.04484e+10	1.30654e+09	3.0589e+09
4.0475e-10	3.00611e+10	3.42364e+09	-1.06304e+09	3.04212e+10	7.21135e+07	-3.53124e+09	3.05736e+10	-2.81744e+09	-1.68969e+09	3.04371e+10	-3.07161e+09	1.77114e+09
4.0975e-10	3.04516e+10	1.0232e+09	3.35012e+09	3.03453e+10	3.54131e+09	2.49055e+08	2.98334e+10	1.62487e+09	-3.2211e+09	3.00461e+10	-1.63822e+09	-3.21869e+09
4.1475e-10	3.0858e+10	-3.0934e+09	1.47202e+09	3.03728e+10	-9.13575e+06	3.50024e+09	3.03569e+10	3.31273e+09	1.99515e+09	3.04525e+10	3.24847e+09	-1.44267e+09
4.1975e-10	3.02921e+10	-1.49466e+09	-3.38243e+09	3.03411e+10	-3.71595e+09	-3.30918e+08	3.04512e+10	-2.18984e+09	2.44425e+09	3.01409e+10	1.46324e+09	3.10417e+09
4.2475e-10	3.05966e+10	3.5083e+09	-1.4691e+09	3.04778e+10	-1.61643e+07	-3.34943e+09	3.05005e+10	-2.62164e+09	-1.333e+09	3.04914e+10	-2.96633e+09	1.16156e+09
4.2975e-10	3.04379e+10	1.28635e+09	3.03227e+09	3.02183e+10	3.36979e+09	-2.58011e+08	3.02392e+10	1.81912e+09	-3.30946e+09	2.99818e+10	-1.70282e+09	-3.52352e+09
4.3475e-10	3.02979e+10	-3.30114e+09	1.19477e+09	3.0498e+10	1.8216e+07	3.46517e+09	3.05198e+10	3.11667e+09	2.02259e+09	3.03954e+10	3.27513e+09	-1.81206e+09
4.3975e-10	3.04064e+10	-1.38669e+09	-3.54654e+09	3.06601e+10	-3.67338e+09	-5.63475e+08	3.05022e+10	-1.5722e+09	3.11518e+09	3.06104e+10	1.01645e+09	3.33738e+09
4.4475e-10	3.0204e+10	3.22035e+09	-1.21315e+09	3.00691e+10	3.77334e+07	-3.3974e+09	3.0399e+10	-2.87123e+09	-1.95844e+09	3.01578e+10	-2.85322e+09	1.44914e+09
4.4975e-10	3.03251e+10	1.19936e+09	2.74513e+09	3.05048e+10	3.68874e+09	-1.86419e+07	3.07323e+10	2.38936e+09	-3.01551e+09	3.05018e+10	-1.51937e+09	-3.43871e+09
4.5475e-10	3.04944e+10	-3.1408e+09	1.27719e+09	3.03021e+10	-2.23143e+08	3.52942e+09	3.03542e+10	2.85495e+09	2.02424e+09	3.02604e+10	3.04853e+09	-1.60055e+09
4.5975e-10	3.03927e+10	-9.77887e+08	-3.29518e+09	3.02537e+10	-3.58871e+09	-2.98198e+08	3.04472e+10	-1.5398e+09	3.08468e+09	3.06786e+10	1.56813e+09	2.80245e+09
4.6475e-10	3.00989e+10	3.06183e+09	-1.0955e+09	3.0512e+10	1.82534e+08	-3.44976e+09	3.03204e+10	-3.29838e+09	-2.3641e+09	3.08055e+10	-2.77546e+09	1.88067e+09
4.6975e-10	3.03111e+10	1.07502e+09	3.26204e+09	3.03854e+10	3.6681e+09	4.88268e+08	3.02957e+10	1.84146e+09	-2.91864e+09	3.02503e+10	-1.28315e+09	-3.33805e+09
4.7475e-10	3.02028e+10	-3.38263e+09	1.12561e+09	3.04835e+10	-3.20184e+08	3.69241e+09	3.0269e+10	2.87228e+09	1.72778e+09	3.04223e+10	3.19982e+09	-1.35523e+09
4.7975e-10	3.0285e+10	-9.29337e+08	-3.39526e+09	3.03938e+10	-3.62048e+09	7.913e+06	3.00493e+10	-1.88353e+09	3.10996e+09	3.04186e+10	1.18959e+09	3.49301e+09
4.8475e-10	3.0344e+10	3.34602e+09	-1.02082e+09	3.05657e+10	4.21843e+08	-3.61505e+09	3.04485e+10	-3.33405e+09	-2.19031e+09	3.03811e+10	-3.21285e+09	1.30742e+09
4.8975e-10	3.03827e+10	1.31009e+09	3.32117e+09	3.05186e+10	3.73529e+09	4.58847e+08	3.08382e+10	1.83732e+09	-2.85551e+09	3.03185e+10	-1.52676e+09	-3.40456e+09
4.9475e-10	3.00317e+10	-3.48921e+09	9.8913e+08	3.04705e+10	-4.95859e+08	3.64731e+09	3.05264e+10	2.51386e+09	2.24226e+09	3.02163e+10	3.37114e+09	-1.04941e+09
4.9975e-10	3.05354e+10	-5.02832e+08	-3.51506e+09	3.03778e+10	-3.05067e+09	-2.98035e+08	3.03095e+10	-2.43552e+09	2.94128e+09	3.034e+10	1.02193e+09	3.37445e+09
5.0475e-10	3.05831e+10	3.4989e+09	-1.0628e+09	3.05526e+10	4.17231e+08	-3.58337e+09	3.05601e+10	-2.79941e+09	-2.24125e+09	3.02221e+10	-3.575e+09	1.33865e+09
5.0975e-10	3.01892e+10	6.09052e+08	3.48063e+09	3.02358e+10	3.13316e+09	4.67134e+08	3.02208e+10	1.84349e+09	-2.85985e+09	3.03981e+10	-1.26637e+09	-3.36235e+09
5.1475e-10	3.05537e+10	-3.55017e+09	6.10263e+08	3.00841e+10	-4.60383e+08	3.20025e+09	3.04983e+10	3.10195e+09	2.44328e+09	3.03654e+10	3.35476e+09	-1.60795e+09
5.1975e-10	3.03775e+10	-1.26251e+09	-3.47242e+09	3.05724e+10	-3.5132e+09	-5.34021e+08	3.04916e+10	-2.31293e+09	2.5436e+09	3.03684e+10	1.06662e+09	3.2612e+09
5.2475e-10	3.04665e+10	3.75539e+09	-8.13871e+08	3.00432e+10	5.15221e+08	-3.81084e+09	3.04223e+10	-2.39951e+09	-1.89396e+09	3.06359e+10	-3.1934e+09	8.41133e+08
5.2975e-10	3.00841e+10	8.60341e+08	2.86973e+09	3.02703e+10	3.46291e+09	3.58441e+08	3.04142e+10	2.11325e+09	-2.71679e+09	3.03725e+10	-1.20709e+09	-3.47718e+09
5.3475e-10	3.02254e+10	-3.19075e+09	1.13276e+09	3.01647e+10	-4.49252e+08	3.35216e+09	3.01871e+10	3.20393e+09	2.15677e+09	3.0385e+10	3.72873e+09	-1.10898e+09
5.3975e-10	3.02982e+10	-7.01476e+08	-3.79924e+09	3.03772e+10	-3.44504e+09	-7.57233e+08	3.06397e+10	-2.31281e+09	2.51352e+09	3.07654e+10	9.29788e+08	2.88167e+09
5.4475e-10	3.04292e+10	3.54493e+09	-5.79059e+08	3.02298e+10	6.93067e+08	-3.64904e+09	3.03666e+10	-3.01529e+09	-2.28913e+09	3.02551e+10	-3.38059e+09	1.2139e+09
5.4975e-10	3.07082e+10	9.45459e+08	3.18276e+09	3.04046e+10	3.39517e+09	7.54277e+08	3.04144e+10	2.36949e+09	-3.15693e+09	3.06814e+10	-1.13042e+09	-3.3971e+09
5.5475e-10	3.05195e+10	-3.54657e+09	1.21561e+09	3.00034e+10	-5.13237e+08	3.94868e+09	3.03733e+10	3.02944e+09	1.75078e+09	3.05096e+10	3.11799e+09	-1.29079e+09
5.5975e-10	3.04523e+10	-8.44591e+08	-2.97985e+09	3.01618e+10	-3.61866e+09	-7.52084e+08	3.01984e+10	-2.17741e+09	2.45121e+09	3.00979e+10	1.14783e+09	3.39114e+09
5.6475e-10	3.04373e+10	3.37773e+09	-6.84903e+08	3.02036e+10	3.98907e+08	-3.71125e+09	3.0454e+10	-3.10441e+09	-2.80897e+09	3.03248e+10	-3.47824e+09	1.09114e+09
5.6975e-10	3.03671e+10	1.03605e+09	3.4431e+09	3.07379e+10	3.21149e+09	8.37299e+08	3.03566e+10	2.24933e+09	-2.51976e+09	3.0358e+10	-9.5356e+08	-2.75496e+09
5.7475e-10	3.01152e+10	-3.68369e+09	7.9458e+08	3.03649e+10	-5.72138e+08	3.55946e+09	3.03553e+10	2.8372e+09	2.4308e+09	3.03407e+10	3.49639e+09	-1.15862e+09
5.7975e-10	3.07788e+10	-5.62156e+08	-3.05671e+09	3.04957e+10	-3.14083e+09	-8.57612e+08	3.04189e+10	-2.69865e+09	2.92308e+09	3.03413e+10	6.87087e+08	3.56204e+09
5.8475e-10	3.06181e+10	3.27888e+09	-6.40049e+08	3.05577e+10	1.06085e+09	-3.7517e+09	3.02439e+10	-2.54724e+09	-1.99314e+09	3.0346e+10	-3.5546e+09	9.2738e+08
5.8975e-10	3.06849e+10	3.83855e+08	3.39459e+09	3.00705e+10	3.53596e+09	6.27302e+08	3.04991e+10	2.02756e+09	-2.61345e+09	3.03559e+10	-7.37451e+08	-3.51523e+09
5.9475e-10	3.04207e+10	-3.46592e+09	6.11442e+08	3.00141e+10	-4.33752e+08	3.53937e+09	3.01665e+10	2.92752e+09	2.80985e+09	3.03958e+10	3.70685e+09	-1.44219e+09
5.9975e-10	3.02363e+10	-2.42765e+08	-3.05505e+09	3.03668e+10	-2.48781e+09	-8.1983e+08	3.03458e+10	-2.01154e+09	2.55168e+09	3.03243e+10	7.99343e+08	3.25836e+09
6.0475e-10	3.05717e+10	3.95476e+09	-7.44126e+08	3.01095e+10	1.2357e+09	-4.07307e+09	3.00611e+10	-2.64062e+09	-2.39412e+09	3.01539e+10	-3.3831e+09	9.18403e+08
6.0975e-10	3.02023e+10	5.9065e+08	3.30833e+09	3.03502e+10	3.00621e+09	4.12842e+08	3.04752e+10	2.40288e+09	-2.70329e+09	3.01692e+10	-5.97453e+08	-3.18188e+09
6.1475e-10	3.04674e+10	-3.79024e+09	5.69282e+08	3.01849e+10	-6.15539e+08	3.75798e+09	3.02821e+10	2.58746e+09	2.38675e+09	3.04646e+10	3.68151e+09	-7.08354e+08
6.1975e-10	3.0467e+10	-5.55137e+08	-3.37164e+09	3.04484e+10	-3.12762e+09	-9.58868e+08	3.03796e+10	-2.18972e+09	2.44768e+09	3.01794e+10	9.87813e+08	2.97942e+09
6.2475e-10	3.01236e+10	3.69727e+09	-6.87394e+08	3.02727e+10	9.25614e+08	-4.06079e+09	3.00322e+10	-2.43701e+09	-2.5168e+09	3.05822e+10	-3.65894e+09	8.47558e+08
6.2975e-10	3.0111e+10	2.53745e+08	3.4199e+09	3.05104e+10	3.04856e+09	9.76774e+08	3.02671e+10	2.53464e+09	-2.24884e+09	3.0465e+10	-6.35177e+08	-3.55161e+09
6.3475e-10	3.06358e+10	-3.6796e+09	7.31433e+08	3.02361e+10	-1.1987e+09	3.46848e+09	3.03255e+10	2.82824e+09	2.36412e+09	3.05226e+10	3.01314e+09	-8.37273e+08
6.3975e-10	3.03597e+10	-3.10719e+08	-3.46717e+09	3.02975e+10	-3.25345e+09	-9.46732e+08	3.02726e+10	-2.35363e+09	2.6515e+09	3.0245e+10	6.9824e+08	3.64115e+09
6.4475e-10	3.03897e+10	3.63746e+09	-2.14778e+08	3.05659e+10	1.07775e+09	-3.50819e+09	3.05639e+10	-2.60189e+09	-2.9368e+09	3.01137e+10	-3.66134e+09	6.61925e+08
6.4975e-10	3.04989e+10	4.9236e+08	3.73074e+09	3.03229e+10	3.04145e+09	1.37825e+09	3.04045e+10	2.36997e+09	-2.13835e+09	3.02636e+10	-8.4857e+08	-3.11386e+09
6.5475e-10	3.02458e+10	-3.85772e+09	2.71718e+08	3.00318e+10	-9.6395e+08	3.34991e+09	3.0481e+10	2.57963e+09	2.63537e+09	3.04199e+10	3.21892e+09	-7.71205e+08
6.5975e-10	3.01812e+10	-4.1307e+08	-3.04003e+09	3.06408e+10	-3.10238e+09	-1.11546e+09	2.99547e+10	-2.3068e+09	2.36994e+09	3.06772e+10	9.40239e+08	3.43027e+09
6.6475e-10	3.01597e+10	3.62182e+09	-2.59117e+08	3.02637e+10	1.47729e+09	-4.11469e+09	3.02852e+10	-2.33118e+09	-2.48016e+09	3.02226e+10	-3.80829e+09	7.29725e+08
6.6975e-10	3.04733e+10	4.9729e+08	3.36833e+09	3.05605e+10	3.3024e+09	9.06744e+08	3.06459e+10	2.08436e+09	-1.7535e+09	3.05692e+10	-3.94413e+08	-3.53051e+09
6.7475e-10	3.06818e+10	-3.52238e+09	-1.48441e+08	3.02026e+10	-1.31575e+09	3.67294e+09	3.05123e+10	2.3975e+09	3.22971e+09	3.03468e+10	4.02009e+09	-8.28792e+08
6.7975e-10	3.05127e+10	-2.15037e+08	-3.62165e+09	3.03878e+10	-2.96289e+09	-1.03241e+09	3.04521e+10	-2.65174e+09	2.22905e+09	3.03588e+10	6.04096e+08	3.50287e+09
6.8475e-10	3.01587e+10	3.7704e+09	-3.25337e+06	3.03695e+10	1.04385e+09	-3.20232e+09	3.05965e+10	-2.39044e+09	-2.84589e+09	3.06179e+10	-3.03346e+09	1.53684e+08
6.8975e-10	3.04387e+10	2.44451e+08	3.73825e+09	3.04962e+10	3.29807e+09	1.30701e+09	3.02012e+10	2.86298e+09	-2.19239e+09	3.05317e+10	-6.0445e+08	-3.13358e+09
6.9475e-10	3.03701e+10	-3.32829e+09	-1.46046e+08	3.02625e+10	-1.67057e+09	3.29535e+09	3.00752e+10	1.96122e+09	2.72537e+09	3.01896e+10	3.9424e+09	-1.79831e+08
6.9975e-10	3.02229e+10	-4.10163e+06	-3.2954e+09	3.02435e+10	-3.16687e+09	-1.20691e+09	3.0322e+10	-2.53437e+09	2.03955e+09	3.01868e+10	4.28317e+08	3.71036e+09
7.0475e-10	3.04516e+10	3.78472e+09	-1.75414e+07	3.01874e+10	1.30868e+09	-3.3247e+09	3.06029e+10	-2.06927e+09	-2.62918e+09	3.05643e+10	-3.73011e+09	4.91285e+08
7.0975e-10	3.02918e+10	6.36947e+07	3.30508e+09	3.03229e+10	3.31537e+09	1.418e+09	3.05208e+10	3.03875e+09	-2.09025e+09	3.04977e+10	-2.01864e+08	-3.60005e+09
7.1475e-10	3.03545e+10	-3.75843e+09	1.63358e+08	3.0578e+10	-1.29277e+09	2.77497e+09	3.04814e+10	2.17212e+09	3.07644e+09	3.05802e+10	3.80493e+09	3.59921e+08
7.1975e-10	3.03486e+10	4.50129e+08	-3.19546e+09	3.02576e+10	-3.12211e+09	-1.36301e+09	3.04345e+10	-2.78174e+09	2.31529e+09	3.01199e+10	5.52133e+08	3.09661e+09
7.2475e-10	3.05054e+10	3.55743e+09	-1.7632e+08	2.98461e+10	1.95251e+09	-3.10091e+09	3.05545e+10	-2.25626e+09	-2.98978e+09	3.00995e+10	-3.52266e+09	3.43636e+08
7.2975e-10	3.00146e+10	-1.41179e+08	3.58385e+09	3.048e+10	3.03219e+09	1.71204e+09	3.00991e+10	2.52562e+09	-1.77747e+09	3.04851e+10	-64136.5	-3.52569e+09
7.3475e-10	3.05432e+10	-3.38235e+09	-6.63624e+08	3.04175e+10	-1.97659e+09	3.10067e+09	3.04807e+10	1.93326e+09	2.99281e+09	3.03456e+10	3.38996e+09	1.70122e+08
7.3975e-10	3.01064e+10	1.86041e+08	-3.79295e+09	3.01772e+10	-3.10929e+09	-1.44145e+09	3.03803e+10	-3.29234e+09	1.59905e+09	3.05419e+10	-4.26502e+08	3.48281e+09
7.4475e-10	2.99808e+10	3.29426e+09	7.35828e+08	3.04998e+10	1.53e+09	-2.86336e+09	3.04602e+10	-1.5909e+09	-3.00104e+09	3.04975e+10	-3.48265e+09	-5.35956e+08
7.4975e-10	3.03227e+10	-5.26378e+08	3.4486e+09	3.05463e+10	3.1412e+09	1.83441e+09	3.0456e+10	3.22606e+09	-2.15638e+09	3.02388e+10	2.61366e+08	-3.05829e+09
7.5475e-10	3.02602e+10	-3.52367e+09	-3.7197e+08	3.03789e+10	-1.82733e+09	2.84923e+09	3.04384e+10	1.72307e+09	2.94364e+09	3.02565e+10	3.41377e+09	7.91248e+08
