Mon Oct 14 14:44:32 2024

<permalloy> : Rectangle : 0m, 0m, 0m; 80nm, 80nm, 10nm. Cells : 16, 16, 2. Cellsize : 5nm, 5nm, 5nm
<supermesh> : Rectangle : 0m, 0m, 0m; 80nm, 80nm, 10nm. Cells : 16, 16, 2. Cellsize : 5nm, 5nm, 5nm

Saved data (dataname (unit) <meshname> (cells_rectangle)) : 

time (s)	

0
5.46271e-12
1.06978e-11
1.481e-11
2.03438e-11
2.44087e-11
2.96649e-11
3.49736e-11
4.02993e-11
4.54464e-11
5.04343e-11
5.53794e-11
6.0221e-11
6.4946e-11
6.96008e-11
7.52511e-11
7.96552e-11
8.49834e-11
9.0133e-11
9.52139e-11
1.00066e-10
1.04741e-10
1.10061e-10
1.1526e-10
1.20305e-10
1.25289e-10
1.30237e-10
1.35125e-10
1.39948e-10
1.44782e-10
1.49665e-10
1.55245e-10
1.5997e-10
1.64751e-10
1.70283e-10
1.74948e-10
1.80369e-10
1.84996e-10
1.90355e-10
1.94904e-10
2.00104e-10
2.05263e-10
2.09687e-10
2.14788e-10
2.19828e-10
2.24842e-10
2.29869e-10
2.34919e-10
2.39972e-10
2.45022e-10
2.50075e-10
2.55141e-10
2.60213e-10
2.65279e-10
2.70351e-10
2.74719e-10
2.79837e-10
2.84963e-10
2.90079e-10
2.95178e-10
3.00261e-10
3.05332e-10
3.09668e-10
3.14723e-10
3.19776e-10
3.24827e-10
3.29884e-10
3.34961e-10
3.40076e-10
3.45213e-10
3.50324e-10
3.54688e-10
3.59765e-10
3.64831e-10
3.69891e-10
3.74955e-10
3.80031e-10
3.85118e-10
3.90213e-10
3.95311e-10
3.99679e-10
4.04769e-10
4.09849e-10
4.14918e-10
4.19978e-10
4.2503e-10
4.30077e-10
4.35125e-10
4.40182e-10
4.45255e-10
4.50351e-10
4.5474e-10
4.59886e-10
4.65059e-10
4.70258e-10
4.74693e-10
4.79829e-10
4.84938e-10
4.90025e-10
4.95094e-10
5.00146e-10
