Mon Oct 14 16:17:22 2024

<base> : Rectangle : 0m, 0m, 0m; 800nm, 20nm, 8nm. Cells : 200, 5, 2. Cellsize : 4nm, 4nm, 4nm
<supermesh> : Rectangle : 0m, 0m, 0m; 800nm, 20nm, 8nm. Cells : 160, 4, 2. Cellsize : 5nm, 5nm, 4nm

Saved data (dataname (unit) <meshname> (cells_rectangle)) : 

time (s)	<mxdmdt> (1/s) <base> (250nm, 0m, 0m; 260nm, 20nm, 8nm)			<mxdmdt> (1/s) <base> (350nm, 0m, 0m; 360nm, 20nm, 8nm)			<mxdmdt> (1/s) <base> (450nm, 0m, 0m; 460nm, 20nm, 8nm)			<mxdmdt> (1/s) <base> (550nm, 0m, 0m; 560nm, 20nm, 8nm)			

0	-4.4577	-914.958	-7.39095	28.7261	1122.03	-537.342	-5.20888	-594.993	726.367	-0.738833	241.384	-2673.62
1e-15	1.60691e+08	4.92789e+08	2.58003e+09	9.71084e+07	8.38068e+08	-2.29786e+08	1.06031e+08	2.00819e+09	6.90835e+08	2.17697e+08	-2.41413e+09	6.94295e+08
4.751e-12	2.03982e+07	1.40203e+08	5.93506e+08	1.67901e+07	-1.17012e+08	-3.81751e+08	2.4268e+07	1.28236e+08	-1.37746e+08	1.65179e+07	-2.9316e+08	7.70628e+08
9.751e-12	1.65428e+07	-2.79732e+08	-1.17794e+08	2.46805e+07	-5.41757e+08	-3.01015e+08	2.1313e+07	1.91856e+08	7.80182e+07	2.65714e+07	2.12879e+08	2.34625e+08
1.4751e-11	1.94815e+07	-4.82696e+08	-4.81872e+08	1.47847e+07	3.84179e+08	-4.87463e+07	2.4874e+07	-5.6062e+08	6.40008e+07	2.59698e+07	9.83485e+07	-3.82332e+08
1.9751e-11	1.87058e+07	3.24244e+08	-1.32222e+08	1.38954e+07	-2.55705e+08	-1.5587e+08	1.54644e+07	2.85362e+08	477858	1.72662e+07	-4.50491e+08	-2.5959e+07
2.4751e-11	2.03046e+07	-4.50444e+08	-5.97e+07	2.15913e+07	-2.34665e+07	-4.04676e+08	2.68802e+07	1.22737e+08	-3.38158e+08	1.93088e+07	-2.32694e+08	-4.025e+08
2.9751e-11	1.61148e+07	7.65123e+07	-3.70055e+08	1.40324e+07	-3.87826e+08	-2.57592e+07	1.83546e+07	-1.32059e+08	2.60427e+07	1.85373e+07	1.43885e+08	-3.84459e+07
3.4751e-11	1.66066e+07	-2.54571e+08	-3.27715e+08	1.80483e+07	2.20338e+08	-1.33681e+08	2.34933e+07	-7.99927e+07	2.245e+08	3.00146e+07	3.08234e+08	-1.31289e+08
3.9751e-11	2.0623e+07	-2.48915e+08	3.78931e+07	2.52935e+07	-3.56952e+08	-6.71024e+07	2.07115e+07	-3.39528e+08	-4.34874e+07	2.57324e+07	9.82718e+06	3.37774e+07
4.4751e-11	1.50238e+07	1.7898e+08	-2.0215e+08	1.88311e+07	-1.42758e+08	-1.15377e+08	2.4843e+07	-5.62798e+07	-3.20544e+08	1.91558e+07	3.18937e+08	2.83539e+08
4.9751e-11	1.97589e+07	-2.66752e+08	-1.36251e+08	2.68317e+07	-8.17512e+07	-5.7994e+08	1.62834e+07	1.41746e+08	2.38264e+08	3.44131e+07	2.39505e+08	-6.88716e+08
5.4751e-11	2.43542e+07	-3.5447e+08	-2.11629e+08	1.85499e+07	4.2247e+08	3.05018e+08	1.36913e+07	2.67858e+07	-7.78228e+07	1.92525e+07	-1.52528e+08	1.59438e+08
5.9751e-11	3.02303e+07	2.24511e+08	9.25649e+08	2.13731e+07	2.07669e+08	-3.32281e+07	1.70451e+07	-6.35628e+07	-1.6366e+08	2.0957e+07	-1.50662e+08	6.48749e+07
6.4751e-11	1.93424e+07	3.88023e+08	-1.15206e+06	1.62496e+07	2.39462e+08	3.12474e+08	2.43481e+07	-9.20247e+07	-1.69545e+08	2.20822e+07	-9.00751e+06	-3.18942e+08
6.9751e-11	2.01066e+07	-1.58193e+08	-1.25922e+08	2.63168e+07	3.57393e+08	3.37639e+08	2.07324e+07	3.27732e+08	3.38566e+08	2.68371e+07	-1.76723e+08	4.32713e+07
7.4751e-11	2.70218e+07	-5.74144e+08	-3.36764e+08	1.55249e+07	1.02304e+08	-2.24963e+08	2.08375e+07	-5.18837e+08	7.79406e+06	1.94094e+07	2.7106e+08	6.12864e+07
7.9751e-11	1.72077e+07	-3.54626e+08	7.68632e+07	2.24299e+07	1.35038e+08	-2.06989e+08	2.50227e+07	-4.99752e+07	3.33182e+08	2.08818e+07	1.70238e+08	1.01416e+08
8.4751e-11	2.15301e+07	-5.63453e+07	2.47138e+07	1.93107e+07	-2.69057e+08	-2.27654e+08	1.93123e+07	2.39658e+08	-3.70301e+08	2.05647e+07	1.37102e+08	-9.70444e+07
8.9751e-11	2.71827e+07	-6.73028e+08	-1.38481e+08	2.21306e+07	8.44674e+07	-3.02088e+08	1.76799e+07	-4.05329e+07	-1.70929e+07	1.68274e+07	1.59899e+08	1.9283e+08
9.4751e-11	2.0782e+07	6.1615e+08	2.73028e+08	2.21417e+07	4.91743e+08	-1.59706e+08	2.64232e+07	4.77764e+07	-1.23634e+08	2.39045e+07	7.06805e+08	2.78118e+08
9.9751e-11	2.48092e+07	-2.65552e+08	9.77616e+07	2.53056e+07	-2.19511e+08	3.15837e+08	1.99716e+07	4.56324e+08	-1.71393e+08	1.64852e+07	-1.34202e+08	4.54603e+07
1.04751e-10	1.62996e+07	1.71449e+08	5.37985e+07	2.26124e+07	8.14684e+06	3.73744e+08	2.28364e+07	-5.21909e+08	-1.56099e+08	2.32024e+07	-7.53921e+08	-2.81715e+08
1.09751e-10	1.80316e+07	1.05417e+08	-2.4725e+08	2.36643e+07	5.8093e+07	-1.35568e+08	2.08005e+07	1.90631e+07	4.55602e+08	2.42262e+07	-1.62224e+08	6.76304e+08
1.14751e-10	1.97096e+07	-1.06872e+08	1.9657e+08	1.36445e+07	1.0772e+08	-1.04469e+08	2.21212e+07	-1.22464e+08	-1.85643e+08	2.40535e+07	2.80605e+08	-2.52795e+07
1.19751e-10	2.30051e+07	1.44615e+08	-4.73118e+08	2.51411e+07	1.93762e+08	1.66279e+08	1.49966e+07	-1.23242e+08	2.60707e+08	1.29712e+07	-1.73903e+08	8.81004e+07
1.24751e-10	1.81844e+07	1.59947e+08	1.30832e+07	2.16108e+07	-1.92326e+08	2.79813e+08	1.76282e+07	-1.3745e+08	3.03222e+08	2.53668e+07	8.37814e+07	-3.73637e+08
1.29751e-10	3.92906e+07	2.42163e+08	2.56041e+08	2.62e+07	2.60865e+08	-2.72194e+07	2.19148e+07	2.37042e+08	-6.44369e+08	2.12963e+07	-1.80607e+08	1.74034e+08
1.34751e-10	2.25518e+07	1.69791e+08	1.27207e+08	2.06297e+07	-6.56502e+07	-3.0047e+08	1.90021e+07	7.20929e+07	-1.81637e+08	2.10057e+07	2.82737e+08	-2.0906e+06
1.39751e-10	2.53767e+07	-7.25645e+07	2.78143e+08	1.9672e+07	9.41801e+07	-2.76409e+08	2.87744e+07	-1.68404e+08	1.39345e+08	2.63595e+07	1.73613e+08	-1.21622e+08
1.44751e-10	2.57373e+07	1.82475e+07	-6.14324e+07	2.19035e+07	1.29764e+08	-3.86352e+08	1.70788e+07	2.0625e+08	2.73951e+08	3.23945e+07	5.97098e+07	-2.40199e+08
1.49751e-10	2.44812e+07	1.06521e+08	-2.81018e+08	1.97308e+07	4.53876e+07	-1.43493e+08	2.47589e+07	3.83988e+08	2.62291e+08	2.13842e+07	-2.69971e+08	3.34575e+08
1.54751e-10	1.80535e+07	-1.15508e+08	1.81356e+08	2.07147e+07	3.74574e+08	1.9956e+08	1.67832e+07	-2.25267e+08	1.76086e+08	1.99743e+07	-1.85987e+08	-4.86249e+08
1.59751e-10	2.01496e+07	4.42335e+08	3.82546e+08	2.20944e+07	3.53895e+08	-1.00563e+08	2.03873e+07	1.74798e+08	2.13813e+08	1.82611e+07	1.5345e+08	1.56217e+08
1.64751e-10	1.56479e+07	7.2207e+07	1.54412e+08	2.66452e+07	-2.20546e+08	3.52108e+07	2.77362e+07	-2.62181e+08	-2.37939e+08	2.4194e+07	1.67573e+08	1.49417e+08
1.69751e-10	2.03033e+07	-5.12886e+08	-4.09145e+07	1.67217e+07	1.26322e+08	1.27118e+08	1.43805e+07	1.56468e+08	-1.2141e+08	2.22953e+07	-5.27422e+08	2.61849e+08
1.74751e-10	1.86241e+07	-2.70814e+08	-2.62808e+07	1.76287e+07	8.81603e+07	-1.84179e+07	2.09479e+07	5.36331e+08	-2.86066e+08	2.44036e+07	-1.02726e+08	1.18502e+07
1.79751e-10	1.46498e+07	9.75326e+07	-8.8951e+07	1.43595e+07	4.19515e+08	-3.15071e+07	2.11786e+07	-3.24642e+08	4.46492e+08	1.37405e+07	1.60832e+08	5.93722e+07
1.84751e-10	2.90008e+07	2.38294e+07	4.46152e+08	1.86377e+07	-3.41893e+08	1.96668e+08	2.46071e+07	-1.83766e+08	4.55293e+08	2.19315e+07	-2.05946e+08	1.81656e+08
1.89751e-10	1.65006e+07	7.17708e+08	8.83175e+07	1.89748e+07	1.48892e+08	-1.84005e+08	1.9535e+07	-6.73491e+07	-1.05995e+08	2.85272e+07	-5.6766e+08	6.2954e+08
1.94751e-10	2.42451e+07	589133	2.70822e+08	2.28461e+07	3.44361e+08	1.51238e+08	2.20644e+07	1.06622e+08	1.86239e+08	3.35848e+07	-3.64118e+08	6.47001e+07
1.99751e-10	1.69512e+07	9.44528e+07	3.21921e+08	2.43635e+07	-1.1737e+08	-3.16244e+08	2.12352e+07	5.46753e+07	1.39417e+08	1.75512e+07	3.69344e+08	-4.22078e+08
2.04751e-10	2.38803e+07	-1.59558e+08	-3.32398e+08	2.90567e+07	5.37952e+08	4.38572e+08	1.57678e+07	5.84819e+08	2.66709e+08	1.56661e+07	-1.15124e+07	1.01643e+08
2.09751e-10	2.1867e+07	-3.88666e+08	1.98762e+08	1.96706e+07	-3.72902e+08	-1.27596e+08	1.94937e+07	-2.39115e+08	-2.75192e+08	1.84858e+07	3.49843e+08	3.25538e+07
2.14751e-10	2.76516e+07	-7.646e+08	-4.10821e+08	2.06462e+07	1.9678e+08	-1.41503e+08	1.53439e+07	3.31519e+08	3.35308e+08	2.02031e+07	-3.08428e+08	-3.17731e+08
2.19751e-10	2.62733e+07	2.55535e+08	1.11815e+08	2.45498e+07	9.0611e+07	-3.85725e+08	1.60587e+07	-6.9104e+07	2.04931e+08	9.79912e+06	-4.30717e+08	1.95739e+08
2.24751e-10	2.06522e+07	-9.91439e+06	2.22358e+08	1.71434e+07	-1.79374e+08	-1.97783e+08	1.68692e+07	8.56591e+07	-2.35629e+08	1.12757e+07	7.71283e+07	-2.73273e+08
2.29751e-10	2.49733e+07	-6.47472e+07	-1.4998e+08	2.80068e+07	2.66182e+08	2.76455e+08	2.05859e+07	-4.69659e+06	2.03607e+08	1.86405e+07	8.44645e+07	5.1092e+07
2.34751e-10	1.96223e+07	1.21465e+08	-7.16789e+08	1.94267e+07	-1.17862e+08	-2.72207e+08	2.30771e+07	-5.25924e+08	9.42901e+08	2.44575e+07	-2.77386e+08	2.57514e+08
2.39751e-10	1.70684e+07	1.90825e+08	2.58421e+08	2.44706e+07	-4.32104e+07	-3.63314e+08	2.7795e+07	1.34984e+07	-2.24061e+08	3.4656e+07	3.32517e+08	4.42968e+07
2.44751e-10	2.8634e+07	-1.08166e+08	-3.40413e+08	2.63014e+07	-1.58499e+08	-2.81026e+08	2.56414e+07	-3.81256e+08	-3.2885e+08	2.66004e+07	-1.90113e+08	3.15526e+08
2.49751e-10	2.11613e+07	5.31669e+07	-4.146e+08	2.38005e+07	3.63308e+07	-1.33354e+08	1.71581e+07	-4.02886e+07	-1.03816e+08	2.28273e+07	3.31163e+08	3.45405e+08
2.54751e-10	2.35736e+07	-1.78026e+08	-2.53086e+07	1.77605e+07	4.88504e+07	1.06322e+08	1.86153e+07	-1.1127e+08	4.47329e+08	1.31115e+07	4.81556e+07	-1.08323e+08
2.5975e-10	2.17835e+07	3.33041e+08	-2.76256e+08	2.37431e+07	-6.66396e+08	-2.53159e+07	1.27421e+07	5.75209e+08	-1.45084e+08	2.19887e+07	1.59481e+08	2.85825e+08
2.6475e-10	1.72886e+07	-2.0968e+08	-1.51916e+08	2.39688e+07	-3.16411e+08	-1.24731e+08	1.93841e+07	1.54309e+08	2.24872e+08	2.51049e+07	-9.49951e+06	-2.40011e+08
2.6975e-10	2.35883e+07	3.67366e+07	-6.75423e+08	1.71432e+07	-3.26556e+07	-4.05389e+07	2.91406e+07	-2.09792e+08	1.86052e+08	1.23054e+07	2.61739e+08	-5.55867e+06
2.7475e-10	4.65658e+07	-4.52446e+08	-6.02121e+08	2.80387e+07	1.89643e+08	4.24456e+07	1.785e+07	1.63993e+08	-4.96587e+08	2.20986e+07	-1.17243e+08	9.18874e+07
2.7975e-10	3.74787e+07	-1.89836e+08	8.48651e+07	1.15691e+07	-2.48559e+08	2.52741e+08	2.43515e+07	-1.12126e+09	2.79245e+08	1.92317e+07	-4.01185e+08	1.71305e+08
2.8475e-10	2.23411e+07	4.19619e+07	-4.06364e+08	2.65774e+07	4.26969e+08	-1.81447e+08	1.46859e+07	-2.01405e+08	2.35232e+08	2.31707e+07	2.83011e+08	-3.42946e+08
2.8975e-10	1.15379e+07	4.14863e+08	-1.31947e+08	2.19732e+07	-1.66483e+08	1.70887e+08	2.91029e+07	-3.21183e+08	2.84701e+08	2.85833e+07	2.96118e+08	1.53011e+08
2.9475e-10	2.58953e+07	2.55512e+08	2.7306e+08	2.15096e+07	2.9364e+08	1.88785e+08	2.78737e+07	2.55732e+08	-4.23412e+08	2.3221e+07	-1.74754e+08	-1.73798e+08
2.9975e-10	1.89528e+07	-2.53406e+08	8.32573e+07	2.07471e+07	-3.62861e+08	-2.79584e+07	1.80648e+07	-2.19269e+08	7.82763e+07	1.73466e+07	1.19743e+08	-2.67862e+08
3.0475e-10	2.34191e+07	4.43368e+08	3.87904e+07	1.95083e+07	1.55829e+08	7.71452e+07	2.05335e+07	4.68704e+08	-6.96656e+07	2.42012e+07	7.69894e+08	4.78716e+07
3.0975e-10	2.03927e+07	-3.23466e+07	-3.24512e+08	1.7256e+07	1.99968e+08	-2.04748e+08	2.20873e+07	4.88395e+07	-3.41743e+07	1.90758e+07	2.5537e+08	-9.45488e+06
3.1475e-10	1.50501e+07	-1.12093e+08	6.34015e+07	2.34746e+07	-3.00225e+08	2.79145e+07	1.8598e+07	-2.74982e+08	1.46203e+08	2.00378e+07	-2.70453e+08	-2.81508e+08
3.1975e-10	1.94333e+07	2.81326e+08	2.85539e+08	1.42858e+07	2.70007e+08	9.13977e+07	1.60103e+07	1.29938e+08	1.41161e+08	2.80145e+07	7.07926e+07	1.67128e+08
3.2475e-10	1.68273e+07	1.14088e+08	3.9722e+08	3.15525e+07	2.05574e+08	4.06374e+08	2.0075e+07	6.40675e+07	-7.30835e+07	1.48323e+07	1.2634e+08	-1.8969e+08
3.2975e-10	2.88956e+07	4.15087e+08	-3.29291e+08	2.64231e+07	1.87766e+08	2.03502e+08	1.76558e+07	7.14218e+07	8.67942e+06	2.84711e+07	2.25808e+08	-1.85858e+08
3.3475e-10	2.43506e+07	-3.46483e+08	1.79802e+07	1.99845e+07	2.95703e+08	6.85437e+07	2.36429e+07	1.5012e+08	-4.1026e+08	2.36077e+07	-3.10244e+08	3.57821e+08
3.3975e-10	1.85712e+07	-4.13969e+06	4.96217e+08	1.83356e+07	1.80938e+08	-2.55901e+08	2.42468e+07	4.96696e+08	1.15784e+08	3.39979e+07	-5.28145e+07	-8.9207e+07
3.4475e-10	2.84734e+07	5.82136e+08	7.84214e+07	2.11567e+07	-2.75517e+08	-2.3432e+07	2.66532e+07	1.33411e+08	7.51757e+08	1.77854e+07	-7.89613e+07	1.27084e+08
3.4975e-10	1.66164e+07	3.64606e+08	-3.40631e+08	1.85899e+07	7.81465e+07	-1.00889e+08	1.33009e+07	-4.15004e+08	1.66444e+07	2.03709e+07	2.43067e+08	1.2433e+08
3.5475e-10	1.98864e+07	1.08879e+08	1.70054e+08	1.83452e+07	4.47524e+08	6.54239e+07	2.07378e+07	-3.2911e+08	-3.5824e+08	2.45661e+07	9.49037e+07	-1.58955e+08
3.5975e-10	2.50797e+07	-2.48355e+08	8.04396e+07	2.36496e+07	-4.15568e+08	-2.57401e+08	3.02466e+07	2.22531e+08	1.64881e+08	2.82957e+07	-2.17248e+08	5.77729e+08
3.6475e-10	2.77924e+07	3.00469e+08	9.17075e+07	2.47207e+07	1.51271e+08	-4.24839e+08	3.15689e+07	1.04561e+08	2.4862e+08	2.00711e+07	1.46304e+08	2.1131e+08
3.6975e-10	1.42936e+07	3.76358e+08	2.49974e+07	1.90539e+07	5.98526e+07	-1.56677e+08	2.1064e+07	-3.35063e+08	1.23557e+08	1.46078e+07	-5.02738e+06	-1.80569e+08
3.7475e-10	2.05396e+07	-1.08313e+08	-8.88315e+07	1.05747e+07	-3.8692e+08	9.92944e+07	1.78111e+07	-5.19421e+07	-2.64139e+08	1.40191e+07	1.18793e+08	-1.49323e+08
3.7975e-10	1.93519e+07	-1.42025e+08	9.74134e+07	1.85508e+07	2.62838e+08	-1.27327e+08	1.93466e+07	-6.01292e+07	-4.28957e+07	2.81839e+07	-1.87765e+08	-3.47616e+08
3.8475e-10	1.64965e+07	3.20147e+08	5.35369e+08	1.54275e+07	-2.05797e+07	3.8858e+08	2.06549e+07	3.17356e+08	2.04731e+08	2.16527e+07	-4.75364e+07	1.69018e+08
3.8975e-10	1.4535e+07	3.22104e+07	1.60053e+07	2.20757e+07	1.04161e+08	-2.93126e+08	1.60008e+07	8.98906e+07	1.50202e+08	1.28761e+07	-2.54493e+08	-3.45806e+07
3.9475e-10	2.21971e+07	5.67412e+07	-1.37965e+08	2.46093e+07	-5.40721e+08	-5.85194e+07	1.60406e+07	3.43278e+08	1.76937e+08	1.98994e+07	8.06766e+06	-3.16986e+08
3.9975e-10	1.76068e+07	2.14507e+08	-1.88104e+06	2.20468e+07	-2.15169e+08	5.42188e+08	3.1307e+07	-2.45398e+07	-2.63515e+08	2.50118e+07	-1.85663e+08	-2.85609e+08
4.0475e-10	1.74223e+07	2.55259e+08	4.13818e+08	2.71884e+07	5.7722e+08	6.5075e+07	4.03293e+07	-4.70515e+08	-4.78975e+08	2.04225e+07	1.34095e+08	1.56133e+08
4.0975e-10	2.7591e+07	-7.55566e+08	-1.97824e+08	1.85538e+07	9.03936e+07	1.4466e+08	1.37223e+07	5.2358e+08	3.52938e+07	1.57847e+07	7.08823e+08	2.17484e+08
4.1475e-10	2.50793e+07	8.31226e+07	-1.57801e+08	3.13151e+07	1.87098e+08	-4.55843e+08	2.47025e+07	4.85448e+08	-1.15893e+08	1.74915e+07	2.74856e+08	1.90181e+08
4.1975e-10	2.25715e+07	-4.59226e+07	3.71051e+08	1.79286e+07	-7.75646e+06	-8.37174e+07	1.39063e+07	-2.52014e+08	-5.02891e+07	1.29442e+07	1.2605e+08	1.89312e+08
4.2475e-10	1.9753e+07	1.17134e+08	-1.08406e+08	2.36027e+07	-1.6392e+08	-2.25885e+08	2.65704e+07	3.32692e+08	-3.77562e+08	2.40432e+07	1.26524e+08	1.37847e+08
4.2975e-10	1.81438e+07	1.35099e+08	-2.48222e+08	1.8071e+07	-6.09324e+07	4.48202e+07	2.43956e+07	4.62474e+07	-2.83438e+08	2.82755e+07	-1.30604e+08	-7.37152e+07
4.3475e-10	1.90503e+07	-1.915e+08	-1.13391e+08	1.51071e+07	-1.2203e+08	1.26552e+08	1.97704e+07	-9.3433e+07	-1.94052e+08	1.66828e+07	-1.16483e+08	1.60122e+08
4.3975e-10	1.64988e+07	4.99701e+08	1.37176e+08	2.0675e+07	2.3012e+08	-1.23862e+08	2.66693e+07	-1.99693e+08	1.91512e+08	2.07535e+07	1.36205e+08	-6.90962e+07
4.4475e-10	1.96302e+07	-1.82658e+08	-3.11293e+08	2.55675e+07	6.0005e+07	2.70008e+08	1.40681e+07	2.87358e+08	1.57653e+08	3.17868e+07	1.93263e+08	-1.69824e+08
4.4975e-10	2.5994e+07	-1.4399e+08	2.43258e+08	2.17715e+07	-1.20145e+08	1.9721e+08	1.76603e+07	-1.26393e+08	1.68921e+08	2.344e+07	-4.96046e+08	-1.55645e+08
4.5475e-10	2.62902e+07	6.97433e+07	3.2211e+07	1.72369e+07	2.0484e+08	8.25018e+07	3.49871e+07	2.48161e+08	-4.84169e+08	2.06849e+07	-2.21461e+08	-7.4609e+07
4.5975e-10	1.79119e+07	9.61246e+06	-4.47781e+08	2.04922e+07	3.41776e+08	-3.22384e+08	2.69459e+07	1.57173e+08	-6.65045e+07	2.49372e+07	1.13943e+07	7.90894e+07
4.6475e-10	2.35648e+07	1.22756e+08	4.16464e+08	3.03269e+07	1.50081e+08	8.94919e+07	2.08589e+07	2.95925e+07	-4.72489e+07	2.14623e+07	-8.94842e+07	8.60586e+07
4.6975e-10	2.49044e+07	-2.25998e+08	3.74138e+07	2.10222e+07	3.52086e+08	1.50781e+07	1.64248e+07	-1.53615e+08	-3.90979e+07	2.307e+07	-3.84107e+08	3.66257e+08
4.7475e-10	1.99579e+07	-2.31903e+08	-3.60854e+07	1.44437e+07	1.71137e+08	4.18644e+07	1.38575e+07	1.15644e+08	-1.19017e+08	1.8926e+07	-4.52767e+08	-7.18419e+07
4.7975e-10	1.80808e+07	-2.77656e+08	6.08881e+08	2.10142e+07	-2.63326e+08	5.94706e+07	1.43278e+07	2.1455e+08	-5.43803e+08	2.00478e+07	1.70805e+07	-4.46814e+08
4.8475e-10	1.41087e+07	-5.03861e+08	6.26235e+07	2.50428e+07	5.63074e+07	-3.05924e+08	2.81248e+07	696030	2.13725e+08	2.80006e+07	-3.98653e+07	2.10548e+08
4.8975e-10	1.73079e+07	3.66129e+08	-4.22737e+08	1.90156e+07	-4.56077e+08	-1.76058e+08	2.08453e+07	5.42655e+08	-7.1196e+07	2.28276e+07	-3.81881e+08	-3.13967e+08
4.9475e-10	2.02863e+07	1.17056e+08	1.13121e+08	1.98584e+07	1.60282e+08	-2.20072e+08	2.33737e+07	1.26872e+08	-2.1407e+07	1.46811e+07	-2.47108e+08	-8.61187e+07
4.9975e-10	2.68874e+07	-2.69078e+08	-2.38026e+08	1.74932e+07	-1.82557e+08	2.63001e+08	1.76743e+07	-8.71591e+07	-1.1057e+08	2.10075e+07	4.91837e+07	4.32155e+07
5.0475e-10	2.71812e+07	-1.05372e+08	2.22157e+08	2.09091e+07	1.1777e+08	-3.15238e+08	2.42248e+07	-3.82707e+08	1.98538e+07	1.8409e+07	-1.9178e+08	-2.86957e+08
5.0975e-10	1.98787e+07	-1.30626e+08	1.44436e+07	2.16679e+07	-4.68271e+08	-1.87923e+08	1.81873e+07	-3.59897e+08	-2.29827e+08	2.97567e+07	2.81321e+08	-1.25494e+08
5.1475e-10	2.44471e+07	-7.51911e+07	1.23261e+08	2.15368e+07	8.79456e+07	-4.06093e+07	2.48869e+07	5.19039e+08	5.3561e+08	2.42907e+07	3.22894e+07	-5.45899e+07
5.1975e-10	2.75658e+07	2.68725e+08	-2.02401e+08	2.28913e+07	3.80243e+08	-4.65316e+07	2.42725e+07	3.46648e+08	-3.10744e+08	2.46052e+07	5.61538e+07	-3.53783e+08
5.2475e-10	1.99336e+07	2.81201e+08	1.7972e+08	2.11021e+07	-6.80319e+07	-2.41891e+07	2.69104e+07	9.18084e+07	4.0433e+06	1.81034e+07	-1.50836e+08	1.50528e+08
5.2975e-10	1.44657e+07	-4.26042e+08	2.32181e+08	1.26053e+07	1.25595e+08	1.08578e+08	1.49711e+07	3.15112e+08	-2.35414e+08	2.57113e+07	1.66405e+08	1.87268e+08
5.3475e-10	3.37782e+07	5.00265e+08	2.68956e+08	2.24252e+07	-1.42238e+08	3.44348e+08	2.19925e+07	-2.9376e+08	1.7091e+07	2.124e+07	1.7319e+08	-5.25383e+08
5.3975e-10	2.6513e+07	3.68252e+08	2.57692e+07	1.58577e+07	2.75222e+08	-1.20762e+08	2.76671e+07	-3.39053e+06	-1.12438e+08	2.91597e+07	-1.032e+08	-6.01433e+06
5.4475e-10	1.93058e+07	-8.81409e+07	-8.87821e+07	2.7461e+07	-4.29375e+08	-1.12049e+08	2.50259e+07	1.25082e+08	-2.32783e+08	2.41331e+07	1.51942e+08	3.10473e+07
5.4975e-10	2.42598e+07	2.06306e+08	1.49902e+08	1.22018e+07	-9.9897e+07	-4.42805e+08	3.04557e+07	-1.83574e+08	1.0358e+07	2.08987e+07	2.00347e+08	6.73864e+08
5.5475e-10	1.46558e+07	4.37135e+07	1.54313e+07	2.7983e+07	-9.92277e+07	-9.28654e+07	2.19024e+07	-3.00593e+08	4.14501e+08	2.30457e+07	3.31326e+07	2.13012e+08
5.5975e-10	1.68003e+07	-3.97212e+08	4.36837e+08	1.84611e+07	-2.30222e+08	2.95666e+08	1.91268e+07	3.35567e+08	-2.49472e+08	2.39514e+07	3.81623e+08	-3.62308e+08
5.6475e-10	2.5561e+07	-6.16936e+08	-4.63366e+08	1.37488e+07	-1.50276e+08	-3.05268e+08	1.9302e+07	4.10938e+08	-7.56814e+06	2.15254e+07	-6.23489e+08	-1.51494e+08
5.6975e-10	2.65895e+07	-6.65961e+08	1.43726e+07	2.08401e+07	6.09314e+07	2.69563e+08	1.62869e+07	1.83026e+08	-1.66438e+08	2.62058e+07	3.42573e+07	-2.13959e+08
5.7475e-10	2.71985e+07	-1.86818e+08	-1.56351e+08	2.8038e+07	-5.3015e+08	-2.64045e+08	1.80604e+07	8.07348e+08	1.41685e+08	1.01681e+07	-2.34189e+08	1.8814e+08
5.7975e-10	1.92322e+07	-4.67154e+08	-2.00183e+08	2.47437e+07	7.10817e+07	5.21424e+08	2.21762e+07	-2.12507e+08	5.60674e+07	1.7674e+07	2.06889e+08	-1.28056e+08
5.8475e-10	2.09887e+07	-2.62556e+08	-1.85697e+07	2.23596e+07	3.82259e+08	-3.61246e+06	2.9509e+07	2.19154e+07	-4.46553e+07	2.27714e+07	-1.06144e+08	-3.11247e+08
5.8975e-10	1.73945e+07	-2.66564e+08	-4.8767e+06	1.59413e+07	6.31732e+08	-1.47443e+08	1.98342e+07	1.76727e+08	2.06087e+08	2.48255e+07	1.77276e+08	1.27794e+08
5.9475e-10	2.42901e+07	1.49221e+08	-1.05726e+08	2.44596e+07	-4.02304e+08	6.00543e+07	1.81715e+07	-6.6249e+07	3.20417e+08	1.85019e+07	2.02863e+08	1.84559e+08
5.9975e-10	2.50599e+07	8.70251e+07	-8.57691e+07	2.42818e+07	-6.42812e+07	-3.1146e+08	1.64885e+07	1.3867e+08	-8.89947e+07	1.81555e+07	3.24485e+08	-2.32331e+08
6.0475e-10	2.25698e+07	-6.30858e+07	-5.19569e+07	2.2632e+07	-2.76975e+08	-3.89226e+08	2.71153e+07	3.83866e+08	3.86131e+08	2.63221e+07	-1.98777e+08	2.56565e+08
6.0975e-10	2.76618e+07	2.41721e+08	1.54347e+08	2.10901e+07	-1.17413e+08	-3.55699e+07	2.12426e+07	-6.71342e+06	2.38433e+07	2.97406e+07	8.68901e+07	1.27135e+06
6.1475e-10	1.86401e+07	-1.66683e+08	-6.79542e+07	2.19196e+07	-5.45026e+08	1.75162e+08	2.4978e+07	-2.85981e+08	-7.8961e+07	2.73443e+07	9.49889e+07	-4.56971e+08
6.1975e-10	2.22328e+07	-2.03977e+08	1.1373e+08	2.06149e+07	3.89211e+07	-2.25245e+08	2.30643e+07	-1.7646e+08	2.59631e+08	2.61634e+07	3.15852e+07	1.82216e+08
6.2475e-10	2.97605e+07	-1.35024e+08	-1.84838e+08	2.40772e+07	-3.10907e+08	-5.55599e+08	2.25271e+07	1.13571e+08	3.35942e+08	2.69478e+07	-7.86965e+08	3.72092e+08
6.2975e-10	2.76232e+07	-3.95672e+07	6.72524e+07	2.18376e+07	-4.95864e+08	-3.2674e+08	2.05233e+07	-5.84774e+07	-3.69694e+08	2.35725e+07	6.11e+07	-2.33463e+08
6.3475e-10	3.15083e+07	-6.51528e+07	3.23928e+08	2.07316e+07	1.04357e+08	1.02778e+07	1.73399e+07	2.04988e+08	9.29403e+07	1.66851e+07	-1.03998e+08	-3.00724e+07
6.3975e-10	2.60405e+07	-1.30671e+08	1.63987e+08	1.76245e+07	-1.61879e+08	2.64438e+08	2.42143e+07	1.00303e+08	-3.27124e+08	2.6605e+07	5.20687e+07	4.03052e+08
6.4475e-10	3.14252e+07	-1.64147e+08	-8.18933e+07	1.93339e+07	-9.92202e+07	1.36194e+08	2.71216e+07	1.31131e+08	-2.65028e+08	1.61269e+07	-1.42096e+08	1.93998e+08
6.4975e-10	2.02624e+07	1.0425e+08	2.81052e+08	3.18155e+07	2.56223e+08	-3.23183e+07	2.3169e+07	4.93261e+07	1.52505e+08	2.22403e+07	3.50447e+07	2.6558e+08
6.5475e-10	1.84078e+07	1.6882e+08	5.75521e+07	2.09524e+07	-9.48155e+07	2.41287e+08	2.665e+07	2.2855e+08	-2.7099e+08	2.2514e+07	-6.38319e+07	1.53825e+08
6.5975e-10	2.40265e+07	8.51616e+07	4.96044e+07	2.10329e+07	3.8809e+07	-3.85295e+08	1.27655e+07	1.88888e+08	-5.41754e+07	2.36993e+07	-3.78349e+08	-2.76023e+08
6.6475e-10	1.54449e+07	-3.06299e+08	5.14555e+08	2.01564e+07	2.0603e+08	4.99766e+07	1.96555e+07	-450394	-3.67477e+07	2.06742e+07	-1.66217e+08	1.62834e+08
6.6975e-10	2.27053e+07	-1.00165e+07	-4.00142e+07	1.8934e+07	-4.4098e+07	1.88619e+08	2.46668e+07	-4.71585e+08	-1.76388e+08	2.87698e+07	1.6777e+08	1.04769e+08
6.7475e-10	1.60023e+07	-1.52321e+08	-3.72386e+07	1.74933e+07	1.35213e+08	5.95364e+07	1.92642e+07	-2.31749e+08	3.21646e+08	3.01367e+07	-4.96074e+08	-1.92426e+08
6.7975e-10	1.86317e+07	-4.10526e+07	153387	1.92317e+07	-1.21712e+08	1.96944e+07	2.24759e+07	2.97678e+08	-2.92528e+08	1.81856e+07	5.07021e+08	1.53468e+08
6.8475e-10	1.84598e+07	-7.66581e+07	6.10285e+07	2.74368e+07	2.29089e+08	2.23744e+08	1.63016e+07	-2.71449e+08	-2.46382e+08	1.93184e+07	-1.246e+07	3.52748e+08
6.8975e-10	2.13002e+07	1.14032e+08	1.77875e+08	2.30491e+07	2.45685e+08	1.6375e+08	2.15661e+07	-1.51552e+08	-1.35219e+08	3.14163e+07	4.92393e+08	-4.2759e+07
6.9475e-10	1.8364e+07	9.59662e+07	-3.41818e+07	2.39637e+07	1.87477e+08	-1.76662e+08	1.79843e+07	-2.80164e+07	-2.60598e+08	1.91711e+07	1.68544e+07	4.64286e+07
6.9975e-10	1.35808e+07	5.2877e+07	2.49438e+08	2.04958e+07	8.11667e+07	1.77272e+08	2.38311e+07	7.71033e+08	1.96443e+08	1.76578e+07	1.40508e+08	-2.69023e+08
7.0475e-10	1.40149e+07	1.32404e+08	-7.93417e+07	1.41738e+07	-8.51258e+07	6.80634e+07	2.52572e+07	5.1529e+06	-2.57977e+08	1.77809e+07	1.61631e+08	-6.74254e+07
7.0975e-10	1.99969e+07	-2.34645e+08	6.816e+07	1.35257e+07	-1.27606e+08	-2.19179e+08	1.48165e+07	6.4826e+07	2.98496e+08	2.24233e+07	-5.6643e+08	1.2983e+08
7.1475e-10	2.49005e+07	5.53749e+07	-2.35077e+08	2.203e+07	3.55028e+08	1.24426e+08	1.28063e+07	-2.16243e+08	-2.90916e+08	2.32832e+07	2.3846e+08	-8.87345e+07
7.1975e-10	2.67725e+07	-1.07786e+08	1.87567e+08	2.75248e+07	7.36176e+07	-3.33863e+08	1.68607e+07	-2.23124e+08	5.32291e+07	1.86884e+07	9.99269e+07	6.77078e+07
7.2475e-10	2.01535e+07	-2.77103e+08	-2.20252e+08	1.58127e+07	-4.35338e+08	-1.81974e+08	1.4093e+07	-1.24419e+08	1.40336e+08	1.43364e+07	-6.95925e+07	-4.331e+08
7.2975e-10	2.25221e+07	3.93196e+07	1.45014e+08	2.27656e+07	-4.12047e+06	-1.06562e+08	2.06388e+07	-3.28393e+08	1.40078e+08	2.63404e+07	1.22092e+08	-1.45261e+08
7.3475e-10	1.6749e+07	1.65734e+08	1.11462e+08	2.15081e+07	3.92259e+08	3.77675e+08	1.78371e+07	3.01667e+08	-8.61347e+07	1.39989e+07	3.8534e+07	-7.1332e+07
7.3975e-10	1.76717e+07	4.27376e+07	6.39419e+07	2.30883e+07	-6.56133e+06	-1.20486e+08	2.21428e+07	-6.25724e+08	-3.432e+08	1.397e+07	2.19507e+08	-1.2152e+08
7.4475e-10	3.19174e+07	5.54114e+07	1.48345e+08	2.5464e+07	2.08686e+08	4.48607e+08	2.03871e+07	-5.36012e+08	-2.7098e+08	2.95525e+07	4.24071e+08	2.31292e+08
7.4975e-10	2.23656e+07	3.00177e+08	-1.17611e+08	2.54231e+07	-1.80908e+08	-8.30016e+07	1.25913e+07	2.16932e+08	-6.44018e+07	1.93141e+07	1.2359e+08	9.94693e+07
7.5475e-10	2.86466e+07	1.17738e+08	7.17098e+07	2.02826e+07	-2.8989e+08	4.86913e+07	1.85564e+07	2.90448e+08	3.87509e+07	1.89798e+07	-3.75601e+07	-2.69307e+08
7.5975e-10	2.00837e+07	3.0951e+08	4.32045e+08	2.22006e+07	3.4575e+08	-4.35306e+08	3.42896e+07	-1.88243e+08	6.64341e+08	2.346e+07	-1.60175e+08	-6.5164e+08
7.6475e-10	1.67467e+07	7.93991e+07	2.55623e+08	2.54228e+07	1.86419e+08	-3.81829e+08	1.96671e+07	-2.09773e+08	1.70991e+08	2.34571e+07	-1.28673e+08	-3.84819e+07
7.6975e-10	2.8035e+07	-4.20377e+08	2.43102e+08	1.5531e+07	2.37776e+08	8.70822e+07	3.87831e+07	5.81411e+07	-3.43386e+08	1.84243e+07	-2.89915e+07	-2.68974e+08
7.7475e-10	1.93465e+07	3.35926e+08	-1.93921e+08	2.65035e+07	3.51154e+08	1.37331e+08	3.04595e+07	-1.8775e+08	1.98985e+07	2.86586e+07	-4.93391e+07	-5.82324e+08
7.7975e-10	1.81819e+07	2.21527e+08	-1.40973e+08	1.47909e+07	1.37848e+08	-5.50025e+08	2.06211e+07	1.63718e+08	-2.50969e+08	1.6608e+07	2.96044e+06	1.98691e+08
7.8475e-10	2.14353e+07	2.6989e+08	-6.98312e+07	3.43651e+07	-2.91999e+08	1.92107e+08	1.85179e+07	2.44898e+08	-8.45109e+07	2.00249e+07	1.07686e+08	3.9481e+07
7.8975e-10	2.09987e+07	-1.69301e+08	4.56692e+08	1.94739e+07	-3.11635e+08	-1.0863e+08	1.65535e+07	1.3915e+08	-4.44755e+08	2.7419e+07	8.75196e+07	-3.96729e+08
7.9475e-10	1.50353e+07	-3.67044e+08	7.09105e+07	2.6397e+07	-3.99852e+07	1.88756e+08	2.32226e+07	3.77327e+08	2.95871e+08	1.65185e+07	1.7443e+08	-9.39544e+07
7.9975e-10	1.58196e+07	5.99208e+07	-1.46019e+08	2.18266e+07	8.37358e+07	-3.60438e+08	2.13034e+07	-1.80425e+08	-7.20182e+08	2.03371e+07	-2.6626e+07	-2.60682e+08
8.0475e-10	3.07226e+07	4.01005e+08	-4.48024e+08	1.67169e+07	-8.6753e+07	-2.74757e+08	2.25712e+07	-4.65244e+08	-4.39359e+08	2.60843e+07	-4.44404e+08	-1.07703e+08
8.0975e-10	2.55829e+07	-2.73848e+08	-3.2811e+08	1.84477e+07	-2.02799e+07	-5.38117e+07	2.34081e+07	-3.35338e+07	3.96195e+08	1.63364e+07	-4.07581e+08	1.40328e+08
8.1475e-10	1.81851e+07	-1.09938e+08	2.18667e+08	1.87122e+07	-4.25963e+08	-1.86606e+08	1.44149e+07	-2.69086e+08	-3.298e+08	1.91662e+07	9.76483e+07	-5.46343e+08
8.1975e-10	2.19763e+07	2.34001e+08	-2.16997e+08	2.41938e+07	-1.38028e+08	-3.76492e+08	2.7291e+07	-2.91772e+08	-1.7196e+08	1.3987e+07	1.87174e+08	4.49637e+07
8.2475e-10	1.66783e+07	-1.76579e+08	3.35246e+08	2.19383e+07	-3.17043e+08	-3.00611e+08	2.19736e+07	-3.06881e+06	5.28424e+07	2.48429e+07	3.69896e+08	2.44565e+08
8.2975e-10	1.71079e+07	7.72701e+07	1.65992e+08	2.45058e+07	-1.21592e+08	1.64223e+08	2.51887e+07	-3.73131e+08	-2.02003e+08	1.76333e+07	-1.19137e+08	1.26434e+08
8.3475e-10	2.20084e+07	-6.09612e+08	8.06285e+07	2.02464e+07	2.82715e+08	-2.36054e+08	2.68906e+07	3.94595e+08	2.29579e+08	1.81869e+07	-6.48281e+08	6.36693e+07
8.3975e-10	2.47398e+07	2.30433e+08	2.00946e+07	2.66644e+07	1.92702e+08	-4.82533e+08	3.89011e+07	-4.25476e+08	-5.71075e+08	2.12966e+07	-1.00603e+08	2.35696e+08
8.4475e-10	2.1518e+07	9.13578e+07	-3.62563e+08	2.8629e+07	-1.77293e+08	6.19921e+07	1.43638e+07	1.67709e+08	3.23735e+07	2.50294e+07	3.24247e+08	1.58066e+08
8.4975e-10	2.66266e+07	2.40236e+08	3.05926e+08	2.80664e+07	2.14948e+08	-1.37448e+08	2.02999e+07	1.42746e+08	-1.53598e+08	2.71596e+07	-3.02574e+08	-9.66456e+07
8.5475e-10	2.62279e+07	-2.37722e+08	2.42736e+07	1.70638e+07	-2.92328e+08	-2.3547e+08	2.70487e+07	-4.22731e+08	8.47274e+07	1.88309e+07	3.91653e+08	2.96074e+07
8.5975e-10	2.36211e+07	7.86623e+08	-5.47641e+08	1.67916e+07	-2.33145e+08	-2.85283e+08	1.9106e+07	1.09391e+08	-1.17028e+08	1.88073e+07	4.96831e+08	3.06435e+08
8.6475e-10	1.74275e+07	-4.48842e+08	-1.54718e+08	2.58514e+07	3.4391e+08	4.85499e+07	2.77392e+07	2.90149e+08	2.49483e+08	2.03996e+07	-4.46615e+08	1.63801e+08
8.6975e-10	2.67376e+07	1.87579e+08	-4.69994e+08	2.00532e+07	1.63653e+07	1.21217e+08	2.73984e+07	1.65999e+08	2.09408e+08	2.14855e+07	3.93941e+08	9.57518e+07
8.7475e-10	1.89428e+07	-2.14523e+08	4.15014e+08	2.06435e+07	7.58878e+07	-8.11969e+07	2.13142e+07	-6.65601e+08	-1.91811e+08	1.52155e+07	3.94104e+06	-1.90047e+08
8.7975e-10	2.68813e+07	1.62492e+08	7.23655e+08	2.19771e+07	1.062e+08	2.17907e+08	2.01475e+07	-1.25068e+07	2.35524e+08	2.25735e+07	-3.33934e+08	3.23927e+08
8.8475e-10	2.61736e+07	-2.85334e+08	1.01718e+08	2.19595e+07	-5.23258e+08	1.42468e+08	1.72318e+07	-1.91094e+08	-9.51357e+07	1.94406e+07	-1.31295e+08	2.99989e+08
8.8975e-10	1.67516e+07	-3.89484e+08	5.91937e+07	2.11228e+07	-2.8957e+08	5.17652e+08	2.30988e+07	-9.71468e+07	-2.42795e+08	1.87496e+07	4.01482e+08	1.88681e+08
8.9475e-10	1.49802e+07	4.63982e+08	-8.41947e+07	2.54655e+07	-3.47207e+08	-1.26365e+08	1.59284e+07	3.54097e+08	-2.1596e+07	1.56651e+07	4.75512e+08	3.56283e+07
8.9975e-10	3.31933e+07	7.27076e+07	-3.14165e+08	2.57482e+07	2.11063e+08	2.11644e+08	2.15107e+07	-2.90941e+08	-4.12298e+08	2.18679e+07	3.44734e+07	-1.20065e+08
9.0475e-10	2.57605e+07	-1.30049e+08	2.53097e+08	2.63763e+07	-2.4941e+08	-4.11197e+08	1.41008e+07	5.14807e+07	-1.33502e+08	2.28233e+07	-7.66496e+07	-1.66623e+08
9.0975e-10	1.87332e+07	1.42447e+08	1.9319e+08	1.9409e+07	1.14854e+08	-1.23028e+07	8.99983e+06	8.29402e+07	-2.97653e+08	1.81165e+07	-1.90689e+08	-3.28046e+08
9.1475e-10	2.25286e+07	5.38168e+06	2.24879e+08	2.80989e+07	-7.61578e+07	-1.52567e+08	2.30689e+07	-4.29607e+07	-6.11842e+08	1.54378e+07	9.34196e+07	1.03284e+08
9.1975e-10	2.79633e+07	1.44392e+08	-1.9295e+08	2.46927e+07	-1.64952e+08	2.75317e+08	2.47216e+07	-7.31261e+07	6.12607e+07	1.65159e+07	-3.41003e+08	1.13094e+08
9.2475e-10	2.54305e+07	1.62673e+08	1.67411e+08	1.75209e+07	-2.22953e+08	1.8379e+08	1.63211e+07	6.36747e+07	3.87409e+08	2.97493e+07	-6.37858e+07	-1.21775e+08
9.2975e-10	2.42877e+07	1.45651e+07	-2.73785e+08	2.29768e+07	-2.8349e+08	1.26948e+08	1.47643e+07	-9.88826e+07	6.69712e+07	2.95184e+07	-2.22201e+08	6.10504e+06
9.3475e-10	2.49353e+07	8.23778e+08	-1.24894e+08	1.66898e+07	1.19395e+08	-6.89053e+07	2.18281e+07	2.92369e+07	2.36258e+08	1.836e+07	-2.6745e+07	-6.01097e+07
9.3975e-10	2.19861e+07	-2.08405e+08	-1.31151e+08	2.39228e+07	3.05092e+08	1.25888e+08	3.38007e+07	2.32929e+08	2.34371e+08	2.37309e+07	4.10608e+08	2.0402e+08
9.4475e-10	1.64263e+07	9.60346e+06	1.33136e+08	2.13394e+07	4.19214e+08	1.06237e+08	1.86678e+07	9.37256e+07	3.12971e+08	2.01175e+07	3.75165e+08	2.38159e+08
9.4975e-10	2.91885e+07	-9.26527e+07	-4.26096e+07	2.5772e+07	2.39658e+08	2.29903e+08	2.4116e+07	2.87179e+07	5.34145e+08	2.50525e+07	2.56711e+08	1.43837e+08
9.5475e-10	2.07226e+07	8.14844e+07	-5.40307e+08	2.77193e+07	3.17012e+08	-7.5742e+08	1.72934e+07	1.01846e+08	3.89615e+08	1.81178e+07	8.82005e+07	-1.46764e+08
9.5975e-10	2.51893e+07	-4.2233e+08	-1.43338e+08	2.09992e+07	1.86251e+08	3.77624e+08	2.16959e+07	5.44148e+08	3.51957e+08	2.67792e+07	5.80818e+08	-5.6459e+08
9.6475e-10	2.16775e+07	1.24841e+08	4.0322e+06	2.69515e+07	-6.09324e+07	-2.37865e+08	1.08004e+07	7.66961e+07	5.39253e+08	2.02368e+07	-2.70217e+08	4.10258e+08
9.6975e-10	3.69888e+07	1.19339e+07	3.26713e+08	1.78045e+07	2.24296e+08	1.22526e+08	2.93539e+07	-3.47855e+08	3.4985e+08	1.92505e+07	3.96382e+08	4.6612e+08
9.7475e-10	2.93045e+07	-1.71343e+08	2.15294e+08	2.40808e+07	5.88035e+07	-4.1537e+08	2.10445e+07	4.9555e+08	6.56556e+07	2.21289e+07	-3.07524e+07	-1.48144e+08
9.7975e-10	2.29923e+07	3.31368e+07	3.88777e+08	2.94756e+07	2.3215e+08	8.6901e+07	2.22662e+07	2.65111e+08	-5.12189e+07	2.64106e+07	-2.33054e+08	-2.08197e+08
9.8475e-10	2.31787e+07	-4.72772e+08	1.47486e+08	1.59476e+07	1.546e+08	-5.08953e+07	2.82349e+07	-1.41381e+08	1.06234e+08	1.86822e+07	-1.00823e+08	-1.69328e+08
9.8975e-10	2.43975e+07	1.46688e+08	5.70768e+08	2.78965e+07	-1.98198e+08	-3.92542e+08	1.22245e+07	-1.53498e+06	1.06681e+08	1.8535e+07	-2.27776e+08	-7.72713e+07
9.94751e-10	1.43756e+07	-1.68456e+08	-3.8527e+07	1.77003e+07	1.00718e+08	2.16149e+08	2.25746e+07	-1.87973e+07	2.6633e+07	1.87141e+07	-8.92777e+07	2.96804e+08
9.99751e-10	2.06186e+07	-3.98765e+08	-8.52904e+08	1.58847e+07	-3.60922e+08	-2.9259e+08	1.98806e+07	-7.84635e+07	4.46855e+08	2.09986e+07	2.35875e+08	3.34624e+08
