Mon Nov 18 16:04:37 2024

<base> : Rectangle : 0m, 0m, 0m; 4um, 50nm, 5nm. Cells : 800, 10, 1. Cellsize : 5nm, 5nm, 5nm
<supermesh> : Rectangle : 0m, 0m, 0m; 4um, 50nm, 5nm. Cells : 800, 10, 1. Cellsize : 5nm, 5nm, 5nm

Saved data (dataname (unit) <meshname> (cells_rectangle)) : 

time (s)	<mxdmdt> (1/s) <base> (2.02um, 0m, 0m; 2.03um, 50nm, 5nm)			<mxdmdt> (1/s) <base> (2.3um, 0m, 0m; 2.31um, 50nm, 5nm)			<mxdmdt> (1/s) <base> (2.6um, 0m, 0m; 2.61um, 50nm, 5nm)			<mxdmdt> (1/s) <base> (3um, 0m, 0m; 3.01um, 50nm, 5nm)			<mxdmdt> (1/s) <base> (3.5um, 0m, 0m; 3.51um, 50nm, 5nm)			

0	-911781	477346	-38805.1	-521164	116444	-2526.79	-804785	89355.1	2525.39	537778	-341785	71335.3	631534	-376322	-34428.6
5e-12	2.63336e+11	-1.38303e+11	3.34842e+10	-1.43578e+11	-2.31295e+11	-2.60684e+10	2.56339e+10	1.20146e+11	7.52993e+09	-8.52117e+10	-1.14218e+10	-2.95519e+09	-6.84543e+10	-5.94099e+10	5.3654e+08
1e-11	-4.12541e+11	5.31491e+10	7.34823e+10	2.3416e+11	-2.48897e+11	1.34461e+10	-3.05771e+11	-1.87531e+10	1.72652e+10	7.52915e+09	6.78046e+10	6.10714e+09	2.75834e+11	-2.30006e+10	-2.601e+09
1.5e-11	4.69451e+11	2.39542e+11	8.95007e+10	3.23733e+10	-2.17199e+10	6.03143e+09	-4.38236e+10	-1.00079e+11	-6.45517e+09	-7.65848e+10	-8.59111e+08	-2.38051e+08	-2.87659e+11	-4.76466e+10	8.54989e+09
2e-11	-1.53167e+11	-5.51877e+11	1.05875e+11	2.97351e+11	6.75567e+10	2.04306e+10	2.25824e+11	4.52081e+10	-3.69837e+09	3.08055e+11	-1.16052e+11	9.32442e+09	1.66468e+11	1.42258e+11	1.55018e+10
2.5e-11	-1.20964e+11	6.99103e+11	1.51852e+11	-4.84254e+11	6.48876e+10	3.54389e+10	-4.89885e+10	1.98852e+10	6.68156e+09	-3.0428e+11	-2.25225e+11	-4.49449e+09	-2.09213e+11	-3.74345e+10	1.73035e+10
3e-11	3.84243e+11	-7.57789e+11	2.02628e+11	2.61936e+11	3.43414e+11	1.76097e+10	1.14941e+11	-1.89087e+11	1.33844e+10	1.03896e+11	-1.80154e+10	3.24604e+08	-9.52373e+10	-2.88594e+10	5.3429e+09
3.5e-11	-1.01393e+12	5.80134e+11	3.00463e+11	2.15769e+10	-4.55634e+11	4.16589e+10	-5.72257e+10	2.98474e+10	1.23884e+10	1.98213e+10	-1.06844e+11	2.88988e+09	-2.6873e+10	1.27445e+10	-1.32797e+10
4e-11	7.70639e+11	-1.44184e+11	2.51578e+11	-7.4074e+10	2.53259e+11	1.49118e+10	-1.74044e+10	-2.1589e+11	1.43308e+10	-2.28839e+11	-1.96513e+11	-4.37219e+09	-2.90624e+10	1.00209e+10	1.12216e+10
4.5e-11	-1.52253e+12	6.04398e+11	6.21425e+11	9.31928e+10	-2.63123e+11	2.76e+10	-4.80287e+08	2.67463e+11	-2.25791e+08	-1.3343e+11	9.03103e+10	6.70627e+09	2.39253e+11	-3.62023e+10	-4.4427e+09
5e-11	1.05719e+12	-1.76257e+12	1.34497e+12	-2.31992e+11	1.36362e+11	2.29127e+10	2.77489e+11	-1.11918e+11	1.07957e+10	-2.5258e+11	-1.09272e+11	5.8335e+09	-4.30155e+10	1.89536e+10	-1.28981e+09
5.5e-11	4.16821e+11	5.09455e+11	1.39658e+12	2.17143e+11	-2.1407e+11	8.73916e+09	2.93275e+11	5.23482e+10	-1.5937e+09	-2.07147e+11	-1.89581e+11	1.68849e+09	6.88454e+10	2.63838e+10	2.6916e+09
6e-11	1.3015e+12	1.29101e+10	1.0615e+12	2.4638e+11	1.16867e+11	2.63817e+10	9.71486e+10	1.05616e+11	5.32866e+09	2.5221e+11	2.80524e+11	3.34301e+09	1.82264e+11	1.02562e+11	8.28338e+09
6.5e-11	-4.79419e+11	-5.47685e+11	6.87646e+11	2.91667e+11	4.54371e+11	1.32927e+11	-2.27903e+11	3.83438e+11	4.51734e+10	-3.19598e+11	2.07819e+11	1.19631e+10	5.64107e+10	6.51437e+10	6.10507e+09
7e-11	-6.22871e+11	1.83176e+11	5.62009e+11	1.03724e+11	-2.80091e+11	2.31413e+11	-3.81857e+10	2.4075e+11	2.53265e+10	-1.49392e+11	-7.90117e+10	9.35079e+09	-2.0008e+10	-2.88053e+11	3.74993e+09
7.5e-11	-8.6887e+10	1.98933e+11	4.53667e+11	-9.91874e+10	1.49689e+11	-3.20823e+07	-1.41756e+11	-2.44641e+11	4.86258e+10	1.19867e+11	-1.28271e+10	9.20895e+09	1.0303e+11	-1.51196e+11	9.69595e+09
8e-11	6.28854e+11	3.18434e+11	6.16011e+11	-3.03929e+11	-2.89977e+11	4.58694e+10	-6.48514e+10	1.78106e+11	8.90199e+09	-1.79332e+10	4.49619e+11	2.85204e+10	1.03407e+11	4.75096e+10	1.08417e+10
8.5e-11	7.3288e+11	-5.04676e+11	2.81982e+11	-2.17454e+11	1.21217e+11	1.62447e+10	8.60379e+10	9.34099e+10	8.94934e+09	1.66369e+11	5.97628e+10	6.14348e+09	-1.24573e+11	-6.65434e+10	-6.25567e+08
9e-11	-4.92226e+11	-5.15634e+11	2.34962e+11	-3.2059e+11	-7.6678e+10	8.08937e+10	4.41485e+11	-1.39611e+11	-1.5165e+10	-2.0793e+11	1.13562e+11	4.42106e+09	7.0794e+10	1.01614e+11	3.15489e+09
9.5e-11	-4.29432e+11	4.35055e+11	1.05333e+11	-1.59293e+11	2.85171e+11	6.20879e+10	1.60486e+11	1.88038e+10	1.20497e+10	9.82709e+10	1.05651e+11	1.58046e+10	-1.59812e+11	1.79394e+11	8.9683e+09
