Wed Nov 20 16:05:46 2024

<base> : Rectangle : 0m, 0m, 0m; 4um, 50nm, 5nm. Cells : 800, 10, 1. Cellsize : 5nm, 5nm, 5nm
<supermesh> : Rectangle : 0m, 0m, 0m; 4um, 50nm, 5nm. Cells : 800, 10, 1. Cellsize : 5nm, 5nm, 5nm

Saved data (dataname (unit) <meshname> (cells_rectangle)) : 

time (s)	<mxdmdt> (1/s) <base> (2.02um, 0m, 0m; 2.03um, 50nm, 5nm)			<mxdmdt> (1/s) <base> (2.3um, 0m, 0m; 2.31um, 50nm, 5nm)			<mxdmdt> (1/s) <base> (2.6um, 0m, 0m; 2.61um, 50nm, 5nm)			<mxdmdt> (1/s) <base> (3um, 0m, 0m; 3.01um, 50nm, 5nm)			<mxdmdt> (1/s) <base> (3.5um, 0m, 0m; 3.51um, 50nm, 5nm)			

0	311682	52341.9	-4569.81	44538.7	-193379	4434.94	-88240	145294	-290.307	-317315	192165	-2307.67	-221929	-165585	197.773
5e-12	1.2918e+10	1.25218e+11	-8.82108e+07	-2.01924e+10	1.81794e+09	3.36127e+08	-3.8851e+10	6.8145e+10	-4.32e+09	1.27184e+11	-2.3173e+10	-1.75863e+09	-7.92834e+10	-1.12066e+11	4.78678e+09
1e-11	1.10109e+11	1.85879e+11	-7.32828e+09	2.68009e+09	1.39417e+11	-2.64158e+09	-2.20549e+11	-2.0552e+11	-1.96933e+09	-2.82579e+10	-1.59501e+11	3.47576e+09	-1.47002e+11	6.50168e+10	3.26293e+09
1.5e-11	5.21393e+10	-8.69026e+10	-1.30178e+10	3.02275e+08	-5.50888e+10	2.39288e+09	8.14206e+10	-4.93474e+11	1.03924e+10	-2.93392e+11	-2.55213e+11	-2.47801e+09	2.36224e+11	2.547e+10	1.63821e+09
2e-11	-1.09244e+11	-2.5326e+10	4.3753e+09	-2.08897e+11	3.262e+10	6.09483e+09	3.08718e+10	-1.25523e+11	-3.00501e+08	5.22276e+10	-7.06181e+10	-2.50158e+09	-8.67244e+10	-4.10384e+11	-8.03261e+09
2.5e-11	3.29709e+11	1.07703e+11	-1.72331e+10	-6.25716e+10	-2.48909e+11	1.08794e+10	3.67067e+11	2.18072e+11	-3.31158e+09	1.54882e+11	1.5191e+11	8.23955e+09	4.5699e+10	7.83061e+10	1.93728e+10
3e-11	-1.61534e+11	3.36066e+11	-4.50383e+10	-3.6521e+11	4.80938e+10	1.09359e+10	1.66822e+11	2.43713e+10	4.55369e+09	4.44114e+10	1.07714e+11	1.38716e+10	2.13289e+11	2.67565e+11	-2.9193e+09
3.5e-11	-9.07122e+10	4.07599e+11	-3.94871e+10	5.02554e+10	-3.37132e+11	-6.84457e+09	6.56679e+10	1.10555e+11	7.80017e+09	4.355e+10	-2.39082e+08	5.95575e+09	-1.0211e+11	-3.67264e+10	7.69988e+09
4e-11	-4.05448e+11	4.13362e+11	-4.42066e+10	2.99213e+11	-2.30979e+11	4.88649e+09	2.27828e+11	-5.27722e+10	3.04182e+09	3.4031e+11	-2.80715e+11	-8.11685e+09	2.75039e+11	-1.09003e+11	2.25092e+10
4.5e-11	-7.24148e+11	-1.21336e+11	-9.64024e+10	1.93106e+11	-2.58907e+10	5.58017e+09	-2.28506e+10	-2.29815e+08	1.19082e+10	7.65388e+10	-7.59871e+10	-4.47605e+09	-7.19138e+10	-2.32128e+11	5.51495e+09
5e-11	-4.67081e+11	-5.58116e+11	-1.15641e+11	-3.15247e+11	1.05302e+11	-2.51125e+09	3.66109e+11	-7.24114e+10	-2.62355e+09	1.58596e+11	1.33682e+11	1.82734e+10	-8.56686e+10	-1.97719e+10	4.42168e+09
5.5e-11	4.71265e+11	-7.43146e+11	-1.52751e+11	-2.75174e+11	-1.8101e+11	7.16956e+09	3.74508e+10	-1.0031e+11	3.85991e+09	1.83926e+11	3.07937e+11	1.17116e+10	2.13941e+11	-7.15555e+10	2.82341e+09
6e-11	1.35491e+12	4.95155e+11	-3.05021e+11	1.60067e+11	2.01381e+11	3.97878e+09	-2.14211e+09	8.32515e+10	2.11059e+09	1.41863e+11	1.45037e+11	-7.17215e+08	-2.34335e+10	-3.00341e+11	2.6054e+09
6.5e-11	-1.02981e+12	1.14141e+12	-4.94593e+11	-1.08552e+10	1.09089e+11	-3.09321e+09	7.56976e+10	3.57604e+10	-3.70219e+09	-2.93316e+11	-8.75655e+10	1.46804e+10	-1.02141e+11	9.79738e+10	-1.11195e+09
7e-11	1.21704e+12	-1.76143e+12	-1.31687e+12	4.13511e+11	-9.73251e+10	-3.57782e+07	-3.38029e+10	4.44359e+10	-7.62053e+08	-1.56823e+11	2.40531e+11	1.21357e+10	-1.41871e+11	7.22966e+10	1.68824e+10
7.5e-11	1.07893e+11	-4.04909e+11	-4.46997e+12	1.27284e+11	-4.86905e+10	-9.48527e+09	-2.07825e+11	-1.31947e+11	7.46282e+09	-8.96438e+10	-9.27845e+10	1.88811e+10	-1.71136e+11	5.02721e+10	-2.53665e+09
8e-11	-9.99597e+10	-5.6579e+10	-4.43042e+12	-3.09168e+10	-1.4047e+10	5.15332e+08	-1.57899e+11	-1.12756e+11	1.34877e+10	9.45916e+10	1.0245e+11	-2.84153e+09	8.30059e+09	-5.28973e+10	7.82948e+08
8.5e-11	2.17341e+11	4.34123e+10	-4.49302e+12	-4.38269e+11	6.41868e+10	-1.81142e+09	6.8712e+10	1.91942e+11	9.09052e+09	4.80922e+10	-5.16654e+10	-2.07688e+09	1.65141e+11	4.86851e+10	9.07908e+09
9e-11	3.94141e+10	5.05474e+11	-4.51917e+12	7.657e+10	-1.79469e+11	-3.09492e+09	-1.8129e+11	-3.51268e+11	5.81514e+08	3.52877e+09	-2.5625e+11	8.88239e+09	4.3308e+10	3.8768e+10	1.20211e+10
