Thu Oct 17 23:10:25 2024

<base> : Rectangle : 0m, 0m, 0m; 1.5um, 50nm, 5nm. Cells : 300, 10, 1. Cellsize : 5nm, 5nm, 5nm
<supermesh> : Rectangle : 0m, 0m, 0m; 1.5um, 50nm, 5nm. Cells : 300, 10, 1. Cellsize : 5nm, 5nm, 5nm

Saved data (dataname (unit) <meshname> (cells_rectangle)) : 

time (s)	<mxdmdt> (1/s) <base> (300nm, 0m, 0m; 310nm, 50nm, 5nm)			<mxdmdt> (1/s) <base> (500nm, 0m, 0m; 510nm, 50nm, 5nm)			<mxdmdt> (1/s) <base> (700nm, 0m, 0m; 710nm, 50nm, 5nm)			<mxdmdt> (1/s) <base> (900nm, 0m, 0m; 910nm, 50nm, 5nm)			<mxdmdt> (1/s) <base> (1.1um, 0m, 0m; 1.11um, 50nm, 5nm)			

0	-17596.8	709988	809920	100904	-293118	1.84345e+06	24048.8	-589832	-757049	-52972.6	131640	-520642	523472	3.37247e+06	-3.49259e+06
5e-12	9.62777e+09	-1.53483e+11	-4.06367e+10	-1.17625e+10	1.69752e+11	-9.1506e+10	1.68434e+09	1.69687e+11	1.38341e+10	1.17074e+10	2.27762e+11	2.36786e+11	-3.91089e+10	3.75528e+11	1.93682e+11
1e-11	-8.40528e+09	-8.22509e+10	-2.25042e+11	-9.88811e+08	1.95447e+11	-6.91922e+10	4.86033e+09	-3.64725e+10	-3.21938e+11	4.35188e+09	2.35955e+10	6.38568e+10	2.53609e+10	-3.38776e+10	3.12203e+11
1.5e-11	-5.18327e+09	-4.97119e+10	5.30948e+10	-1.54435e+10	-1.46803e+11	-1.29933e+11	-1.50911e+10	-8.99712e+10	-3.97655e+11	-1.14198e+10	3.54459e+10	1.45742e+11	-2.53754e+10	-2.30496e+11	-1.73474e+08
2e-11	2.04745e+10	2.2771e+11	-2.84146e+10	-2.38087e+10	1.19251e+11	-2.09983e+10	-2.08915e+10	-1.87452e+11	1.96548e+11	1.00005e+10	-8.48332e+10	-7.36212e+10	4.46386e+10	1.73736e+11	-3.60131e+11
2.5e-11	1.3714e+09	3.64068e+11	5.2563e+10	-3.02832e+10	2.6571e+11	1.11846e+10	-2.86581e+10	1.24557e+11	-2.51094e+11	3.6656e+09	2.25804e+10	-1.66472e+10	-7.87223e+09	1.33297e+10	-3.97144e+10
3e-11	-1.69245e+10	1.13062e+11	2.15457e+11	-1.3181e+10	2.12972e+11	-7.22545e+10	5.9632e+09	-2.04917e+11	1.1034e+11	-1.086e+10	-1.08961e+11	-3.75228e+10	-1.33045e+10	4.53996e+10	7.28668e+10
3.5e-11	-1.02647e+10	3.43379e+11	-6.05809e+10	-9.67512e+09	7.89528e+10	8.69402e+10	2.87786e+10	-1.82788e+10	2.07668e+11	-1.04729e+10	6.23164e+10	-1.3967e+10	-1.8123e+10	-4.24596e+11	-7.38804e+10
4e-11	-7.84391e+09	-3.39121e+09	-2.27922e+11	1.17947e+10	-1.18614e+11	2.60932e+11	-7.82278e+09	1.19832e+11	-3.02349e+11	4.22912e+10	1.40397e+10	4.33333e+11	-1.89334e+09	-1.84042e+10	-7.53322e+10
4.5e-11	6.33186e+09	3.00067e+10	-2.6881e+11	-2.81065e+10	7.13581e+10	1.59519e+11	9.00798e+09	-6.90902e+10	-1.84345e+11	-2.71886e+10	-8.79295e+10	-3.71043e+11	1.51145e+09	-2.85006e+09	9.12561e+10
5e-11	-3.63979e+09	-2.63212e+10	6.28782e+10	-1.1175e+10	1.22299e+11	3.7753e+11	-1.31942e+10	-2.5301e+11	-5.56837e+10	5.61977e+09	6.42449e+10	-1.02493e+11	-3.32399e+09	7.52786e+10	-4.98546e+10
5.5e-11	4.06523e+09	-1.12499e+10	6.2258e+10	-7.49143e+08	-2.48228e+11	-1.48737e+11	-1.7488e+10	-7.95492e+10	1.71028e+11	-3.26171e+10	-1.45869e+11	2.61806e+11	3.48389e+09	-1.59576e+11	7.16892e+10
6e-11	-1.03383e+10	6.94812e+10	-1.78128e+11	2.31914e+10	-1.72202e+10	2.6233e+11	-9.41921e+09	-1.45413e+11	3.58951e+10	-7.70252e+09	-5.77291e+10	1.76386e+10	6.24503e+08	2.55555e+11	-1.12727e+11
6.5e-11	-8.51696e+09	2.22589e+11	-1.43246e+10	-1.36364e+10	-3.10143e+11	1.56773e+11	-6.87347e+09	-1.37689e+11	5.07299e+10	-6.61464e+08	-4.20613e+10	-3.53231e+11	-9.23226e+09	-2.3778e+10	5.08969e+10
7e-11	-6.33175e+09	5.96353e+10	-5.02745e+10	1.56749e+10	1.37594e+11	-5.69507e+10	-1.14825e+10	4.81953e+10	-3.58632e+10	1.15268e+10	2.82452e+11	1.05265e+10	-7.69472e+09	1.87189e+11	-7.08143e+10
7.5e-11	-2.51567e+10	-5.97056e+10	1.7003e+11	4.40708e+09	1.11722e+10	-2.0765e+11	-1.11827e+10	1.10193e+11	1.0865e+10	-2.77254e+10	3.93233e+11	-1.44514e+11	-1.4301e+10	1.00952e+11	-3.90641e+10
8e-11	-3.16651e+09	3.14012e+10	-1.68379e+10	-1.64016e+10	1.8055e+11	2.26632e+10	9.50769e+09	3.43851e+11	-4.20328e+11	-1.13401e+10	1.6828e+11	3.27763e+10	7.44099e+09	-6.3587e+10	-1.91734e+11
8.5e-11	-1.19022e+10	-1.34621e+11	1.02312e+10	-1.09727e+10	-8.06676e+10	3.4198e+10	-6.89094e+09	1.24822e+11	-3.51941e+10	-6.51301e+09	1.30936e+11	-7.46416e+10	-2.48247e+09	6.71818e+10	3.02957e+11
9e-11	-5.2715e+09	9.80078e+10	7.93312e+10	6.98846e+09	-1.01519e+11	1.35076e+11	-1.94474e+09	2.05024e+11	3.22439e+11	-2.35082e+10	-4.47057e+10	1.46093e+11	1.26036e+09	2.38047e+10	5.19339e+10
9.5e-11	-1.32132e+09	-5.96235e+10	5.3182e+10	1.01946e+10	2.05964e+11	-1.41751e+11	7.56388e+09	-2.00599e+11	-7.93413e+10	-3.96854e+09	-1.16803e+11	5.2961e+10	-4.62907e+09	1.88687e+11	-8.62032e+10
1e-10	-5.36977e+09	-9.79108e+08	1.50562e+11	-1.39403e+10	-1.51919e+11	1.39723e+11	-1.78989e+10	4.78511e+10	-3.9934e+10	-2.36207e+10	1.46661e+11	-1.16473e+11	-4.09714e+09	3.69582e+10	-8.82001e+10
1.05e-10	-1.33247e+10	-5.80311e+10	-4.15444e+10	-2.45024e+10	7.48747e+10	1.75046e+11	3.44852e+08	9.80191e+10	6.00953e+10	1.22818e+10	-5.39942e+10	-1.93348e+11	7.08995e+09	2.54121e+11	1.34549e+10
1.1e-10	-7.3355e+09	-1.24326e+11	4.15658e+10	-6.88445e+09	-8.67412e+10	1.44226e+11	8.85493e+08	-1.12363e+11	1.59909e+10	2.76357e+09	-2.31538e+11	1.76138e+11	-9.08566e+09	2.17568e+10	1.05953e+11
1.15e-10	3.8861e+09	-6.62412e+10	-6.95345e+10	4.36511e+07	1.20923e+11	-3.0814e+10	-1.04218e+10	8.63355e+10	-4.53308e+10	2.3138e+09	-1.3603e+11	-1.99345e+11	-9.57193e+09	1.49103e+11	-1.73727e+11
1.2e-10	-3.05957e+10	3.94042e+11	2.90319e+10	-1.76855e+09	-3.66018e+11	-9.68286e+10	4.26425e+09	3.03497e+10	-2.05016e+11	-8.60222e+09	-1.29754e+11	2.16493e+10	-4.17948e+09	-6.0758e+10	2.49854e+10
1.25e-10	-7.95743e+09	-1.51843e+11	-1.58589e+11	-1.25761e+10	2.69949e+10	1.23312e+11	-2.12929e+09	-9.46847e+10	2.79219e+10	-2.83704e+09	-3.50099e+10	7.79536e+10	8.67543e+09	-7.00779e+10	7.08882e+10
1.3e-10	-1.58442e+10	-1.21621e+11	-7.60641e+10	-1.47965e+10	6.3219e+10	-3.32588e+11	-1.87072e+08	5.11114e+10	-5.4094e+10	-2.42646e+10	-2.08055e+11	2.43643e+11	-4.84057e+09	-9.51679e+10	-1.9472e+10
1.35e-10	-1.96914e+10	-9.44511e+10	-1.04453e+11	-1.53679e+09	1.90196e+10	8.25146e+09	-2.14073e+09	-4.30527e+10	-6.42917e+10	-6.72403e+09	-4.73501e+10	-6.78524e+10	-1.18452e+10	-1.2568e+11	1.96359e+11
1.4e-10	-1.22408e+10	9.93293e+10	3.45697e+10	-9.88356e+09	-7.45719e+08	1.69539e+11	-4.33122e+09	-1.06613e+11	-9.06999e+10	-8.14578e+09	-1.38168e+11	-4.13394e+10	-1.38046e+10	3.88089e+10	2.43804e+11
1.45e-10	2.93596e+09	2.17067e+09	6.57039e+10	5.88164e+09	-2.0722e+10	-7.24434e+10	-2.30451e+09	-2.28804e+10	1.87861e+11	-5.77687e+09	-2.70177e+10	2.91619e+11	7.79451e+09	7.85069e+10	-2.93325e+11
1.5e-10	2.91055e+09	1.24223e+11	7.85941e+10	-3.06285e+08	-1.92862e+11	2.01628e+10	-1.34616e+09	-1.43959e+11	5.92251e+10	-2.2079e+10	-2.61314e+11	2.1288e+11	-1.17886e+09	1.83965e+11	-1.00848e+11
1.55e-10	4.05154e+07	8.98293e+10	7.61218e+10	-1.43581e+10	5.67969e+10	9.81567e+10	-1.34948e+10	1.24256e+11	-8.52248e+10	-6.84664e+09	1.59371e+11	-2.51557e+11	-1.46814e+10	1.52654e+11	-2.47065e+11
1.6e-10	1.04018e+10	1.6599e+11	-1.69758e+11	8.49912e+09	-1.92935e+11	-2.45876e+11	1.84026e+09	-9.09048e+10	4.63312e+10	-7.38536e+08	-4.90832e+10	6.25975e+10	-6.56632e+09	-8.80577e+10	1.40614e+11
1.65e-10	2.69093e+09	-1.64549e+11	2.52269e+10	-2.38976e+10	1.62949e+11	1.31512e+11	-1.02228e+10	-8.63889e+10	-1.70168e+09	9.00858e+09	3.85864e+10	-2.11408e+11	1.23166e+10	-4.05403e+10	1.34179e+11
1.7e-10	-2.01169e+10	1.96612e+11	1.25146e+11	1.81519e+09	-1.92369e+11	-5.21036e+10	-8.42302e+08	-1.27042e+10	-7.44067e+10	1.11834e+10	-1.79569e+10	-8.96053e+10	2.351e+10	-2.0314e+11	1.29994e+11
1.75e-10	-3.19332e+10	2.66711e+10	1.81331e+10	1.22013e+10	-2.86396e+11	-1.79392e+11	-6.72134e+08	1.1214e+11	-1.4047e+10	-9.20904e+09	-3.15109e+10	-1.25397e+11	-9.14101e+09	-5.74365e+10	-4.27735e+10
1.8e-10	-3.04151e+10	2.08076e+11	1.42048e+10	-3.47359e+09	4.96647e+10	5.65514e+10	-9.80531e+09	8.12124e+10	1.22601e+11	-1.71059e+09	4.1759e+09	1.50306e+11	-1.36608e+10	3.1904e+11	-1.13105e+10
1.85e-10	7.61265e+08	-9.50883e+09	1.09902e+11	-7.90551e+09	1.52667e+10	6.23062e+10	1.84822e+10	1.67245e+11	3.84095e+11	4.11519e+09	-3.90568e+10	-8.7411e+10	-6.37213e+09	1.15635e+11	-2.53866e+10
1.9e-10	-6.32541e+09	3.33104e+10	1.03979e+10	-6.36358e+09	1.73282e+11	7.40954e+09	9.47081e+09	-3.69827e+10	9.9744e+10	-1.50541e+10	2.02208e+11	-5.15071e+10	-6.26065e+08	-5.74618e+10	4.15265e+10
1.95e-10	-4.6166e+09	-1.27613e+11	2.19967e+11	-1.47791e+10	1.28419e+10	8.31149e+10	-4.40076e+09	-5.95699e+10	5.06307e+10	1.27456e+10	-3.27328e+11	-1.46079e+11	-3.41001e+09	-2.29977e+11	3.16084e+10
2e-10	-1.06893e+10	2.00201e+11	-7.06994e+09	-1.97397e+10	-6.91095e+10	9.41896e+10	1.53156e+09	7.88058e+10	2.77549e+11	-2.28049e+10	-8.86583e+10	-1.31547e+11	-7.82877e+09	5.79762e+09	-2.02069e+10
2.05e-10	-9.96482e+08	4.69881e+10	8.51421e+10	-1.71915e+10	-1.40396e+11	8.77835e+10	1.74019e+10	2.46382e+11	1.06999e+11	5.56101e+09	-1.55777e+11	-1.99033e+11	6.77994e+09	1.74742e+11	2.81813e+11
2.1e-10	-1.35112e+10	2.62288e+11	-4.30395e+10	-8.60104e+09	-1.74087e+11	-1.50958e+11	9.63892e+09	2.05585e+11	6.19075e+10	-4.94216e+09	8.46667e+10	-3.96919e+10	1.19756e+08	1.16414e+11	7.83998e+10
2.15e-10	-6.18126e+09	-3.96712e+10	-1.074e+11	7.7974e+09	3.32956e+10	4.66168e+09	-1.14059e+10	1.24634e+11	-3.82121e+09	-2.68726e+09	-2.31348e+11	1.26229e+11	1.55798e+09	2.85023e+10	-8.18596e+10
2.2e-10	-2.82318e+09	-1.25088e+11	2.15896e+11	-2.12955e+10	-2.57063e+11	-2.44091e+11	-4.37772e+09	9.29686e+10	2.24609e+11	-9.5085e+09	-1.14176e+10	5.00944e+10	-1.91121e+09	-2.02605e+11	-4.70404e+10
2.25e-10	-1.69431e+10	5.19459e+10	-1.74008e+11	-2.28362e+10	-6.34361e+10	-1.69636e+11	-7.08917e+09	6.85275e+10	-1.45569e+11	-1.40482e+10	-6.81454e+10	8.7278e+09	-1.30277e+10	3.43414e+10	-2.60642e+11
2.3e-10	-4.62606e+09	2.61218e+11	-1.2757e+11	7.50264e+09	-1.19861e+10	9.6091e+10	-3.31573e+09	-4.7393e+10	6.11137e+10	-1.70042e+10	-1.3313e+11	9.62672e+10	-2.84836e+10	6.86393e+10	-1.8403e+11
2.35e-10	-1.42468e+10	1.58584e+10	-3.59199e+09	5.46185e+09	-3.23953e+11	5.53757e+10	-2.2351e+10	-3.08044e+11	-3.60016e+10	-1.12221e+10	4.22054e+09	-6.78352e+10	1.28426e+10	2.12497e+10	1.36009e+11
2.4e-10	-9.98998e+09	7.53654e+10	-2.54002e+10	1.14598e+09	-1.01206e+11	1.34547e+11	-1.15208e+10	-5.02578e+10	-2.12551e+10	1.30917e+10	-1.56846e+11	-1.56964e+11	1.08077e+10	-8.763e+10	5.74943e+10
2.45e-10	-5.98839e+09	-6.54176e+10	3.6978e+10	2.15706e+09	3.27769e+09	1.51467e+10	-5.09075e+09	-2.3302e+11	2.12996e+10	-1.21258e+10	-1.59155e+11	5.72941e+10	-2.69975e+09	-1.00853e+10	-7.82628e+10
2.5e-10	-7.9992e+09	-1.63869e+11	9.68805e+09	-9.00031e+09	1.76822e+11	-6.6861e+10	1.173e+10	8.21271e+10	1.87964e+11	-5.04655e+09	-1.17997e+11	-3.3296e+10	-1.62533e+10	9.82622e+10	6.38227e+10
2.55e-10	-5.14045e+09	7.50379e+10	5.95274e+10	-2.79471e+09	-2.79763e+10	-1.46618e+11	-6.39286e+09	-1.21354e+11	1.80788e+11	-8.85872e+09	-1.31555e+11	-3.44724e+10	-5.84667e+09	-1.75753e+11	1.75578e+11
2.6e-10	-6.32774e+09	6.01868e+10	-2.59841e+11	6.30434e+09	-5.73687e+10	4.13348e+10	-1.13163e+10	9.63042e+09	-6.13758e+10	4.27767e+08	2.10225e+11	-5.19182e+10	2.41397e+09	3.84419e+10	4.44383e+10
2.65e-10	-1.06878e+10	2.83055e+11	1.23699e+11	2.09732e+09	-3.04938e+10	5.08236e+10	-3.13336e+09	-5.97656e+10	-2.70886e+11	-1.24603e+10	-1.1073e+11	1.33296e+11	-1.11667e+10	-8.42807e+09	1.23662e+11
2.7e-10	-4.77296e+09	-3.64062e+10	1.49465e+11	9.4941e+08	-2.10334e+11	-2.94501e+10	-1.78272e+09	2.64013e+11	-1.31738e+10	-4.588e+09	3.70771e+09	4.55295e+10	9.9845e+08	-1.05671e+11	9.39358e+10
2.75e-10	-8.7166e+09	-1.32429e+11	1.35916e+11	4.37477e+09	-8.55822e+10	-2.46755e+11	-7.178e+09	-1.78298e+11	-1.27976e+10	-3.54316e+09	8.3817e+10	-6.15162e+10	-3.87392e+09	-5.38538e+09	1.93898e+10
2.8e-10	-1.62056e+09	2.32486e+09	-2.40214e+11	-2.21441e+09	-6.72024e+10	-1.26787e+11	-1.53948e+10	1.84676e+11	-2.42858e+10	-1.03639e+10	6.04775e+10	6.94756e+10	1.12587e+10	-2.2772e+11	-5.68601e+09
2.85e-10	-1.81186e+10	5.33117e+10	-1.26552e+11	-4.45575e+09	4.26228e+10	-1.77057e+11	-2.2523e+09	2.87671e+10	5.98312e+10	-1.36552e+10	1.00927e+11	1.36624e+11	-4.51751e+09	1.11541e+11	1.73997e+11
2.9e-10	-7.27402e+09	-7.54131e+10	-4.28076e+10	4.37757e+09	-8.69432e+10	-1.96317e+11	-6.76029e+09	9.4314e+10	-1.14048e+11	-8.69128e+09	2.05741e+11	1.43835e+10	-1.05315e+09	1.94829e+11	1.24387e+11
2.95e-10	-3.21587e+09	-5.99739e+10	-5.88229e+10	-5.77193e+09	8.31318e+10	-1.79932e+09	7.04856e+09	-2.19862e+11	2.34592e+10	-1.75783e+10	1.997e+11	1.89699e+11	-2.43035e+10	2.30609e+11	1.4403e+11
3e-10	-4.79921e+09	-1.16055e+11	-1.18022e+11	-5.00976e+09	-5.69281e+10	-4.63059e+10	-6.10776e+09	-1.06428e+11	2.46517e+11	-9.76428e+09	-1.13936e+11	2.40734e+10	-3.52163e+09	4.09301e+10	4.48477e+10
3.05e-10	3.45838e+09	-3.09366e+10	-8.90397e+10	4.0233e+09	3.6565e+10	2.30529e+10	-8.27145e+09	5.4624e+10	5.04024e+09	-5.57018e+09	-5.89799e+10	-2.50712e+11	9.75331e+08	-1.90388e+11	-2.16987e+11
3.1e-10	-5.09707e+09	-3.32123e+10	-9.37838e+10	-1.28543e+10	-2.42375e+10	1.91813e+11	8.69888e+08	-4.85137e+10	1.95454e+11	-1.03613e+10	1.17902e+11	7.84903e+10	4.48553e+09	1.74623e+11	-2.64643e+11
3.15e-10	-1.90498e+09	-6.32879e+10	1.02581e+11	-3.18609e+09	-9.81609e+09	1.05038e+11	-4.29707e+09	-1.48408e+11	1.42432e+10	-6.0257e+09	-2.25213e+11	1.44175e+11	1.45342e+09	-1.19289e+11	2.12202e+11
3.2e-10	-1.89037e+10	9.76939e+10	7.00705e+10	6.07537e+09	-3.41169e+11	-1.61017e+10	-5.90001e+09	2.27332e+10	6.05956e+10	-1.05518e+10	1.07846e+11	2.05742e+11	6.3049e+09	-1.30145e+11	-6.25441e+09
3.25e-10	-1.71151e+10	2.61419e+10	-7.07811e+10	-1.05901e+10	-2.26333e+11	4.68802e+10	9.46579e+09	-3.40538e+10	7.05065e+10	-6.85347e+09	-2.85757e+10	2.38338e+10	-1.86078e+10	-8.49943e+10	-5.53314e+10
3.3e-10	-2.22664e+09	-7.92608e+10	3.69079e+10	2.72246e+10	2.89202e+11	1.39503e+11	-1.31394e+10	1.54111e+11	-9.89742e+10	-7.10115e+09	-2.83156e+11	3.15707e+10	-6.93625e+09	1.53815e+10	2.10258e+11
3.35e-10	-5.20142e+09	1.31275e+11	-2.19652e+11	7.38057e+09	-4.0553e+10	-1.34957e+11	1.2432e+10	6.07252e+10	2.55802e+11	-3.29991e+09	9.49374e+10	-6.52679e+09	-9.42001e+09	1.97949e+10	1.01026e+11
3.4e-10	-1.47886e+10	1.58642e+11	-9.51365e+09	-1.52424e+10	-1.40573e+10	-2.96599e+10	1.26383e+09	-1.01128e+11	6.74493e+10	-2.54929e+10	-5.98714e+10	2.47637e+11	2.17534e+09	3.52133e+11	-4.30309e+10
3.45e-10	-2.30691e+10	9.15453e+10	-4.38356e+10	-7.99523e+09	-1.68737e+11	-6.65492e+10	-5.95642e+09	-2.90595e+10	1.11034e+11	-9.31203e+09	-4.99242e+10	1.20761e+11	-3.10896e+08	4.17765e+10	-7.88553e+10
3.5e-10	-2.41701e+09	5.91299e+10	-1.45941e+10	-4.96826e+10	-3.84923e+10	4.04721e+11	-7.29915e+09	-1.387e+11	-5.09232e+10	-2.61466e+10	6.22104e+10	2.16662e+10	4.47868e+09	7.12412e+10	-6.0512e+10
3.55e-10	-2.10203e+10	1.28337e+11	-4.15105e+10	-6.43613e+08	3.1278e+10	1.05317e+11	-4.90859e+09	-1.78945e+10	2.54359e+11	2.93114e+09	-3.56295e+10	2.37913e+11	-1.02308e+10	1.2186e+11	3.91617e+10
3.6e-10	-1.00107e+10	5.75769e+10	6.73566e+10	9.17149e+09	1.38345e+11	-1.49699e+11	-1.86297e+10	-2.24983e+10	-1.01393e+11	-9.73121e+09	7.83896e+10	-1.50194e+10	-3.72961e+09	-1.61795e+10	1.21658e+11
3.65e-10	-3.48022e+09	-4.55205e+10	-3.61192e+10	2.80272e+09	9.17728e+10	-9.66322e+10	-7.14267e+09	-1.69701e+11	-1.1687e+11	-2.37813e+10	2.58698e+10	1.96789e+11	-3.13703e+09	5.37203e+09	-2.06254e+11
3.7e-10	-1.17691e+10	3.86857e+10	-6.50828e+10	-7.06221e+09	8.9171e+10	2.19738e+10	-1.56557e+10	2.90114e+11	-5.95956e+10	8.84781e+07	-2.32013e+10	-3.79405e+10	2.94261e+08	-3.8185e+11	8.12065e+10
3.75e-10	-2.03476e+10	-6.45271e+10	-2.27244e+11	-1.29505e+10	1.02526e+11	1.87927e+11	1.43324e+09	-9.5631e+10	-6.81624e+10	-1.91347e+10	1.52871e+11	5.19803e+10	1.19576e+10	1.61221e+11	1.09761e+11
3.8e-10	3.32068e+09	-1.87936e+11	2.94981e+11	-9.31835e+09	2.49698e+11	1.29179e+11	5.17427e+07	-2.24106e+11	-1.24057e+11	1.34229e+10	3.83016e+10	9.07321e+10	-9.89345e+09	-1.98634e+11	-3.39511e+11
3.85e-10	1.54462e+09	8.17639e+10	-1.91166e+10	-6.66738e+09	-3.21271e+10	-2.30728e+11	-1.31202e+09	2.83099e+10	-7.71963e+10	-1.01165e+10	-4.11655e+10	-1.98189e+10	8.8347e+09	-6.9993e+10	-1.94485e+11
3.9e-10	1.32359e+08	-4.70857e+10	-1.00035e+11	2.03496e+09	-2.83054e+10	-3.48656e+10	-3.3961e+10	-3.70747e+11	6.96628e+10	-5.73043e+09	-6.95198e+10	-1.72583e+11	3.1822e+09	8.98274e+10	-2.82922e+11
3.95e-10	2.98729e+09	-7.71893e+10	-1.06335e+10	-4.12704e+09	-7.59688e+10	-5.22659e+10	-7.81413e+09	-6.0685e+10	2.83629e+11	-9.17047e+09	-1.37475e+11	-1.22499e+11	7.80154e+09	8.19495e+10	1.03584e+11
4e-10	3.16512e+09	-4.31915e+10	1.4072e+11	-4.60382e+10	-2.77823e+11	1.8491e+11	-8.37122e+09	-1.71593e+10	-5.24762e+10	-6.98284e+09	9.13683e+10	7.56071e+10	-3.58115e+10	2.11145e+11	-2.10346e+11
4.05e-10	-2.99309e+10	-3.22052e+11	-3.33817e+11	-1.62034e+10	5.12441e+10	1.1821e+11	3.24817e+09	2.03364e+11	-1.72651e+11	-1.07277e+10	1.54625e+10	1.23515e+11	4.1615e+07	-1.18858e+10	2.80235e+10
4.1e-10	-2.56229e+08	6.20437e+10	-9.75391e+10	7.58423e+09	-8.91e+10	-1.2229e+11	-4.14819e+09	-1.19522e+11	1.10906e+11	-1.37117e+10	2.06873e+11	1.82641e+10	-3.48513e+09	1.4796e+11	1.89458e+11
4.15e-10	-1.0486e+10	2.12815e+11	-6.49799e+10	-8.24071e+09	-2.02572e+10	-8.14372e+10	-5.17914e+09	-1.00882e+11	1.20111e+11	9.75255e+09	1.59283e+11	7.52668e+10	-1.93008e+09	9.56137e+08	2.11041e+11
4.2e-10	1.09961e+10	5.39006e+10	1.10146e+11	-1.08428e+09	6.34073e+10	-4.23545e+10	-2.30888e+10	2.42982e+11	-2.46867e+11	-8.26486e+09	-8.91625e+10	1.47251e+11	3.76032e+09	6.93744e+10	-1.45486e+11
4.25e-10	-8.79113e+09	-5.51222e+10	1.31224e+10	-6.28861e+09	5.60995e+10	-3.73618e+11	-7.92566e+09	8.62301e+10	8.54442e+08	-1.92925e+10	9.94046e+10	1.01693e+10	-7.3922e+09	-3.03037e+10	8.65429e+10
4.3e-10	-1.24365e+10	6.06297e+10	-2.35957e+09	-1.18474e+10	-8.76002e+10	7.91612e+09	-1.79212e+10	-1.2953e+11	2.0449e+11	-1.78357e+10	-8.07579e+10	-1.2996e+11	1.90017e+09	-6.88781e+10	2.07137e+11
4.35e-10	-2.33226e+10	2.01983e+10	-1.45391e+11	-8.52118e+09	-1.9809e+11	1.53211e+11	9.76575e+08	-1.00436e+11	4.57288e+10	-1.09011e+10	-6.24692e+10	2.26856e+10	-3.94696e+09	1.38422e+11	7.49485e+10
4.4e-10	-1.93857e+10	-1.2938e+11	-4.83688e+08	3.2743e+09	-4.85337e+10	4.90924e+09	-1.17128e+10	3.31599e+09	-8.19916e+09	-1.90866e+10	-1.94383e+11	-1.64426e+11	-1.12997e+09	1.08088e+11	-3.04378e+10
4.45e-10	6.94078e+09	-1.35173e+11	8.947e+10	-1.37225e+10	1.75276e+11	-1.29521e+11	-7.39078e+09	8.65054e+10	1.3415e+11	-9.98661e+09	9.52896e+10	-3.13771e+09	-1.38965e+10	3.86359e+11	4.61452e+10
4.5e-10	5.81714e+06	5.09647e+10	2.10772e+11	4.35828e+09	1.87341e+11	3.88039e+10	-4.43845e+09	8.17534e+10	4.00839e+09	9.97099e+09	3.03588e+11	-2.55472e+10	6.42635e+09	6.0997e+10	-5.06433e+10
4.55e-10	6.73862e+08	1.64415e+11	-3.45541e+11	-1.15609e+10	-2.229e+11	3.39797e+11	-1.73628e+10	-1.16899e+11	1.099e+11	-1.89395e+10	2.58679e+10	1.47196e+10	-3.51266e+09	-1.03721e+10	1.36032e+10
4.6e-10	-7.51914e+08	-1.54513e+11	2.06689e+11	-1.44537e+09	-2.47838e+11	-5.30778e+10	-3.11509e+09	1.47024e+11	-7.20662e+10	-2.92821e+09	3.77836e+10	-7.47505e+10	-8.15001e+09	-1.38625e+10	-6.58837e+10
4.65e-10	-1.21006e+10	-2.66935e+11	-3.93513e+10	-1.50354e+10	1.31539e+11	-3.90847e+10	-1.63686e+10	-3.92768e+10	7.73152e+09	-2.51873e+10	1.09694e+11	-1.38714e+11	-2.64729e+09	-2.10408e+11	-4.4751e+10
4.7e-10	1.21853e+10	-4.50055e+10	2.49868e+11	-6.06156e+09	4.49593e+10	-8.77854e+10	3.7724e+09	7.58897e+10	-7.72338e+10	-1.56008e+09	-3.19304e+10	-2.53975e+10	2.15089e+09	7.56703e+10	8.11502e+10
4.75e-10	-1.04412e+10	6.13505e+10	-9.65141e+10	-2.75863e+09	-1.58401e+09	-1.0214e+11	1.35897e+09	3.1575e+10	1.60309e+11	-1.21559e+10	6.38717e+10	2.338e+11	3.71083e+09	-2.90994e+11	-1.65538e+11
4.8e-10	1.62688e+10	6.70997e+08	1.52625e+11	-1.32662e+10	1.87067e+11	1.3432e+11	-4.22843e+09	6.52895e+10	-1.44676e+11	7.67862e+09	7.7111e+10	-9.77566e+10	6.96019e+09	-1.97192e+11	5.87977e+10
4.85e-10	-2.06239e+09	-5.81054e+10	-8.70583e+10	-3.60064e+10	1.44539e+11	4.78489e+10	-1.30542e+10	7.48425e+10	-2.11546e+11	4.54547e+09	3.10769e+11	1.2876e+11	-1.28381e+09	-2.82338e+10	8.32961e+09
4.9e-10	-1.33088e+10	8.37868e+10	1.68448e+11	-9.15148e+09	-8.6674e+09	-5.30898e+09	9.13636e+08	7.21122e+10	-1.61808e+11	-1.51001e+09	-1.30827e+11	-2.58301e+10	6.9366e+09	-5.71645e+10	1.5581e+11
4.95e-10	8.0193e+09	-1.98512e+11	-1.39856e+11	-5.24989e+09	-4.19075e+10	-9.36782e+09	-4.08611e+09	-1.2951e+11	2.32851e+10	-1.22765e+10	5.95407e+10	-3.28684e+10	-1.18603e+10	-9.64941e+10	-1.46755e+11
5e-10	-9.17157e+09	-6.61827e+10	5.70689e+10	1.50654e+08	8.39968e+10	1.80299e+11	-3.43283e+10	-1.28356e+11	2.07297e+11	-1.47769e+10	2.99232e+11	-3.6838e+10	-1.06403e+10	6.20036e+10	-2.59456e+11
5.05e-10	-1.56074e+10	-1.90073e+10	-7.81778e+10	9.07032e+09	1.76294e+11	-1.37165e+11	-1.2671e+10	-2.83266e+11	-6.68227e+10	-1.53428e+10	2.38966e+11	-5.29379e+10	-2.59035e+08	2.50912e+11	1.57359e+11
5.1e-10	-2.07811e+10	-4.08755e+08	2.18811e+11	1.29285e+10	-1.04097e+11	3.88961e+11	-4.20047e+09	-2.3793e+10	6.56907e+10	-3.44562e+09	-3.64787e+10	-1.86901e+11	-1.68569e+10	-1.54015e+10	-5.09942e+10
5.15e-10	2.13603e+09	6.50368e+10	2.0346e+11	-8.05772e+09	-8.8491e+10	-6.2983e+10	-3.06088e+09	-2.46456e+11	1.73167e+11	-9.42277e+09	-1.24765e+11	-3.07502e+09	-9.64924e+09	9.85659e+10	8.05422e+10
5.2e-10	-1.17963e+10	8.64253e+10	-2.37705e+11	-5.92045e+09	-6.97496e+10	6.23761e+10	7.39328e+07	-5.05905e+10	-1.2693e+11	-2.57915e+10	1.04013e+11	-1.59441e+11	2.80424e+09	1.40314e+11	6.14994e+10
5.25e-10	-2.01729e+08	8.22499e+09	8.41873e+10	-8.68453e+09	2.75793e+11	-4.79222e+10	-8.17056e+09	-4.93876e+10	-5.76358e+10	-1.04229e+10	8.19534e+10	-1.28338e+11	-9.92819e+08	9.67153e+10	5.45947e+10
5.3e-10	-7.87529e+09	-1.02681e+11	-4.48467e+10	-5.25542e+09	-9.77656e+10	1.05161e+10	3.60379e+08	-2.31076e+11	9.6326e+10	-1.39398e+09	4.76913e+10	2.01837e+11	-2.30908e+09	1.55941e+11	2.02307e+10
5.35e-10	2.31357e+09	-5.29165e+10	-2.71009e+11	-3.29922e+08	-1.5396e+11	6.47362e+10	4.23647e+09	1.10556e+11	1.79495e+11	-1.35212e+10	-9.17501e+10	1.52708e+10	-6.93665e+09	1.84857e+10	1.57102e+11
5.4e-10	-3.69403e+09	-2.75703e+11	-1.03813e+11	-1.03846e+10	6.15432e+10	-1.51295e+10	-1.69971e+10	-2.57371e+11	-2.97913e+11	1.95977e+10	-5.50905e+10	2.13652e+11	-3.08249e+09	3.39394e+10	-1.65002e+11
5.45e-10	-3.29946e+09	1.91888e+10	-2.355e+11	-6.93024e+09	-5.40709e+10	-6.54857e+09	-3.92242e+09	-2.3063e+10	6.30697e+10	2.64374e+10	-4.50221e+11	-2.98351e+11	1.42399e+08	-3.7949e+11	2.63807e+10
5.5e-10	-9.22738e+09	5.40187e+10	2.86772e+10	-6.23159e+09	1.47861e+11	-1.57763e+11	-3.52015e+10	-9.06685e+10	-2.19921e+11	-8.91056e+09	-1.92483e+11	2.73838e+10	-1.35737e+10	1.31186e+11	-2.78914e+11
5.55e-10	7.54583e+09	-7.9321e+10	1.14859e+11	5.83211e+09	2.2714e+11	1.39332e+11	-1.1975e+10	1.5777e+10	9.90648e+10	-3.27282e+10	1.65435e+11	3.96747e+10	-7.33437e+09	-1.54736e+11	-8.48877e+10
5.6e-10	5.99323e+09	1.75231e+11	1.48689e+11	-6.1906e+09	1.14754e+11	2.32269e+11	8.8778e+09	-3.72636e+10	1.03498e+11	3.44328e+09	-1.30899e+10	-5.57463e+10	1.06721e+10	-1.8949e+11	-1.19592e+11
5.65e-10	2.16183e+09	1.92298e+11	5.81439e+10	-5.34677e+09	4.56683e+10	4.76689e+10	-2.1185e+08	-1.67681e+10	6.12939e+10	1.15677e+10	-3.7361e+11	8.2395e+10	-6.58871e+09	-2.1998e+11	2.28451e+11
5.7e-10	-2.55764e+09	6.36913e+10	-7.66039e+10	-5.68163e+09	1.13351e+11	1.76089e+11	-3.67499e+09	5.83299e+10	1.3814e+11	1.06363e+10	-1.39263e+11	2.20675e+11	4.56719e+09	-1.18726e+11	2.60961e+11
5.75e-10	-3.50453e+09	-7.44688e+09	4.97702e+10	-1.48558e+10	-1.83628e+11	2.80762e+10	-2.49086e+10	3.43562e+11	8.05824e+10	-3.48064e+09	-1.95268e+11	1.22329e+11	6.78253e+08	-2.56832e+10	1.98034e+10
5.8e-10	-1.38181e+10	-4.2125e+10	1.30315e+11	-1.11448e+10	3.78084e+11	-9.85892e+10	-1.32197e+10	2.81436e+10	-9.34739e+10	-1.31474e+10	-2.49635e+10	3.58947e+10	-5.41482e+09	6.08765e+10	3.02994e+09
5.85e-10	-6.39464e+09	-7.92765e+10	-3.61774e+11	8.99756e+09	2.04349e+11	1.51006e+10	-7.75883e+09	-9.23073e+10	-2.46074e+11	7.25138e+09	-1.53089e+11	-2.17553e+11	-5.2409e+09	1.61522e+11	-5.48908e+10
5.9e-10	-1.40732e+09	9.85498e+10	-1.29645e+11	-6.91981e+09	-1.66922e+10	-2.77798e+11	-4.21988e+09	3.77054e+10	-6.52602e+10	2.02021e+09	2.37303e+10	-6.42961e+10	1.10982e+09	-2.89322e+10	-1.47751e+11
5.95e-10	4.75824e+09	9.09042e+10	1.84599e+11	-1.81978e+10	-8.54089e+10	-5.76136e+10	-1.35806e+10	9.6104e+10	-1.82588e+11	-3.80933e+09	-6.67833e+10	1.01884e+11	6.24654e+09	1.51006e+11	5.47944e+09
6e-10	-2.30937e+10	8.13354e+10	-5.28879e+10	1.12735e+10	3.46279e+11	-8.71917e+10	-1.66238e+10	-1.22787e+11	-1.37004e+11	3.37264e+09	1.48854e+11	-5.32829e+10	-2.1691e+10	6.96774e+09	-7.9119e+10
6.05e-10	-1.69709e+10	2.03991e+11	-1.8683e+11	-1.03112e+10	-4.43821e+10	-1.02831e+11	-3.30275e+09	1.78621e+11	-3.9048e+10	-2.1628e+10	2.38438e+11	-1.72073e+11	2.90387e+09	1.68606e+10	-1.56866e+11
6.1e-10	-2.87795e+10	1.25443e+11	-1.26674e+11	-1.18742e+10	-2.10293e+11	-5.1806e+10	-7.50596e+08	9.57602e+10	-9.94435e+10	5.51552e+09	7.20738e+10	2.08946e+11	8.04188e+06	1.1129e+10	-2.47481e+11
6.15e-10	-8.83628e+08	-3.55098e+09	-1.64492e+10	-4.47679e+09	1.18227e+11	1.58641e+11	-9.01152e+09	-1.17338e+11	-3.21756e+10	2.60055e+09	9.3405e+10	-3.30768e+11	-6.23253e+09	-6.02635e+10	-2.49129e+10
6.2e-10	-1.91139e+10	-3.22602e+10	-2.09286e+11	-5.76136e+09	-1.16515e+10	-1.90154e+10	4.33444e+09	-1.83541e+11	-4.04605e+11	-1.40059e+10	-1.77789e+11	1.40305e+09	-1.02883e+10	-1.7938e+11	2.29105e+11
6.25e-10	-2.79546e+10	-3.53796e+11	1.5782e+11	7.71396e+09	-1.59034e+11	3.13317e+10	-1.66278e+10	3.92881e+10	2.12751e+11	-1.16256e+10	-4.7041e+10	-9.27637e+10	-1.23819e+10	2.15698e+10	6.31952e+09
6.3e-10	-3.62019e+09	1.49232e+11	-1.03042e+11	3.62687e+09	-2.50733e+09	1.75992e+11	-1.03123e+10	-2.86252e+11	2.96005e+10	-1.23985e+10	-1.01126e+11	-1.47791e+11	-1.87346e+09	-3.19486e+10	1.82433e+11
6.35e-10	-1.22827e+10	-1.77405e+11	1.62204e+10	-1.4287e+10	-1.78351e+11	-3.64324e+11	5.28995e+09	-1.97989e+11	5.40065e+10	-1.4e+10	1.44772e+11	-1.77875e+11	2.44351e+09	1.13891e+11	-6.02025e+10
6.4e-10	-2.75019e+09	-2.54141e+11	-3.12834e+11	-3.88145e+08	3.11927e+11	7.10944e+10	-1.23564e+10	-2.87394e+10	-5.8373e+10	-5.24073e+09	-2.91455e+11	1.64874e+11	3.00367e+09	1.98854e+11	-2.13318e+11
6.45e-10	1.29449e+10	2.39504e+10	-3.36548e+11	-1.22368e+09	-3.30221e+11	1.73918e+11	-1.07685e+10	1.04221e+11	-5.50807e+10	-5.51347e+08	1.50636e+10	-8.15983e+10	-7.56721e+09	-1.91331e+11	3.76476e+11
6.5e-10	1.97869e+10	-1.98157e+11	2.23753e+11	-3.26034e+09	4.74655e+10	8.74753e+10	-3.66307e+09	1.32622e+11	1.06472e+10	-5.75127e+09	1.74898e+10	-1.21124e+11	8.50146e+09	3.03854e+10	2.22548e+11
6.55e-10	-6.03747e+09	-1.81192e+11	9.73151e+10	-3.65598e+09	2.0157e+11	8.83458e+10	3.59593e+10	2.41594e+11	-1.52167e+11	4.47798e+09	3.64084e+11	1.83742e+11	-2.55486e+10	-9.96797e+10	-7.4658e+10
6.6e-10	-4.85544e+09	6.52488e+10	2.6906e+11	2.14756e+09	-2.0239e+10	3.09787e+10	2.5644e+09	-5.49384e+10	-1.54194e+11	-7.37256e+09	9.54714e+10	-2.7393e+10	5.40516e+07	-4.67982e+10	1.87003e+11
6.65e-10	-1.42802e+09	2.70369e+10	1.05675e+11	-5.79338e+09	-1.25033e+11	3.68817e+10	-8.41344e+09	9.38949e+10	5.51137e+10	6.98565e+09	-2.78296e+10	1.64988e+09	-8.53027e+09	1.56689e+11	-1.82893e+10
6.7e-10	-8.35749e+09	1.78349e+11	-2.03314e+11	-7.85936e+09	3.12926e+10	6.39525e+10	-7.95683e+09	-2.34961e+11	-5.5079e+10	-2.80737e+10	5.17659e+10	-1.26554e+11	9.96649e+09	-9.28775e+10	-8.16889e+10
6.75e-10	-1.77812e+10	1.09934e+11	-3.82969e+11	7.22416e+09	1.25693e+11	-6.84682e+10	1.83934e+10	1.50878e+11	6.29427e+10	1.05578e+10	1.6145e+11	1.53873e+10	-1.24177e+10	2.9382e+10	-4.73286e+09
6.8e-10	-8.35715e+09	-1.68904e+10	-4.09029e+10	-1.24947e+10	1.877e+11	-2.52721e+11	5.5243e+09	-1.30042e+11	-8.81324e+10	1.08792e+10	1.20316e+11	1.70327e+11	3.7168e+09	-1.44238e+11	3.86137e+09
6.85e-10	-1.19628e+10	3.62587e+10	-6.2525e+10	-6.89637e+09	1.20236e+10	-1.5208e+11	6.04414e+08	-2.3211e+11	1.32365e+11	2.9502e+09	-1.67511e+11	-7.34014e+10	-4.86448e+09	-1.3192e+11	1.73295e+11
6.9e-10	-6.15329e+09	-9.84903e+09	-6.8395e+10	5.014e+09	3.50445e+10	-1.92422e+10	3.44975e+09	-1.89404e+11	-9.90395e+10	-9.57154e+09	1.03176e+10	-6.9067e+09	-1.17933e+10	-2.22542e+11	3.31375e+11
6.95e-10	2.27764e+10	2.14113e+11	-1.78607e+11	6.49332e+09	-1.5055e+11	-4.48562e+10	-1.30816e+10	1.60817e+11	-1.41832e+10	-6.02837e+09	1.42194e+11	1.93148e+10	-1.67823e+10	1.43904e+11	2.47005e+11
7e-10	-6.14959e+08	-2.94875e+10	1.99271e+10	6.47328e+09	-2.96379e+10	2.09122e+11	-1.70547e+10	1.87028e+11	1.06447e+11	-5.49613e+09	2.40966e+11	1.68143e+11	-4.75956e+09	2.78564e+11	6.66652e+10
7.05e-10	-1.32019e+10	-1.41568e+11	-1.70571e+11	-7.98392e+06	1.19951e+11	9.71045e+10	-3.84531e+09	-1.61147e+10	-8.78249e+10	-4.67966e+09	-7.94986e+10	2.71363e+10	-7.95913e+09	2.26991e+11	1.65338e+10
7.1e-10	6.44755e+09	8.70377e+10	-3.29464e+10	5.32972e+09	-2.16689e+10	1.65755e+11	-6.96116e+09	-2.69536e+11	1.2764e+11	-9.46911e+09	-5.61798e+09	-1.3535e+11	-3.00896e+09	8.32895e+10	1.58065e+11
7.15e-10	-7.05652e+09	1.14368e+11	1.35906e+11	-1.34204e+10	2.90475e+10	-1.27996e+11	-2.80603e+10	-3.99419e+10	2.97755e+11	-6.60184e+09	2.94454e+11	5.44204e+10	-1.28632e+09	-8.70439e+10	8.17379e+10
7.2e-10	-2.17352e+10	1.7134e+11	3.11099e+10	-2.25361e+10	-3.77784e+09	2.74581e+11	-4.87209e+09	1.70491e+11	1.55009e+11	-1.6676e+10	8.99075e+09	2.49363e+11	-2.04257e+09	-9.15513e+10	8.95088e+10
7.25e-10	-2.52798e+10	5.55283e+10	1.6543e+11	-1.80964e+09	1.17591e+11	2.79177e+11	1.8843e+09	-7.42388e+10	1.99557e+11	3.23707e+09	2.08257e+10	-1.5793e+11	-2.0409e+10	1.61384e+10	-2.23811e+11
7.3e-10	-1.17786e+10	-2.80847e+10	3.23552e+11	-5.79766e+09	1.75298e+10	1.68845e+11	5.51557e+08	1.60791e+11	1.54648e+11	-1.58631e+09	-7.27876e+10	1.64013e+11	1.01685e+09	-1.61362e+11	-1.51436e+10
7.35e-10	-9.31928e+09	-6.60454e+10	-1.57194e+10	-2.27782e+10	1.33891e+11	9.80803e+10	-5.8937e+09	5.17921e+10	-4.63831e+10	-8.60697e+09	-4.06501e+10	-9.44371e+10	-5.52675e+08	7.58609e+10	-3.96795e+11
7.4e-10	9.85073e+09	2.91925e+11	9.58479e+10	-6.67626e+09	-1.08844e+10	-9.54029e+10	-1.0649e+10	-1.54871e+10	-1.53532e+11	2.74989e+09	1.72813e+11	-3.65591e+11	-1.22791e+10	3.64743e+10	1.30933e+11
7.45e-10	-1.94689e+10	5.55695e+10	-3.36132e+11	-1.16071e+10	-3.27747e+11	8.3682e+10	-8.31046e+09	1.79747e+10	6.59097e+10	8.39302e+09	-9.09555e+10	-2.62907e+11	-1.10355e+10	-1.55049e+11	-5.5038e+10
7.5e-10	7.04752e+09	-5.77296e+10	5.56218e+10	-3.16221e+10	1.39093e+11	-2.50173e+11	-7.03702e+09	1.67325e+11	-4.11837e+10	-2.51677e+09	-3.07526e+10	-1.28901e+10	1.39427e+10	1.95257e+11	1.24364e+11
7.55e-10	-1.09816e+10	1.87762e+11	4.94142e+10	2.5123e+09	-1.4169e+11	1.40351e+11	5.03523e+09	1.52864e+11	-1.23359e+11	-8.89825e+09	-1.22839e+11	-1.14683e+11	-7.61312e+09	-2.29275e+11	-1.21905e+11
7.6e-10	-8.46198e+09	6.45423e+10	2.10508e+10	-4.30283e+10	2.42904e+11	2.52013e+11	-1.4077e+09	2.16583e+11	3.47812e+10	-6.85578e+09	-1.21787e+11	-7.36425e+10	-5.3343e+09	-2.36699e+11	2.02139e+11
7.65e-10	-1.30293e+10	1.52364e+11	1.94916e+11	-1.50698e+10	-3.80102e+10	4.92675e+10	-1.56934e+10	-7.85328e+10	1.89109e+11	-2.31147e+10	-3.6236e+10	-1.69905e+11	5.49277e+09	-2.30842e+11	7.54555e+10
7.7e-10	-2.98874e+10	-2.89386e+11	5.77215e+10	8.80104e+09	1.11443e+11	1.61919e+11	-1.01444e+10	-2.3941e+11	2.6341e+11	5.36386e+09	-3.90836e+09	1.45335e+11	-1.32808e+10	9.26988e+09	-5.95128e+10
7.75e-10	1.26523e+09	3.88364e+10	1.90299e+11	-1.67131e+10	-2.0675e+11	-9.16228e+09	-7.23981e+08	3.80919e+10	-5.33347e+10	-8.81782e+09	8.85124e+09	-4.03365e+11	-1.17503e+09	9.65277e+10	-7.31467e+10
7.8e-10	8.30825e+09	-1.74111e+11	1.54725e+11	-8.88417e+09	-3.96e+10	-1.70805e+11	-1.71137e+10	1.17786e+11	1.13448e+11	-7.39077e+09	5.31581e+10	7.96767e+10	6.00421e+09	1.68608e+11	-7.35393e+10
7.85e-10	1.56037e+08	2.3577e+10	1.42786e+11	-1.46089e+10	4.70219e+10	2.81752e+11	4.0035e+09	4.02658e+10	-7.77616e+10	-6.22543e+09	3.46449e+10	-5.26096e+10	2.23153e+09	-4.89465e+10	6.4816e+10
7.9e-10	-2.91438e+10	-3.80705e+11	1.9672e+11	4.80745e+09	-3.18837e+10	1.96925e+11	7.51849e+08	-2.06331e+10	6.03969e+10	1.90725e+10	3.02266e+11	2.19804e+10	-6.05404e+09	3.27392e+10	1.58725e+11
7.95e-10	-5.49262e+09	1.38768e+11	2.41104e+11	1.3405e+10	1.08465e+11	-1.43955e+11	2.9438e+09	2.51465e+11	-3.18763e+09	3.89545e+09	1.12229e+11	-1.66723e+11	-1.48519e+10	4.5173e+10	-1.11111e+11
8e-10	-1.51952e+10	2.33415e+11	1.44929e+11	-1.74738e+10	1.46852e+11	-1.6098e+10	1.39847e+09	-1.79995e+10	-1.94036e+11	-1.46387e+10	2.7956e+11	8.09873e+10	-1.23283e+10	8.15908e+10	-3.31045e+11
8.05e-10	-1.14148e+10	5.92423e+10	1.21278e+11	-1.79087e+09	-1.30058e+11	5.94001e+10	-1.63708e+09	-1.34984e+11	9.7996e+10	-1.36264e+10	-3.06785e+09	-1.13461e+11	-1.64881e+10	-2.17437e+10	-5.61555e+10
8.1e-10	-6.73029e+09	1.92955e+11	2.19582e+10	-9.06599e+09	-1.69819e+11	-2.87847e+11	-9.80271e+09	1.08469e+11	3.97871e+10	-1.82006e+10	1.43041e+11	-7.95171e+10	-1.05015e+10	-2.03747e+10	-4.63186e+10
8.15e-10	3.24799e+09	-5.31286e+09	-1.25044e+11	-6.5858e+09	3.10022e+10	9.94258e+10	-1.08061e+10	-2.05135e+11	-2.38407e+11	-8.77053e+09	2.84451e+10	5.8818e+10	-2.34196e+09	-1.0162e+11	-9.84561e+10
8.2e-10	-1.28687e+10	1.88646e+11	1.62785e+11	-1.50234e+10	-9.67974e+09	-2.72218e+11	-3.03006e+10	-2.78159e+11	-2.13161e+10	-8.91218e+09	4.35147e+10	1.70694e+11	-2.7179e+09	-4.07465e+10	1.29977e+11
8.25e-10	8.63064e+09	1.42529e+11	-1.00681e+11	-1.81681e+10	-1.29526e+11	-1.31364e+11	1.23872e+10	1.01209e+11	-1.71492e+11	8.95222e+09	3.39271e+10	1.9474e+11	-4.42847e+09	-5.2374e+10	-2.40617e+11
8.3e-10	-9.80883e+09	-2.56891e+11	-1.17731e+11	-5.62057e+09	-4.46642e+11	-2.65938e+10	3.23316e+09	1.00678e+11	-1.05224e+11	-7.80007e+09	-1.30128e+11	-7.00093e+10	1.49817e+09	-6.14795e+10	-1.64225e+11
8.35e-10	-9.43954e+09	-1.89833e+11	-7.49379e+10	-1.09252e+10	1.46804e+11	-8.7071e+10	1.11436e+09	1.08182e+10	7.11262e+10	-1.11749e+09	-1.90021e+11	1.52124e+11	-1.02882e+10	1.5539e+11	-1.28408e+11
8.4e-10	1.21958e+10	-1.56657e+10	7.77543e+10	-3.6099e+09	1.27341e+11	-4.38438e+09	-7.45618e+09	1.55504e+11	5.13645e+10	-9.86919e+09	6.65346e+10	-1.96851e+11	-6.14966e+09	1.45227e+11	9.40737e+09
8.45e-10	-5.09249e+09	-1.82608e+11	4.52262e+10	8.26931e+08	-2.95478e+10	-1.49843e+11	-1.17189e+10	7.07664e+10	-2.0021e+10	-2.30356e+09	1.00419e+11	6.21397e+09	-5.02936e+08	2.89871e+11	6.37703e+10
8.5e-10	5.13606e+08	-5.75498e+10	1.89072e+11	-7.50722e+09	7.25465e+10	2.19454e+11	-2.85233e+10	9.7074e+10	1.78504e+11	-9.21431e+08	3.9382e+10	-1.35544e+10	-1.76263e+10	-8.9829e+10	3.22785e+11
8.55e-10	-4.86218e+09	5.85458e+09	-6.28514e+10	1.51797e+10	-4.04509e+11	2.58577e+11	-1.60703e+10	2.00094e+11	-1.28206e+11	1.07564e+09	8.47859e+10	-7.49178e+10	-1.14573e+09	1.0703e+11	-6.36052e+10
8.6e-10	-1.49834e+10	6.88477e+10	-1.03913e+11	-5.63416e+09	-5.87454e+09	1.15215e+11	2.3335e+09	-1.17568e+11	3.38014e+11	-3.3131e+09	9.41219e+10	-9.235e+10	-7.66293e+09	-2.80605e+10	1.61612e+11
8.65e-10	-2.52702e+10	-2.77041e+11	2.09981e+11	-2.53601e+09	-4.57496e+10	1.45204e+11	-5.42564e+09	8.75748e+09	7.53446e+10	-1.22343e+10	1.17386e+11	-2.02772e+11	-1.02162e+10	2.06288e+11	1.12187e+10
8.7e-10	-2.6543e+10	-1.18193e+11	3.00719e+11	-7.79474e+09	-1.11424e+11	1.62062e+10	-6.54156e+09	2.52187e+10	2.78783e+10	-1.69656e+09	1.21896e+11	-3.25629e+10	-8.12525e+09	-1.1333e+11	2.85393e+10
8.75e-10	2.45445e+09	-1.21338e+10	-1.0118e+11	2.54732e+09	-8.10328e+09	-5.67976e+10	-3.12195e+09	-5.58326e+10	5.35169e+10	1.52038e+10	2.93672e+11	-5.32836e+10	-1.07069e+10	1.55798e+10	-4.28e+10
8.8e-10	-7.35018e+09	-5.58959e+09	1.57916e+11	5.53849e+09	6.10232e+10	1.16394e+11	-6.15489e+09	8.02828e+10	5.94094e+10	-9.5863e+09	8.52179e+10	-2.59157e+11	4.46597e+09	-8.74106e+10	1.14987e+11
8.85e-10	-3.16083e+09	-8.57828e+10	-1.20157e+11	-9.25291e+09	-1.51361e+11	5.13493e+10	2.84826e+10	2.72101e+11	-8.37043e+10	2.27743e+10	4.23151e+11	3.12185e+11	8.75815e+09	-1.01078e+11	1.57169e+10
8.9e-10	-9.71765e+09	-5.93433e+10	1.66079e+10	-1.31153e+09	3.28921e+11	-1.25903e+11	1.56791e+10	1.89348e+11	2.76368e+10	-2.40861e+10	-4.90572e+10	6.56876e+10	-8.34528e+09	-6.21109e+10	-1.41512e+11
8.95e-10	-8.82587e+09	1.27868e+10	6.35305e+10	3.54745e+09	1.00124e+11	1.55161e+11	2.68286e+09	1.52541e+11	1.91207e+11	1.1527e+10	-9.52358e+10	-2.43787e+11	-9.13948e+09	1.61129e+11	-8.49216e+10
9e-10	-1.13846e+10	-2.32064e+11	2.21853e+11	1.30555e+10	4.2087e+10	1.15636e+11	1.21212e+10	2.9098e+11	2.39128e+10	7.62672e+09	-1.06277e+11	-2.67182e+11	4.16269e+09	-2.10981e+11	1.02107e+11
9.05e-10	-8.36328e+09	-2.07464e+11	1.5067e+11	-1.75995e+09	5.18211e+10	-1.73306e+11	-2.15795e+10	-2.48954e+11	2.96809e+10	-3.33503e+09	3.43569e+10	-6.35173e+10	-3.06256e+09	9.00358e+10	-1.29191e+11
9.1e-10	-2.86583e+10	3.02656e+11	4.22726e+10	-4.20913e+09	-2.76102e+10	4.2496e+10	-8.83045e+09	-7.35867e+10	-1.04166e+11	7.23748e+09	-5.46895e+10	-1.02068e+11	1.61442e+10	-1.29453e+11	3.06272e+11
9.15e-10	-5.84263e+09	-9.85468e+10	-2.62112e+11	1.92848e+07	-3.11588e+10	-6.7853e+10	-2.64991e+10	-2.99534e+11	-7.24214e+10	-1.50087e+09	2.45423e+11	3.84188e+10	6.04436e+09	-1.03287e+11	-6.37733e+10
9.2e-10	3.27604e+09	-4.19618e+10	-1.26402e+11	-1.14729e+10	-1.16858e+11	-8.24336e+10	-2.90777e+10	-3.30575e+11	-1.56425e+11	-1.45313e+10	-4.46129e+10	-1.18398e+11	-5.4999e+09	2.6026e+11	1.6906e+11
9.25e-10	-3.31201e+10	3.0332e+11	-1.69077e+11	-5.98106e+09	3.94326e+10	-2.82025e+11	-1.46316e+10	-1.18409e+11	-4.32457e+10	5.15303e+09	1.15647e+11	-1.19254e+11	6.78862e+09	1.02161e+11	-2.11727e+10
9.3e-10	4.64682e+09	1.53687e+11	6.31627e+10	1.03732e+09	4.45181e+10	-2.26081e+11	-8.46592e+09	1.24703e+11	-3.30669e+10	8.40032e+08	1.05145e+11	-1.63141e+11	-2.31197e+10	-2.10437e+11	1.1804e+11
9.35e-10	-3.05781e+10	-1.36702e+11	-1.29664e+11	-1.49069e+10	-3.08311e+11	-2.91633e+11	-5.64796e+09	3.64497e+10	-1.04756e+11	-7.95333e+08	-6.00901e+10	-6.85814e+10	-2.00186e+10	-1.50203e+11	1.91778e+10
9.4e-10	5.1174e+09	8.33701e+10	3.47583e+11	-1.63571e+09	-1.20965e+11	-8.03879e+10	-3.13916e+09	-7.76581e+10	7.96078e+10	-3.98631e+09	-3.31333e+11	-7.19045e+10	-1.9614e+10	-3.09302e+11	-2.5345e+11
9.45e-10	-1.49541e+10	8.57465e+10	-5.17316e+10	-4.03041e+10	1.4741e+11	1.48238e+11	-8.89224e+09	1.95219e+10	-1.02317e+11	-1.69616e+10	2.06721e+11	-1.89298e+11	-1.35479e+10	1.23903e+11	-1.47143e+10
9.5e-10	-9.16943e+09	4.7956e+10	-2.84837e+11	-4.4293e+09	2.18778e+11	-3.72209e+10	4.44138e+09	-1.62891e+11	1.46362e+11	-5.12086e+09	-8.18094e+10	8.70656e+10	-1.47929e+10	4.25213e+10	3.31649e+10
9.55e-10	-1.64867e+10	8.87596e+10	1.37289e+11	9.05408e+09	4.63365e+10	-1.3359e+11	5.8456e+09	1.56308e+11	-2.0167e+11	-1.16515e+10	-1.83837e+11	-2.79586e+09	-1.79403e+10	-1.32368e+11	1.58171e+11
9.6e-10	-4.05057e+09	1.94359e+11	-1.18144e+10	-1.43218e+10	3.9424e+10	-5.29166e+10	-1.49881e+10	-1.90444e+11	-4.34522e+10	1.15497e+10	1.26301e+11	9.95335e+10	-1.7062e+10	-3.8295e+11	6.02906e+10
9.65e-10	-1.47313e+09	-4.38392e+10	-3.15114e+09	-5.03444e+08	-8.30024e+10	-1.62003e+11	-2.87075e+09	-8.06333e+09	-1.32412e+11	-1.66295e+10	2.50178e+11	-1.48284e+11	-2.42464e+10	4.66312e+11	-1.12417e+11
9.7e-10	-6.39968e+09	3.16548e+10	1.76561e+11	-3.66391e+09	-1.05701e+11	5.69248e+10	-2.65483e+10	-2.42403e+11	2.71901e+10	1.52372e+10	-1.10916e+11	2.05862e+11	-4.68886e+08	1.04169e+11	3.35448e+11
9.75e-10	-6.38552e+09	1.99118e+11	9.2643e+10	-1.21578e+10	-2.17462e+11	-2.06196e+11	1.60139e+10	2.3301e+11	-2.21375e+11	4.71911e+09	2.07775e+11	-7.22814e+10	-3.46558e+10	-1.08956e+10	-3.85048e+11
9.8e-10	5.88494e+09	-8.57499e+10	-1.28389e+11	-6.57309e+09	2.89327e+10	-2.20286e+11	7.9214e+09	2.89812e+10	-1.42565e+10	-2.40686e+09	-2.73139e+10	-1.59471e+11	-6.8203e+09	-1.08304e+10	-3.38624e+11
9.85e-10	-1.49486e+10	-5.96244e+10	1.97771e+11	-3.60815e+09	4.20065e+09	-1.88979e+11	-1.74798e+10	-8.80091e+10	-2.7342e+11	-2.5687e+10	2.20844e+11	-9.04025e+10	-2.69652e+10	1.62849e+11	-4.92533e+10
9.9e-10	8.15859e+09	7.57885e+10	-5.88563e+10	-1.70417e+10	-3.28304e+10	1.94104e+11	1.61222e+10	-2.07206e+11	2.70457e+11	-1.23943e+10	-2.37066e+10	1.03553e+11	2.1617e+09	6.8459e+10	-1.90022e+11
9.95e-10	-1.05523e+10	2.3831e+11	-1.70955e+11	4.09532e+09	5.96721e+10	-9.26893e+10	-2.65533e+10	-1.084e+11	3.62363e+11	9.4887e+09	2.80939e+11	1.08755e+10	4.71693e+09	1.51058e+11	1.09553e+11
1e-09	-1.51877e+10	-9.17235e+10	2.42262e+11	8.07425e+09	6.5123e+10	2.95221e+11	2.07228e+10	2.11529e+11	-1.83981e+11	6.36642e+09	-2.56103e+10	3.31425e+10	4.40856e+09	2.04202e+09	-9.36333e+09
