Fri Oct 18 15:43:17 2024

<base> : Rectangle : 0m, 0m, 0m; 1.5um, 50nm, 5nm. Cells : 300, 10, 1. Cellsize : 5nm, 5nm, 5nm
<supermesh> : Rectangle : 0m, 0m, 0m; 1.5um, 50nm, 5nm. Cells : 300, 10, 1. Cellsize : 5nm, 5nm, 5nm

Saved data (dataname (unit) <meshname> (cells_rectangle)) : 

time (s)	<mxdmdt> (1/s) <base> (300nm, 0m, 0m; 310nm, 50nm, 5nm)			<mxdmdt> (1/s) <base> (500nm, 0m, 0m; 510nm, 50nm, 5nm)			<mxdmdt> (1/s) <base> (700nm, 0m, 0m; 710nm, 50nm, 5nm)			<mxdmdt> (1/s) <base> (900nm, 0m, 0m; 910nm, 50nm, 5nm)			<mxdmdt> (1/s) <base> (1.1um, 0m, 0m; 1.11um, 50nm, 5nm)			

0	-17596.8	709988	809920	100904	-293118	1.84345e+06	24048.8	-589832	-757049	-52972.6	131640	-520642	523472	3.37247e+06	-3.49259e+06
5e-12	2.57483e+10	-1.67263e+11	1.11294e+10	-9.33982e+09	4.90518e+10	-3.66436e+10	1.03402e+09	1.22779e+11	4.28918e+10	1.20636e+10	1.77914e+11	2.18948e+11	-1.71751e+10	1.08592e+11	1.56944e+11
1e-11	-2.40891e+10	-7.67015e+10	-2.63737e+11	-6.66293e+09	9.89991e+10	-2.92301e+10	6.30249e+09	-3.96978e+10	-2.78782e+11	-6.96909e+09	1.95732e+11	-2.63189e+11	1.9575e+09	-1.11446e+11	5.45518e+10
1.5e-11	-1.03355e+10	-3.92663e+10	-1.02709e+11	5.3537e+09	8.47726e+10	1.08163e+11	-7.00326e+09	-5.72773e+10	3.68548e+10	-8.12202e+09	1.72197e+11	7.54863e+10	-7.22181e+08	-3.92828e+11	5.95326e+10
2e-11	-7.01083e+09	-2.59713e+11	-1.56751e+11	1.03873e+09	1.61658e+10	7.14634e+10	2.12429e+10	2.81205e+11	-1.36125e+11	-3.22356e+10	-3.14837e+11	-6.74259e+10	-1.41987e+10	-1.01001e+10	7.20452e+09
2.5e-11	-3.22284e+09	4.5285e+10	-2.64058e+11	1.06811e+10	-1.29913e+10	2.40644e+11	-8.93443e+09	-1.17524e+11	-1.03691e+11	-9.64716e+09	1.62111e+11	2.60374e+10	2.54853e+09	6.40472e+10	1.90408e+11
3e-11	1.28613e+10	2.29702e+11	5.11796e+09	6.85734e+09	-5.50778e+10	-1.99131e+11	-9.26276e+09	-1.53752e+11	2.47963e+11	-1.17672e+10	1.50125e+11	-2.04597e+10	-8.92307e+09	1.17068e+11	-4.03598e+10
3.5e-11	2.00781e+10	2.75768e+11	2.29704e+11	-5.37577e+09	-3.46814e+10	-2.1469e+11	-4.11871e+09	-9.71017e+10	1.09459e+11	-7.98019e+09	-2.17058e+11	5.8251e+10	3.91077e+09	1.806e+11	2.08809e+11
4e-11	7.97273e+09	-7.1044e+10	-8.11028e+10	-9.09052e+09	3.27201e+10	-3.52145e+10	5.78115e+09	-1.63705e+11	1.16593e+11	-6.27348e+08	-9.577e+09	1.98766e+10	-1.22161e+10	1.971e+11	2.37308e+10
4.5e-11	6.42501e+10	3.42786e+10	-3.60652e+11	-2.71388e+10	1.66312e+11	1.54344e+11	-6.33353e+09	-4.65586e+10	-2.27896e+10	-2.5979e+10	-2.91707e+11	2.55697e+11	-4.41422e+10	-1.46727e+11	4.03216e+11
5e-11	2.57186e+10	8.60461e+10	-2.85917e+11	2.02459e+10	-2.60208e+11	-1.33967e+10	1.60255e+10	8.63543e+10	7.95882e+10	5.96595e+09	9.60023e+10	-1.59046e+10	-5.65321e+09	1.54701e+11	1.33703e+11
5.5e-11	1.92126e+10	-7.72733e+10	-8.77106e+10	-1.82904e+10	2.1705e+11	6.67817e+10	-5.85706e+08	-2.45995e+11	4.56984e+10	-2.86376e+09	-1.60937e+11	-5.00889e+10	2.29618e+07	1.22824e+11	-4.37359e+10
6e-11	2.29057e+10	-1.0717e+11	2.7547e+10	-5.92301e+09	-1.69133e+11	2.32801e+10	-1.78518e+09	3.10354e+10	2.19403e+11	-6.2215e+09	-1.6297e+11	1.05024e+11	-4.75363e+09	3.50645e+10	-9.09498e+10
6.5e-11	4.22328e+08	1.11688e+11	1.51863e+11	-9.69558e+09	-1.79637e+11	1.14141e+11	-1.83971e+10	-1.08424e+11	4.63676e+09	-1.24447e+09	-1.08878e+11	-6.60701e+10	-1.16197e+10	-8.3105e+10	9.13854e+10
7e-11	1.30365e+10	-1.42907e+11	1.67257e+11	4.2992e+09	-1.91822e+10	1.85535e+11	2.12023e+09	-7.16678e+10	-1.29089e+11	-7.60186e+09	-4.56376e+08	4.54702e+10	-5.526e+09	-5.36926e+10	-5.88258e+10
7.5e-11	-9.52454e+09	-1.08254e+09	1.48932e+10	-9.6006e+09	-2.9868e+10	-1.04833e+11	-3.96384e+09	-4.17702e+10	-5.20565e+10	-1.44697e+10	-3.42779e+10	-3.795e+09	-1.48011e+10	-1.76715e+10	3.0456e+10
8e-11	3.06986e+10	2.88251e+11	2.00706e+11	1.55961e+10	1.19508e+11	5.41977e+10	-4.95565e+09	-8.53831e+10	8.59536e+10	6.71706e+09	6.3699e+10	4.23234e+10	-1.57278e+10	-3.84856e+10	4.65945e+10
8.5e-11	1.79247e+10	4.08348e+10	1.9085e+11	1.46706e+10	1.81618e+11	-1.99461e+11	3.28201e+09	1.86347e+11	-1.21756e+11	2.04092e+10	-1.5988e+11	7.84807e+09	2.2118e+09	2.25209e+11	1.57639e+11
9e-11	1.39098e+10	1.58661e+11	2.08462e+10	-4.58611e+08	-9.26665e+10	-1.52586e+11	2.2834e+10	-3.12757e+11	3.24864e+10	1.19857e+10	1.2963e+11	1.71664e+11	-3.19575e+09	4.98859e+10	-3.58779e+10
9.5e-11	-1.17784e+10	-7.45759e+10	8.27715e+10	-1.49884e+09	4.6516e+10	-6.38463e+10	-1.5079e+10	-1.9735e+11	-1.83567e+11	-1.52856e+09	2.52491e+10	-1.57643e+10	8.159e+09	5.85189e+10	1.7922e+11
1e-10	1.62437e+10	-9.62097e+10	-2.57498e+11	3.76003e+09	2.24086e+11	8.24852e+09	8.67649e+09	-1.80889e+11	2.65324e+11	-1.93431e+10	3.76078e+10	-2.36664e+11	-2.70406e+10	2.28548e+09	2.7319e+11
1.05e-10	8.09043e+09	-1.2888e+11	5.85651e+10	-4.3216e+09	9.06159e+09	2.31593e+11	3.44487e+09	-1.1159e+11	5.13847e+09	-1.43144e+10	-1.2295e+11	-1.21654e+10	-1.18786e+10	1.74577e+11	-7.86536e+10
1.1e-10	1.48204e+10	-2.8848e+11	6.25629e+10	3.44603e+10	-2.60995e+11	-2.46524e+11	-8.31312e+09	1.89656e+11	-1.15144e+11	-5.71074e+08	6.10123e+10	-4.28651e+10	-5.42104e+09	-1.48416e+11	6.14082e+10
1.15e-10	2.51131e+10	1.65384e+11	2.34686e+11	1.57101e+10	-2.63538e+11	-1.00202e+11	-7.40345e+09	3.33181e+10	4.24965e+10	1.51182e+10	5.18069e+10	-2.24699e+11	8.35161e+08	9.16568e+09	-1.60981e+11
1.2e-10	1.48382e+10	-8.42978e+09	1.13425e+11	1.61481e+10	-1.15248e+11	2.90441e+11	-4.12002e+09	-6.34505e+10	-4.56277e+09	-1.31856e+10	1.68401e+11	1.18114e+11	-4.56872e+09	-1.33107e+11	1.34183e+11
1.25e-10	4.74178e+10	1.22303e+11	1.9216e+11	2.62541e+10	2.49428e+11	1.91816e+11	-1.26422e+10	-2.04222e+11	-2.05095e+11	-7.87897e+09	-2.19689e+11	-1.55913e+11	-4.85803e+09	-2.15012e+11	-6.60213e+10
1.3e-10	9.30608e+10	4.04195e+11	1.41083e+11	1.18794e+09	1.18932e+11	-7.23413e+09	8.03799e+09	2.82033e+10	-1.94726e+11	1.40286e+09	3.57886e+10	2.27783e+09	-1.44727e+10	1.44366e+10	-1.85502e+11
1.35e-10	7.74979e+09	-1.60822e+10	-2.29874e+11	3.10412e+10	2.03387e+11	-1.74675e+11	3.07086e+10	-2.66721e+11	-1.55419e+11	-7.00881e+09	-1.12443e+11	-2.50514e+11	-6.06727e+09	-7.55923e+09	1.36577e+11
1.4e-10	5.86776e+10	1.61014e+11	-2.91835e+11	1.96496e+10	7.93834e+10	-1.86012e+11	2.23296e+10	-3.23479e+11	-8.62103e+10	1.4207e+10	-3.36667e+11	2.91166e+11	5.88663e+09	-1.42815e+11	-7.47054e+10
1.45e-10	9.05065e+10	-1.73389e+11	-2.69955e+11	9.70131e+09	1.83666e+10	-6.54139e+10	-9.48199e+09	-4.21308e+10	3.41708e+10	1.64691e+10	1.60537e+11	2.6032e+11	4.45968e+09	8.41681e+08	2.38868e+10
1.5e-10	1.30566e+11	-3.52583e+11	-1.9334e+11	1.87871e+10	-1.16167e+11	1.94653e+11	5.64761e+09	-3.2375e+10	-2.87818e+10	5.47332e+09	-2.60192e+10	1.32071e+11	5.6148e+10	2.68135e+11	-2.49279e+11
1.55e-10	1.7839e+10	-3.82621e+10	-6.56474e+10	9.63202e+10	-2.89533e+11	4.87019e+11	1.742e+10	1.37783e+11	6.47402e+10	-5.75547e+09	4.73852e+10	1.6737e+10	-1.61328e+10	-2.99502e+10	2.3499e+11
1.6e-10	1.06457e+09	-4.77934e+10	2.50072e+10	1.51301e+11	-8.25934e+08	5.45129e+11	1.09041e+10	1.56194e+11	2.16251e+10	1.75864e+10	9.8993e+10	-1.38213e+11	-5.18628e+08	-2.82905e+11	2.94472e+11
1.65e-10	1.24021e+11	-1.73116e+11	3.31944e+11	7.79165e+09	2.01525e+10	5.69559e+10	8.38374e+10	4.21845e+11	1.01435e+11	-2.47122e+09	1.50123e+11	3.76894e+10	-5.57302e+09	7.90754e+10	-3.92124e+10
1.7e-10	-1.18634e+09	1.27559e+11	-4.52335e+09	8.66695e+10	3.61504e+11	1.04152e+11	1.37568e+11	4.10236e+11	-2.52953e+11	2.38946e+10	-1.74532e+11	-2.01273e+11	-1.07801e+10	-5.52367e+10	-8.84287e+10
1.75e-10	5.43961e+10	1.64899e+11	7.65058e+10	4.18223e+10	2.56955e+11	4.10552e+10	4.93028e+10	-3.11174e+11	-2.80998e+11	2.34035e+10	-2.74294e+11	6.33842e+10	1.40024e+08	-1.15694e+10	-3.73982e+10
1.8e-10	1.29461e+11	3.68798e+11	1.92213e+11	5.24429e+10	5.10989e+11	1.05537e+11	8.01986e+10	-1.4859e+11	-3.64742e+11	2.75377e+10	-2.79435e+11	-2.90528e+10	1.78983e+10	-1.59278e+11	2.54415e+11
1.85e-10	4.98286e+10	2.46602e+11	1.03812e+11	3.94115e+10	1.60793e+11	-1.14033e+11	-1.53395e+10	6.56333e+10	-5.27662e+10	1.15035e+10	-2.14336e+11	-7.7933e+10	2.6927e+10	2.57207e+10	2.44539e+11
1.9e-10	7.92456e+10	6.61855e+10	-3.05706e+11	1.79659e+10	-2.01378e+10	-1.56732e+11	6.06693e+10	-3.00147e+11	-4.67915e+10	-4.22538e+09	1.12532e+10	-1.28091e+10	9.28133e+09	1.72262e+11	-2.39818e+10
1.95e-10	7.04973e+10	1.28598e+11	-2.20031e+11	4.95303e+10	-2.27776e+11	-2.70944e+11	4.17589e+10	-1.7428e+11	2.93812e+11	-7.74078e+09	-6.78677e+09	-4.39705e+09	3.18736e+10	1.05289e+11	-3.80515e+11
2e-10	4.4386e+10	-5.6947e+10	-2.13603e+11	6.64643e+10	-2.59339e+11	2.93174e+09	2.36049e+10	-1.31159e+11	2.06002e+11	3.58486e+10	2.67497e+11	6.31904e+10	4.1522e+10	2.05737e+10	-3.19172e+11
2.05e-10	5.9436e+10	-1.42277e+11	-1.66923e+11	4.54805e+10	-3.59674e+11	1.89253e+11	2.61129e+10	4.13882e+10	9.15313e+10	3.28257e+10	4.52645e+11	-1.12862e+11	-6.37457e+09	-1.28426e+11	8.78586e+10
2.1e-10	9.74803e+10	-2.38171e+11	2.80263e+11	3.205e+10	-2.15299e+11	6.83603e+10	-9.10813e+09	3.10106e+10	-1.34914e+11	1.48228e+10	2.28907e+11	-1.39356e+11	-5.38692e+09	-8.67066e+10	-3.45497e+11
2.15e-10	1.76914e+11	-4.13763e+11	4.01806e+11	6.89349e+10	-2.8278e+11	2.50794e+11	5.19118e+10	1.21758e+11	-2.97986e+11	-2.94895e+09	-2.34701e+11	-3.46032e+10	1.25493e+10	-1.07061e+11	1.12124e+11
2.2e-10	1.21587e+11	1.6496e+11	4.52493e+11	7.94603e+10	-5.67354e+09	2.87066e+11	1.20432e+11	3.48601e+11	-4.83054e+11	2.99023e+10	-3.64618e+11	-1.6146e+11	-1.42777e+10	2.71592e+10	-1.04014e+11
2.25e-10	9.13301e+10	1.74834e+11	1.85625e+11	7.17116e+10	2.29513e+11	1.52262e+11	4.01896e+10	1.19173e+11	-1.84132e+11	1.38463e+10	-1.23452e+11	-4.04539e+10	2.23971e+10	1.02553e+11	1.7048e+11
2.3e-10	1.55307e+11	4.32073e+11	-2.77228e+09	1.17411e+11	4.17443e+11	-3.42145e+10	1.01596e+11	6.78584e+09	-4.20342e+11	1.46689e+10	-2.24799e+11	-8.3053e+10	3.74042e+10	-1.81063e+10	3.58257e+11
2.35e-10	2.0875e+11	4.46969e+11	-3.88686e+09	1.06008e+11	2.0458e+11	-3.78022e+11	5.94369e+10	-2.43938e+11	-6.42513e+10	2.34481e+10	-1.77576e+11	1.10116e+11	8.22012e+09	1.13347e+11	-4.36176e+09
2.4e-10	1.68227e+11	1.96671e+11	-3.21191e+11	1.44803e+11	7.36741e+10	-4.7043e+11	3.96181e+10	-1.31382e+11	-2.49061e+11	3.0259e+10	9.36575e+10	2.53126e+11	1.31205e+10	2.32345e+11	-1.81731e+11
2.45e-10	9.80549e+10	8.46603e+10	-1.71921e+11	1.13722e+11	-1.1016e+11	-4.4193e+11	1.85162e+10	-5.23525e+10	-3.32446e+10	4.52977e+10	5.47652e+10	2.91909e+11	9.59336e+09	2.13023e+11	-2.58762e+10
2.5e-10	2.01951e+11	-3.59653e+11	-3.36978e+11	1.16202e+11	-4.06966e+11	-1.2876e+11	2.89103e+10	-1.98127e+11	2.41973e+09	6.73239e+09	-7.31635e+10	2.51278e+11	1.99436e+09	5.19776e+10	-2.36539e+11
2.55e-10	1.2092e+11	-1.99057e+11	-1.96403e+11	1.30302e+11	-3.27416e+11	1.40244e+11	6.81677e+10	2.88107e+11	3.34551e+11	6.1978e+10	3.97468e+11	5.84548e+10	-7.0343e+09	-7.11318e+10	-2.34759e+11
2.6e-10	2.69905e+11	-5.91066e+11	-1.47611e+11	1.35328e+11	-3.98497e+11	1.2072e+11	8.45331e+10	1.79998e+11	3.53274e+11	2.00592e+10	1.85848e+11	-1.66821e+11	2.60987e+10	-5.61159e+10	-3.0253e+11
2.65e-10	2.8137e+11	-4.57473e+11	2.10626e+11	1.34186e+11	7.54924e+10	3.93799e+11	9.03512e+10	4.44504e+11	6.37843e+10	4.83928e+10	1.19471e+11	-2.57535e+11	7.66212e+09	-6.99682e+10	-2.24665e+10
2.7e-10	2.25049e+11	-5.62399e+10	4.18224e+11	5.60337e+10	-2.06342e+10	2.26355e+11	3.34713e+09	6.59964e+10	9.01712e+09	4.61229e+10	-3.47206e+09	-2.88479e+11	2.2216e+10	-1.73503e+11	6.07799e+09
2.75e-10	2.51998e+11	1.09012e+11	5.1114e+11	2.16696e+11	4.88325e+11	1.61705e+11	1.21967e+11	8.18783e+10	-4.51865e+11	2.49268e+10	-4.1788e+11	2.12886e+11	8.48846e+09	-6.29329e+10	1.03158e+11
2.8e-10	3.29411e+11	3.1769e+11	5.06411e+11	2.68001e+11	5.33232e+11	-3.01176e+11	6.14521e+10	-1.53372e+10	-1.52731e+11	1.27566e+11	-5.65813e+11	-1.77873e+11	-1.32989e+10	-1.10376e+11	-1.58584e+11
2.85e-10	3.52957e+11	6.9512e+11	-1.10834e+11	1.11089e+11	4.75125e+11	-2.19005e+09	1.36534e+11	-1.8615e+11	-3.32523e+11	7.12546e+10	-1.38341e+11	2.34136e+11	-8.5459e+08	-2.99157e+10	1.11968e+11
2.9e-10	2.88232e+11	4.84823e+11	-1.42354e+11	1.59125e+11	1.81618e+11	-3.86288e+11	6.5682e+10	-1.71585e+11	-7.11907e+10	3.69118e+10	-2.1715e+11	2.89089e+10	9.91354e+09	1.55969e+11	3.26613e+11
2.95e-10	3.28616e+11	9.28469e+10	-5.03298e+11	2.21752e+11	-1.2272e+11	-5.68224e+11	1.45168e+11	-2.52327e+11	4.12838e+11	8.44735e+10	-1.9979e+11	5.0274e+11	3.68089e+10	2.43648e+11	-2.59732e+09
3e-10	2.18261e+11	7.50209e+10	-3.79622e+11	3.0532e+11	-5.27625e+11	-3.25747e+11	1.48418e+11	-4.09564e+10	4.39738e+11	8.31801e+10	3.79011e+11	9.25731e+10	4.92256e+10	-7.14577e+10	-3.1347e+11
3.05e-10	3.89437e+11	-4.28869e+11	-3.28345e+11	3.60793e+11	-7.2283e+11	1.24148e+11	1.36725e+11	2.03347e+11	3.78328e+11	2.26061e+10	1.6646e+11	-1.17415e+11	8.47055e+10	-1.23656e+11	-4.34141e+11
3.1e-10	4.15682e+11	-5.93062e+11	-1.48371e+11	1.17883e+11	-2.62166e+11	8.39701e+10	1.82762e+11	1.83385e+11	4.75808e+11	4.17159e+10	2.39918e+11	-1.72593e+11	1.58097e+10	-1.49575e+11	-2.40331e+11
3.15e-10	4.44797e+11	-4.66892e+11	2.95171e+11	1.51917e+11	4.96717e+10	3.63505e+11	8.22116e+10	2.44263e+11	9.98415e+10	9.88063e+10	2.06963e+11	-2.89466e+11	8.64064e+10	-3.69708e+11	5.36146e+10
3.2e-10	3.35026e+11	-2.57828e+11	3.41713e+11	2.27535e+11	1.63468e+11	4.3328e+11	1.48257e+11	3.09903e+11	-2.79224e+11	5.49821e+10	-1.33178e+11	-1.68099e+11	7.28044e+10	-2.84744e+11	2.07108e+10
3.25e-10	4.07067e+11	2.38157e+10	5.0186e+11	3.30426e+11	4.33744e+11	3.8822e+11	1.34087e+11	1.77852e+11	-2.66545e+11	5.98369e+10	-8.93334e+10	-1.75811e+11	6.32488e+10	-2.62606e+11	9.8893e+10
3.3e-10	5.40412e+11	4.51575e+11	3.99677e+11	3.82313e+11	5.8214e+11	2.15893e+11	2.02152e+11	1.24534e+11	-4.94948e+11	1.17324e+11	-3.77987e+11	-1.10498e+11	1.50854e+11	-1.37588e+11	5.55553e+11
3.35e-10	4.8054e+11	7.09529e+11	8.75282e+10	2.69821e+11	3.51129e+11	-2.29054e+11	2.22414e+11	-1.6964e+11	-5.94133e+11	1.22445e+11	-3.81193e+11	2.53328e+11	2.9513e+09	-9.51552e+10	2.07736e+11
3.4e-10	3.36381e+11	3.76675e+11	-1.13264e+11	1.81652e+11	3.13293e+11	-1.7102e+11	2.11277e+11	-3.17606e+11	-3.62812e+11	2.3219e+10	5.27942e+10	1.07366e+11	4.79923e+10	2.31523e+11	-6.01615e+10
3.45e-10	4.78528e+11	2.20496e+11	-5.90068e+11	3.66204e+11	-2.76576e+11	-6.78298e+11	2.40426e+11	-6.32749e+11	9.51783e+10	6.72676e+10	5.10925e+10	1.97022e+11	1.28226e+11	4.32917e+11	-2.00241e+10
3.5e-10	5.87461e+11	5.84801e+09	-5.65804e+11	3.11833e+11	-4.56566e+11	-3.32555e+11	1.66753e+11	-2.62044e+11	2.91144e+11	3.90673e+10	8.38719e+10	1.56914e+11	8.53241e+10	2.23765e+11	-3.71273e+11
3.55e-10	6.69315e+11	-2.45803e+11	-8.35547e+11	3.35742e+11	-4.5181e+11	-1.52352e+11	2.34382e+11	-2.6325e+11	4.2797e+11	1.19517e+11	4.42735e+11	2.22281e+10	1.06305e+11	1.80342e+11	-3.92439e+11
3.6e-10	5.39466e+11	-6.73556e+11	-1.17974e+11	4.35717e+11	-6.59092e+11	7.59557e+10	2.81336e+11	-3.77169e+10	6.60815e+11	1.15545e+11	4.00894e+11	-1.43999e+11	2.2704e+10	-1.92423e+10	-2.30497e+11
3.65e-10	4.48583e+11	-6.28394e+11	1.7445e+11	7.31698e+10	-1.75049e+11	9.32674e+10	1.08305e+11	1.93354e+11	1.10633e+11	1.34941e+11	3.12086e+11	-2.63056e+11	3.91831e+10	-1.84576e+11	-1.31046e+11
3.7e-10	4.28365e+11	-5.95049e+11	2.42018e+11	2.77642e+11	-1.93332e+11	5.47435e+11	5.38075e+10	1.40371e+11	6.85454e+10	2.12206e+11	2.87181e+09	-5.59003e+11	9.5249e+08	-6.29864e+10	1.17875e+11
3.75e-10	3.90745e+11	-8.12577e+10	4.97511e+11	2.85892e+11	2.72636e+11	5.13894e+11	1.94543e+11	4.50228e+11	-1.13663e+11	1.13015e+10	-1.33921e+11	-4.08053e+10	7.26336e+10	-2.39365e+11	1.89049e+11
3.8e-10	3.3975e+11	-1.49476e+11	5.32253e+11	3.06002e+11	5.16688e+11	1.27719e+11	1.04919e+11	-6.57073e+09	-2.51386e+11	1.60527e+11	-3.3826e+11	-3.22221e+11	1.2078e+11	-2.87963e+11	4.42382e+11
3.85e-10	2.76401e+11	3.60688e+11	2.59264e+11	2.81062e+11	5.38152e+11	-3.99371e+11	2.09865e+11	-4.42318e+10	-5.19339e+11	1.20304e+11	-3.08798e+11	-5.35858e+10	5.58239e+10	1.12156e+11	2.44013e+11
3.9e-10	5.20069e+11	6.76053e+11	-5.25453e+10	2.75752e+11	4.78902e+11	-3.30016e+11	2.03213e+11	-3.7052e+11	-1.96762e+11	9.48618e+10	-3.88117e+11	1.19694e+10	1.75099e+10	-1.33179e+10	1.29703e+11
3.95e-10	4.70589e+11	4.27164e+11	-3.4871e+11	3.99404e+11	3.19476e+11	-5.56421e+11	1.62497e+11	-4.43932e+11	1.51747e+11	1.69386e+11	-2.97924e+11	3.73809e+11	9.70681e+10	3.83707e+11	6.98125e+10
4e-10	5.64538e+11	2.24394e+11	-6.65561e+11	2.79377e+11	-2.21596e+10	-4.93658e+11	1.34821e+11	-2.99038e+11	3.02377e+10	3.45714e+10	1.35941e+11	1.10338e+11	1.06901e+11	2.6275e+11	-3.2888e+11
4.05e-10	4.37471e+11	-6.75514e+10	-5.27682e+11	3.19686e+11	-3.13834e+11	-3.85149e+11	3.01314e+11	-2.57305e+11	5.48525e+11	1.2375e+11	3.11805e+11	1.69884e+11	2.67497e+10	2.29676e+11	-1.40785e+11
4.1e-10	4.82266e+11	-4.66376e+11	-3.501e+11	4.47732e+11	-7.57193e+11	-7.3534e+10	2.20313e+11	1.59184e+11	6.30793e+11	1.31551e+11	3.06315e+11	1.10273e+11	8.41777e+10	-2.3205e+11	-3.76652e+11
4.15e-10	3.53164e+11	-3.52294e+11	-2.07012e+11	3.43416e+11	-5.82607e+11	1.0798e+11	1.91504e+11	3.50056e+11	2.81805e+11	7.71959e+10	1.9926e+11	-3.31598e+11	1.38571e+11	-4.44802e+11	-3.90356e+11
4.2e-10	4.64495e+11	-6.81742e+11	1.25492e+11	3.40373e+11	-1.29454e+11	5.98912e+11	2.37143e+11	5.84957e+11	-4.87027e+10	1.04756e+11	1.68888e+11	-2.97804e+11	3.63874e+10	-5.21191e+10	-1.8176e+11
4.25e-10	4.31096e+11	-1.10745e+11	4.98722e+11	2.41238e+11	-1.03991e+11	5.31868e+11	2.70895e+11	4.93476e+11	-6.47189e+10	1.81378e+11	-4.3597e+10	-5.4814e+11	6.70862e+10	-2.66619e+11	1.24848e+11
4.3e-10	3.69803e+11	2.18931e+10	4.65161e+11	1.27894e+11	-6.59092e+10	4.01281e+11	2.38363e+11	4.40457e+11	-2.66208e+11	9.44015e+10	-2.24072e+10	-4.34652e+11	9.40109e+10	-1.44194e+11	3.89954e+11
4.35e-10	3.64003e+11	-3.98338e+10	4.25571e+11	2.07096e+11	3.45372e+11	7.29086e+10	2.44957e+11	-1.41719e+11	-5.00614e+11	1.26042e+11	-3.04082e+11	-2.16052e+10	3.5138e+10	-7.49601e+10	2.11496e+11
4.4e-10	5.87558e+11	5.65388e+11	3.40379e+11	4.84127e+11	8.18044e+11	-4.97594e+10	2.00774e+11	-4.29889e+11	-3.65379e+11	7.71567e+10	-2.6813e+11	-1.62953e+11	4.34077e+10	1.20937e+11	1.6772e+11
4.45e-10	5.80232e+11	7.05986e+11	7.03249e+10	3.24278e+11	5.08422e+11	-3.9371e+11	2.79519e+11	-6.75311e+11	2.35097e+10	8.65303e+10	-1.66577e+11	2.85302e+11	4.15595e+10	1.95143e+11	1.43703e+11
4.5e-10	5.09031e+11	4.91077e+11	-4.0778e+11	2.1318e+11	-2.24963e+11	-4.06724e+11	2.04367e+11	-5.50484e+11	-6.11873e+10	1.1521e+11	-1.37063e+10	3.62635e+11	5.20962e+10	2.06627e+11	1.36303e+10
4.55e-10	5.16459e+11	2.35326e+11	-5.64571e+11	2.95769e+11	-2.28264e+11	-5.18414e+11	1.94196e+11	-2.78626e+11	4.0938e+11	9.84873e+10	4.02016e+10	3.57464e+11	1.34719e+11	4.77415e+11	-3.1854e+11
4.6e-10	4.442e+11	-6.42713e+10	-5.72521e+11	4.78898e+11	-8.06818e+11	-1.12404e+11	1.95724e+11	-5.80315e+11	1.64472e+11	1.07408e+11	2.86039e+11	2.07578e+10	1.01577e+11	1.94872e+11	-3.50114e+11
4.65e-10	5.80186e+11	-5.86716e+11	-3.95408e+11	2.29086e+11	-3.65386e+11	-2.4276e+11	2.3108e+11	-5.20075e+09	4.76695e+11	5.07808e+10	5.35134e+10	2.75308e+11	9.12569e+10	-2.27809e+11	-3.58215e+11
4.7e-10	4.45146e+11	-4.60912e+11	-5.43188e+11	3.47318e+11	-6.15169e+11	1.22334e+11	2.96345e+11	4.57435e+11	4.61379e+11	2.24688e+11	4.04882e+11	-2.38383e+11	4.24545e+10	-5.95757e+10	-1.92178e+11
4.75e-10	2.78416e+11	-2.64897e+11	5.14708e+11	1.57366e+11	6.77252e+09	3.39304e+11	2.46604e+11	5.81931e+11	-6.2937e+10	2.52498e+11	5.14805e+11	-5.66837e+11	6.30509e+10	-2.50494e+11	5.37613e+10
4.8e-10	4.99135e+11	-4.55649e+11	4.59535e+11	1.43845e+11	6.30424e+10	2.53464e+11	1.42242e+11	3.20803e+11	-1.84731e+11	2.99156e+11	2.08227e+11	-6.41275e+11	5.84965e+10	-1.42647e+11	6.43536e+10
4.85e-10	5.02955e+11	4.24388e+09	6.22419e+11	2.12809e+11	1.60692e+10	4.70221e+11	1.3158e+11	3.03407e+11	-1.2765e+11	1.86803e+11	-2.82627e+11	-3.92246e+11	4.58737e+10	-1.57275e+11	1.91864e+11
4.9e-10	3.88843e+11	3.8272e+11	3.92347e+11	2.55265e+11	4.4127e+11	2.03292e+11	1.45315e+11	-2.44546e+11	-3.63555e+11	1.12562e+11	-3.70814e+11	-2.82654e+11	6.0717e+10	-5.87385e+10	2.41094e+11
4.95e-10	4.43976e+11	3.80939e+11	2.89864e+11	2.10887e+11	3.12374e+11	-2.0246e+11	1.87683e+11	6.74786e+10	-4.64205e+11	2.24829e+11	-6.27076e+11	-1.23647e+10	2.63062e+10	2.20315e+11	1.42126e+11
5e-10	6.89455e+11	7.68388e+11	4.35283e+10	5.07173e+11	5.4683e+11	-6.40774e+11	3.00943e+11	-6.51219e+11	-2.45462e+11	5.83764e+10	-1.96101e+11	2.66463e+10	3.92101e+10	2.03692e+11	1.13021e+11
5.05e-10	3.12806e+11	1.95619e+11	-3.93647e+11	3.72707e+11	1.76169e+11	-6.5922e+11	2.33719e+11	-4.66996e+11	-3.14904e+11	8.32203e+10	-1.10686e+11	1.80533e+11	8.72303e+10	3.11215e+11	-1.5213e+11
5.1e-10	5.65593e+11	2.53226e+11	-5.1394e+11	4.11823e+11	-1.01584e+11	-7.69357e+11	1.76555e+11	-3.64212e+11	5.73824e+10	2.28207e+10	-1.05265e+10	5.7205e+10	1.15261e+11	4.23664e+11	1.51163e+10
5.15e-10	5.91326e+11	4.85526e+10	-6.25632e+11	4.12217e+11	-5.93485e+11	-2.96545e+11	2.51122e+11	-5.91804e+11	3.92787e+11	1.45472e+11	3.73085e+11	2.48291e+11	1.00437e+11	4.91982e+11	-2.06629e+11
5.2e-10	5.13084e+11	-2.11931e+11	-5.163e+11	3.61947e+11	-6.31983e+11	1.69856e+11	2.15946e+11	2.11726e+10	4.22888e+11	1.40349e+11	3.81372e+11	-2.20216e+11	3.28226e+10	-5.5924e+10	-1.42193e+11
5.25e-10	5.82057e+11	-3.74794e+11	-7.64083e+11	2.88687e+11	-4.26683e+11	7.99705e+10	3.1998e+11	2.01741e+11	6.69214e+11	1.42532e+11	3.06256e+11	-1.70358e+11	1.17688e+11	-2.62177e+11	-3.23501e+11
5.3e-10	6.74194e+11	-6.93752e+11	-1.16743e+11	1.51385e+11	-2.14139e+11	2.19415e+11	1.61381e+11	2.72699e+11	3.12854e+11	2.42249e+11	7.29333e+11	-2.28898e+11	1.11246e+10	7.92215e+09	-1.95119e+11
5.35e-10	5.83073e+11	-5.96974e+11	1.84991e+11	3.22297e+11	-2.19755e+11	4.57159e+11	3.23816e+11	5.99623e+11	-3.46284e+11	1.26969e+11	-1.00012e+11	-3.99441e+11	4.654e+10	-1.00338e+11	2.23433e+11
5.4e-10	5.47814e+11	-1.18287e+11	5.39875e+11	2.43599e+11	4.03744e+10	4.70834e+11	2.04895e+11	4.69768e+11	-1.61277e+11	1.09507e+11	-2.58717e+11	-2.22978e+11	1.28463e+11	-2.94023e+11	3.17946e+11
5.45e-10	4.12035e+11	2.14701e+11	4.00802e+11	4.0556e+11	5.43287e+11	2.05451e+11	1.82818e+11	-4.23448e+10	-4.06169e+11	1.83901e+11	-3.18597e+11	-3.32443e+11	5.87151e+10	-1.34326e+11	1.80614e+11
5.5e-10	6.01514e+11	4.50472e+11	5.06901e+11	3.11581e+11	4.54221e+11	1.80137e+11	1.91436e+11	1.4334e+10	-3.21124e+11	1.10523e+11	-2.44416e+11	-1.88295e+11	2.65844e+09	4.07291e+10	-3.88719e+10
5.55e-10	3.89886e+11	4.05429e+11	5.19905e+10	4.58685e+11	6.24403e+11	-3.07634e+11	2.62795e+11	-4.84954e+11	-3.19216e+11	5.82223e+10	-2.64238e+11	-7.92739e+10	7.26322e+10	3.27949e+11	2.19928e+11
5.6e-10	6.51381e+11	6.06488e+11	-3.57119e+11	2.62461e+11	5.65598e+10	-4.67426e+11	2.54911e+11	-3.93745e+11	-2.65628e+11	1.04249e+11	-5.16302e+10	3.1764e+11	1.02891e+11	4.54691e+11	-2.14675e+11
5.65e-10	5.64159e+11	4.42982e+11	-4.17531e+11	4.02755e+11	1.89395e+11	-6.28744e+11	2.2354e+11	-4.97376e+11	1.47009e+11	1.78102e+11	-2.6797e+11	4.51725e+11	3.48407e+10	1.89739e+11	1.68565e+11
5.7e-10	5.80252e+11	5.03137e+11	-4.27153e+11	3.39311e+11	1.84134e+10	-5.7496e+11	1.51589e+11	-2.79456e+11	1.15288e+11	1.31513e+11	1.25937e+11	2.92534e+11	1.02316e+11	1.82763e+11	-3.29046e+11
5.75e-10	6.12153e+11	-1.77985e+11	-6.46123e+11	4.92421e+11	-7.02532e+11	-4.10664e+11	1.9648e+11	-2.8183e+11	4.23562e+11	1.09999e+11	1.71897e+11	2.99357e+11	4.57382e+10	-1.22401e+11	-2.05036e+11
5.8e-10	5.16898e+11	-4.31399e+11	-3.77906e+11	3.45799e+11	-5.62914e+11	-1.48056e+11	1.77891e+11	1.58458e+10	4.09298e+11	7.51887e+10	2.7179e+11	1.60059e+11	8.32101e+10	-2.1393e+11	-2.93864e+11
5.85e-10	3.40555e+11	-3.58674e+11	-8.07807e+10	2.0252e+11	-8.12537e+10	4.64978e+11	7.59182e+10	-4.8109e+10	2.6642e+11	1.17355e+11	2.74522e+11	-2.98357e+11	2.48174e+10	-1.1921e+11	-5.30777e+10
5.9e-10	5.71024e+11	-6.03478e+11	1.66625e+11	3.25501e+11	-3.32703e+11	4.81382e+11	2.37391e+11	5.24481e+11	1.7531e+11	1.65758e+11	1.46657e+11	-4.29872e+11	-2.60479e+09	-5.87616e+10	1.24028e+11
5.95e-10	5.40833e+11	-4.77002e+11	2.93455e+11	4.17119e+11	-8.81161e+10	6.53709e+11	1.23221e+11	2.72733e+11	6.01014e+10	1.70607e+11	-1.62772e+11	-4.07084e+11	4.33644e+10	-2.30238e+11	-9.84382e+10
6e-10	4.10714e+11	-1.03673e+11	3.70601e+11	3.23497e+11	2.64922e+11	3.87078e+11	2.98573e+11	3.01334e+11	-5.2854e+11	1.51215e+11	-2.75134e+11	-2.93965e+11	1.38151e+11	-3.19003e+11	2.70475e+11
6.05e-10	5.07652e+11	8.36704e+10	5.01078e+11	2.42483e+11	3.56113e+11	1.42664e+11	1.20273e+11	7.41102e+10	-2.80169e+11	1.49047e+11	-3.52346e+11	5.19392e+10	1.32832e+10	-4.27023e+09	1.02478e+11
6.1e-10	4.97461e+11	4.99787e+11	3.67969e+11	3.5723e+11	5.48116e+11	-1.71876e+11	2.93524e+11	3.23679e+09	-5.85515e+11	2.1145e+11	-4.76866e+11	-2.17734e+10	1.47231e+11	3.1019e+11	4.32964e+11
6.15e-10	5.45759e+11	7.58301e+11	8.20344e+10	3.06586e+11	4.686e+11	-1.90527e+11	1.80403e+11	-1.44702e+11	-3.45494e+11	2.18606e+11	-3.53569e+11	4.49073e+11	9.68926e+10	2.28306e+11	1.96019e+11
6.2e-10	4.61429e+11	4.78851e+11	-1.9881e+11	2.03001e+11	2.05198e+11	-3.00323e+11	2.67667e+11	-5.0047e+11	-2.00884e+11	2.50642e+11	-1.47754e+11	6.62264e+11	3.39551e+10	9.18908e+10	2.91282e+10
6.25e-10	5.5897e+11	6.46055e+11	-4.33169e+11	2.35671e+11	-1.84979e+11	-3.81189e+11	2.10335e+11	-5.4681e+11	7.82584e+10	1.45762e+11	2.43502e+11	3.69806e+11	8.99605e+10	4.44798e+11	-7.73359e+10
6.3e-10	5.53163e+11	-2.99486e+10	-5.59035e+11	1.86144e+11	-2.37345e+11	-2.02247e+11	3.22745e+11	-5.73078e+11	4.88469e+11	2.51687e+10	7.91142e+10	5.48923e+10	1.10109e+11	-2.77927e+10	-4.86918e+11
6.35e-10	5.02446e+11	-2.6011e+11	-6.07455e+11	3.80296e+11	-5.86837e+11	-1.97423e+11	1.10116e+11	5.90446e+09	2.33566e+11	2.2285e+11	3.73499e+11	2.28453e+11	1.23844e+11	2.83858e+10	-4.55127e+11
6.4e-10	5.95978e+11	-4.2888e+11	-4.89072e+11	4.34065e+11	-5.64737e+11	2.7126e+11	1.37773e+11	4.95612e+10	3.51808e+11	1.22453e+11	2.84096e+11	-1.10161e+11	8.37413e+10	-3.2549e+11	-2.92635e+11
6.45e-10	5.15702e+11	-6.1876e+11	1.35571e+10	3.52242e+11	-4.9566e+11	3.58749e+11	2.48196e+11	5.11752e+11	3.68452e+11	8.22117e+10	1.13513e+11	-2.18743e+11	5.32126e+10	-2.70845e+11	2.13959e+11
6.5e-10	4.37114e+11	-3.70139e+11	3.06643e+11	3.49812e+11	-1.23953e+11	5.47126e+11	9.52623e+10	2.05065e+11	-6.59118e+09	1.84948e+11	7.88016e+10	-4.69556e+11	5.22248e+10	-2.28595e+11	-1.18883e+11
6.55e-10	5.16572e+11	-1.16699e+11	5.23575e+11	4.66098e+11	1.72686e+11	7.3604e+11	1.70729e+11	2.6511e+11	-3.05055e+11	8.28883e+10	-4.52071e+10	-2.06061e+11	4.2118e+10	-1.17379e+11	1.39527e+11
6.6e-10	4.36377e+11	2.2308e+11	4.24372e+11	2.27881e+11	2.45995e+11	1.88802e+11	2.65058e+11	1.76615e+11	-5.65048e+11	9.06529e+10	-1.81171e+11	-2.45022e+11	1.15568e+11	-6.83814e+10	5.8099e+11
6.65e-10	5.60437e+11	4.19203e+11	3.75386e+11	4.95533e+11	7.70744e+11	-2.0755e+11	1.80826e+11	-6.28699e+10	-3.48808e+11	1.79415e+11	-4.77212e+11	-1.00557e+11	4.86714e+10	4.71703e+10	2.58421e+11
6.7e-10	4.82544e+11	4.44448e+11	2.42734e+10	3.61044e+11	5.38423e+11	-3.54584e+11	1.55649e+11	-2.00528e+11	-2.51069e+11	1.24424e+11	-3.56788e+11	2.6721e+11	-1.75046e+10	7.38456e+10	-1.37654e+11
6.75e-10	5.46621e+11	4.74394e+11	-2.14295e+11	2.33484e+11	2.8665e+11	-3.01122e+11	1.59752e+11	-3.4574e+11	-1.44843e+11	1.57668e+11	-3.70509e+11	3.10361e+11	4.61399e+10	1.94689e+11	6.43143e+10
6.8e-10	3.55038e+11	2.50158e+11	-2.27977e+11	4.14061e+11	1.00575e+10	-6.32118e+11	1.95569e+11	-4.09444e+11	1.04831e+11	1.68372e+11	1.22433e+11	6.03658e+11	1.52482e+10	1.33956e+11	8.32502e+10
6.85e-10	7.20048e+11	3.99394e+10	-8.01379e+11	3.04259e+11	-4.42834e+11	-3.54013e+11	3.442e+11	-3.89984e+11	4.21495e+11	1.33117e+11	1.76057e+11	3.88404e+11	5.66464e+10	1.1854e+11	-1.79754e+11
6.9e-10	4.56824e+11	-2.86196e+11	-4.26074e+11	3.21836e+11	-4.55621e+11	-3.95578e+11	1.73345e+11	-2.71198e+11	3.86224e+11	1.56731e+11	3.05707e+11	3.20445e+11	6.56079e+10	-7.20223e+10	-3.57559e+11
6.95e-10	5.11771e+11	-5.04693e+11	-3.20252e+11	3.04358e+11	-4.19854e+11	2.19592e+11	2.88779e+11	3.82503e+10	6.70875e+11	1.15057e+11	3.71729e+11	-9.91449e+10	1.14112e+11	-1.07283e+11	-4.90304e+11
7e-10	5.99121e+11	-7.01199e+11	8.98608e+10	2.8083e+11	-9.81323e+10	5.60087e+11	1.98932e+11	3.52067e+11	2.53533e+11	1.11252e+11	3.21225e+11	-9.692e+10	7.37567e+10	-2.83591e+11	-3.21303e+10
7.05e-10	5.25074e+11	-5.18026e+11	3.68134e+11	3.33481e+11	-1.92996e+11	4.77658e+11	2.68477e+11	5.31473e+11	6.19827e+10	9.70649e+10	3.53697e+09	-3.16102e+11	-3.98457e+10	7.97879e+10	-8.17627e+09
7.1e-10	5.0655e+11	3.75776e+10	5.88786e+11	2.20842e+11	3.10822e+11	2.65136e+11	2.48538e+11	3.41081e+11	-3.82768e+11	6.69722e+10	1.48009e+11	-2.67893e+11	6.04691e+10	-1.93103e+11	1.74937e+11
7.15e-10	7.20486e+11	1.43443e+11	7.56961e+11	2.30403e+11	2.90563e+11	2.68406e+11	1.39415e+11	4.62641e+10	-3.62857e+11	2.05391e+11	-2.93135e+11	-4.011e+11	3.05703e+10	2.43653e+10	1.49769e+11
7.2e-10	6.23559e+11	6.47674e+11	3.27354e+11	4.23827e+11	5.41643e+11	-1.55608e+10	1.93624e+11	-1.78355e+11	-4.24646e+11	2.26147e+11	-3.02147e+11	-4.01531e+11	5.83145e+10	1.48575e+11	3.56853e+11
7.25e-10	4.01633e+11	3.99604e+11	8.73713e+10	4.73425e+11	5.52849e+11	-4.08613e+11	2.80393e+11	-4.15028e+11	-1.9612e+11	9.22281e+10	-2.60071e+11	2.34177e+11	3.89681e+10	2.21268e+11	2.54213e+10
7.3e-10	4.49664e+11	4.79582e+11	-3.28356e+11	3.85167e+11	3.41957e+11	-4.68094e+11	2.72796e+11	-5.18542e+11	-2.56916e+11	2.73512e+11	-2.92918e+11	5.0967e+11	4.02507e+10	2.30838e+11	1.32417e+11
7.35e-10	4.37861e+11	3.01363e+11	-3.42544e+11	3.5435e+11	-1.95431e+11	-5.45981e+11	2.61813e+11	-4.61868e+11	1.4972e+11	1.5003e+11	-7.26066e+10	3.88788e+11	5.59215e+10	2.39044e+11	-3.9143e+09
7.4e-10	3.57549e+11	6.42839e+10	-4.36852e+11	2.64292e+11	-4.28875e+11	-1.75239e+11	2.9039e+11	-1.85402e+11	4.51864e+11	1.38984e+11	2.711e+11	2.58349e+11	9.41557e+10	1.61331e+11	-2.85239e+11
7.45e-10	5.7175e+11	-1.63888e+11	-6.50138e+11	2.47838e+11	-4.77972e+11	-3.82782e+10	2.54753e+11	-1.88925e+11	5.44956e+11	2.45397e+11	4.85186e+11	4.71901e+11	8.77606e+10	-2.92425e+10	-3.54407e+11
7.5e-10	4.88446e+11	-4.17652e+11	-3.18798e+11	2.7703e+11	-5.4371e+11	1.25212e+11	1.69418e+11	-4.68818e+10	3.80168e+11	7.73252e+10	1.60568e+11	-1.3999e+11	4.47022e+10	-4.15274e+10	-1.83279e+11
7.55e-10	3.13027e+11	-3.80016e+11	3.36227e+10	3.9745e+11	-5.57578e+11	2.86899e+11	2.37531e+11	4.98121e+11	2.30411e+11	1.93036e+11	4.33275e+11	-1.76787e+11	4.03601e+10	-1.35502e+11	-4.50959e+10
7.6e-10	5.73088e+11	-4.63515e+11	4.96777e+11	3.40725e+11	-9.10846e+10	5.85107e+11	2.08845e+11	4.81968e+11	2.31931e+11	1.45724e+11	-1.41491e+10	-4.26518e+11	4.2165e+10	-1.0774e+11	9.90449e+10
7.65e-10	4.35785e+11	-3.23116e+11	4.3578e+11	2.3916e+11	-1.90312e+09	4.7902e+11	2.22891e+11	3.60898e+11	-3.51074e+11	2.13624e+11	-2.77258e+11	-5.29144e+11	3.79701e+10	-1.11064e+11	1.24177e+11
7.7e-10	4.53542e+11	3.54355e+11	4.70072e+11	3.22224e+11	4.7982e+11	1.68679e+11	2.30961e+11	2.52581e+11	-4.40993e+11	1.62881e+11	-2.05532e+11	-4.01263e+11	1.66342e+11	-1.21824e+11	5.24886e+11
7.75e-10	5.15072e+11	2.52449e+11	5.63579e+11	3.75174e+11	6.01654e+11	-9.24986e+10	9.54532e+10	-6.94201e+10	-1.79902e+11	6.94382e+10	-2.20226e+11	2.54722e+11	6.07767e+10	1.98692e+11	1.88612e+11
7.8e-10	6.82687e+11	6.4673e+11	2.72621e+11	3.26078e+11	3.44851e+11	-4.28488e+11	1.38765e+11	-3.78968e+11	-2.01889e+11	1.61034e+11	-4.97083e+11	5.52268e+10	7.30991e+10	1.25693e+11	3.01328e+11
7.85e-10	4.53603e+11	5.52208e+11	4.40157e+10	2.94295e+11	2.74407e+11	-3.35662e+11	2.37175e+11	-5.9319e+11	1.83173e+11	1.60984e+11	3.16157e+10	5.0171e+11	5.37485e+10	2.85314e+11	6.1551e+10
7.9e-10	5.05422e+11	3.48425e+11	-4.00739e+11	2.4445e+11	-2.02866e+11	-4.32352e+11	1.75905e+11	-4.08097e+11	-1.59068e+11	1.31811e+11	-9.34972e+10	2.98869e+11	6.60342e+10	1.65758e+11	-1.8886e+11
7.95e-10	4.50641e+11	1.89515e+11	-4.44288e+11	3.67059e+11	-2.90132e+11	-4.50057e+11	2.79543e+11	-4.17009e+11	3.73176e+11	1.19984e+11	2.12965e+11	3.79979e+11	1.17211e+11	2.89029e+11	-2.20128e+11
8e-10	4.64173e+11	-4.17453e+11	-4.99032e+11	3.61449e+11	-5.85139e+11	-2.12217e+11	1.91253e+11	-2.24551e+11	3.07484e+11	8.01355e+10	1.74374e+11	2.45435e+11	3.22553e+09	1.43245e+11	-3.25925e+10
8.05e-10	3.63094e+11	-3.62319e+11	-1.65209e+11	4.27173e+11	-6.52016e+11	-3.71794e+11	3.64805e+10	-1.49779e+11	1.07432e+11	1.65522e+11	3.7003e+11	2.64042e+11	9.17854e+10	-2.91329e+11	-2.55555e+11
8.1e-10	3.77997e+11	-3.83408e+11	-1.08778e+11	3.09397e+11	-3.87822e+11	4.69752e+11	2.23311e+11	3.23864e+11	3.45524e+11	1.65626e+11	4.78916e+11	-6.9772e+10	7.70544e+10	-3.28723e+11	-2.46788e+11
8.15e-10	4.15084e+11	-3.80782e+11	1.97916e+11	3.56514e+11	-4.64576e+11	5.43651e+11	3.16072e+11	5.81544e+11	-1.1293e+11	2.01148e+11	3.91616e+11	-4.45265e+11	4.22939e+10	-2.33004e+11	-3.21162e+10
8.2e-10	6.38019e+11	-4.49731e+11	5.41477e+11	3.52343e+11	2.59517e+11	5.62335e+11	2.87112e+11	5.55199e+11	-8.09163e+10	1.84549e+11	8.41783e+10	-5.41371e+11	1.29091e+10	-2.56185e+11	-1.30405e+11
8.25e-10	5.06815e+11	7.56774e+10	5.39512e+11	2.56851e+11	1.70629e+11	3.59996e+11	2.70321e+11	3.63552e+11	-3.983e+11	1.5375e+11	-8.25916e+10	-3.09886e+11	2.46218e+10	-2.56831e+11	5.56965e+10
8.3e-10	6.57553e+11	2.73081e+11	6.32158e+11	3.31117e+11	5.85918e+11	5.05718e+10	3.2543e+11	2.1189e+11	-6.33622e+11	1.79832e+11	-4.01477e+11	-1.03209e+11	9.76553e+10	1.74652e+11	3.69737e+11
8.35e-10	6.50731e+11	5.14865e+11	4.2988e+11	2.23314e+11	4.70732e+11	9.47232e+10	2.21345e+11	-1.53623e+11	-4.08833e+11	2.23854e+11	-4.00964e+11	3.87146e+11	6.00313e+10	1.25846e+11	2.9188e+11
8.4e-10	4.7619e+11	5.35226e+11	6.65422e+10	1.96839e+11	2.68375e+11	-1.84818e+11	1.48149e+11	-3.63627e+11	-3.77739e+10	1.16488e+11	-2.09058e+11	1.74237e+11	4.08923e+10	2.10425e+11	1.46551e+10
8.45e-10	6.02982e+11	5.40552e+11	-3.25644e+11	2.83118e+11	3.0723e+11	-4.67514e+11	2.78784e+11	-5.91961e+11	4.4871e+10	8.04601e+10	-6.91206e+10	1.81633e+11	1.33966e+11	5.07091e+11	-8.38766e+10
8.5e-10	4.86204e+11	1.36552e+11	-5.00961e+11	3.17701e+11	-2.3521e+11	-5.04194e+11	2.25774e+11	-4.4975e+11	2.16496e+11	2.48951e+11	1.03343e+11	5.47872e+11	3.96469e+10	1.78175e+11	-1.52785e+11
8.55e-10	8.17019e+11	-1.16683e+11	-7.77369e+11	3.21991e+11	-1.54672e+11	-5.0266e+11	2.55341e+11	-2.99318e+11	4.21049e+11	1.70433e+11	3.13346e+11	2.10696e+11	8.44546e+10	2.3978e+11	-2.81907e+11
8.6e-10	6.82633e+11	-2.55897e+11	-5.93238e+11	4.76053e+11	-6.71674e+11	-6.65225e+10	3.04624e+11	4.93141e+10	7.47291e+11	2.39804e+11	6.22565e+11	1.07733e+11	1.04512e+11	1.60759e+11	-3.6315e+11
8.65e-10	6.35221e+11	-6.86893e+11	-2.95279e+11	3.46013e+11	-5.57317e+11	2.56045e+10	2.14996e+11	8.02054e+10	4.88866e+11	7.98896e+10	1.93134e+11	2.05596e+10	3.77817e+10	-2.94215e+11	-3.17144e+10
8.7e-10	4.96664e+11	-4.90301e+11	-8.10614e+10	3.19573e+11	-3.59109e+11	3.70676e+11	1.27384e+11	1.44804e+11	2.40079e+11	7.59923e+10	-8.29992e+09	-2.66779e+11	5.84643e+10	-1.99355e+11	-2.92516e+11
8.75e-10	4.89429e+11	-3.7018e+11	4.69493e+11	2.85438e+11	-1.03762e+11	5.18474e+11	1.11649e+11	3.23994e+11	-2.03457e+07	5.32053e+10	1.56945e+11	-6.21665e+10	1.9551e+10	-7.3566e+10	3.93287e+11
8.8e-10	5.13897e+11	-1.14189e+11	5.64925e+11	3.52446e+11	-3.57448e+10	5.36276e+11	1.8321e+11	4.62786e+11	9.83072e+10	2.08532e+11	-1.01263e+11	-5.05698e+11	4.23685e+10	-9.59549e+10	1.9267e+11
8.85e-10	7.23118e+11	1.04115e+10	7.65697e+11	3.38925e+11	3.79593e+11	4.11261e+11	2.61857e+11	2.1303e+11	-5.20896e+11	2.47569e+11	-6.14234e+11	-3.04257e+11	5.95717e+10	2.50554e+10	3.53349e+11
8.9e-10	7.02795e+11	3.134e+11	5.88239e+11	2.74058e+11	3.64791e+11	1.16331e+11	2.30069e+11	1.01159e+11	-4.45294e+11	1.23428e+11	-2.97189e+11	-2.70631e+10	3.78142e+10	-1.16381e+11	1.9711e+11
8.95e-10	5.59074e+11	5.5015e+11	4.1207e+11	4.05633e+11	5.1373e+11	-6.44064e+10	2.93971e+11	-3.3172e+11	-4.77338e+11	2.30558e+11	-4.66379e+11	2.79149e+11	8.27258e+10	2.52131e+11	2.95517e+11
9e-10	5.3911e+11	6.17112e+11	3.54823e+09	3.05636e+11	3.72575e+11	-3.9566e+11	3.20517e+11	-4.37187e+11	-3.63298e+11	2.03369e+11	-1.29914e+11	4.86299e+11	4.01183e+10	1.69356e+11	4.91162e+10
9.05e-10	5.24818e+11	3.60428e+11	-4.27633e+11	3.32808e+11	1.12068e+11	-4.72888e+11	1.68268e+11	-4.13271e+11	-8.86875e+10	2.27035e+11	-2.73184e+11	4.17697e+11	1.1996e+11	4.62759e+11	-1.63304e+11
9.1e-10	6.88343e+11	6.52208e+10	-7.31486e+11	2.85882e+11	3.27405e+10	-4.63301e+11	1.44416e+11	-3.37237e+11	1.20881e+11	6.53185e+10	3.543e+11	1.07024e+11	7.87543e+08	3.762e+10	1.10873e+10
9.15e-10	6.20785e+11	-5.0353e+11	-4.69882e+11	3.55863e+11	-3.63256e+11	-2.11309e+11	1.63172e+11	1.38584e+11	3.76235e+11	1.85413e+11	4.0958e+11	2.76843e+11	7.42983e+10	1.75767e+11	-3.02121e+11
9.2e-10	6.83449e+11	-4.37065e+11	-3.87321e+11	3.27119e+11	-5.17826e+11	-1.1177e+11	1.32547e+11	9.09382e+10	2.31749e+11	2.41166e+11	5.79026e+11	3.98234e+10	7.55232e+10	-4.78679e+10	-3.27799e+11
9.25e-10	5.83073e+11	-6.30847e+11	-1.48503e+11	3.07434e+11	-3.89471e+11	1.86804e+11	2.69958e+11	2.47471e+11	3.8399e+11	2.14244e+11	4.82454e+11	-3.63359e+11	1.30754e+10	-1.37403e+11	-1.12396e+09
9.3e-10	4.70704e+11	-4.32872e+11	1.76847e+11	2.52236e+11	-1.28799e+11	4.30623e+11	2.19666e+11	4.58153e+11	5.76316e+09	2.48751e+11	3.51624e+11	-5.77924e+11	4.571e+10	-1.65597e+11	5.59919e+10
9.35e-10	5.74989e+11	-3.32705e+11	3.62636e+11	3.96389e+11	3.37635e+11	5.58946e+11	2.46061e+11	5.55381e+11	-7.65063e+10	1.34756e+11	9.0948e+10	-3.89421e+11	9.48635e+10	-3.58023e+11	1.58606e+10
9.4e-10	4.31934e+11	-4.17285e+10	4.88564e+11	3.41743e+11	3.84956e+11	3.54146e+11	2.94201e+11	3.95197e+11	-3.46583e+11	1.44472e+11	-1.18091e+11	-3.73591e+11	9.24508e+10	-2.53703e+11	1.44717e+11
9.45e-10	7.58166e+11	5.05042e+11	6.34233e+11	2.6735e+11	5.3245e+11	-7.95848e+10	2.30991e+11	4.85105e+11	-3.96294e+11	2.22273e+11	-5.30692e+11	-1.08097e+11	1.00686e+11	-1.66841e+11	3.83011e+11
9.5e-10	3.32052e+11	2.87873e+11	2.4333e+11	3.03659e+11	4.20461e+11	-2.04111e+11	2.26138e+11	-4.58011e+11	-2.52336e+11	1.63667e+11	-3.75836e+11	1.64e+11	8.83067e+10	-1.48411e+10	3.25706e+11
9.55e-10	5.66119e+11	6.84446e+11	1.13329e+11	2.84485e+11	4.04399e+11	-3.01496e+11	2.08573e+11	-4.47284e+11	-5.72877e+10	8.7543e+10	-3.54152e+11	5.33988e+10	7.0027e+10	2.23748e+11	1.05738e+11
9.6e-10	4.43687e+11	3.5561e+11	-4.05552e+11	2.2775e+11	1.81795e+11	-4.04909e+11	2.44743e+11	-5.7571e+11	-1.74523e+11	7.73303e+10	9.12663e+10	2.63138e+11	7.08953e+10	3.72726e+11	-1.06701e+11
9.65e-10	1.81633e+11	1.73993e+11	-1.17838e+11	2.94031e+11	-4.0797e+11	-4.18149e+11	2.31925e+11	-3.66522e+11	2.69068e+11	1.3426e+11	1.80392e+11	3.46173e+11	6.45717e+10	2.85187e+11	-1.86473e+11
9.7e-10	3.89031e+11	1.14775e+11	-6.07514e+11	2.50022e+11	-3.51709e+11	-3.52561e+11	1.75894e+11	-1.95574e+11	5.12934e+11	1.68124e+11	2.71603e+11	4.22833e+11	8.93349e+10	3.80894e+11	-1.12663e+11
9.75e-10	2.22479e+11	-1.42388e+11	-2.35269e+11	3.35379e+11	-6.18643e+11	-1.4599e+11	2.14545e+11	2.08971e+11	4.46724e+11	1.46556e+11	3.94716e+11	-5.5374e+08	7.38445e+10	9.27188e+10	-3.07718e+11
9.8e-10	4.07404e+11	-4.96595e+11	-1.95268e+11	1.87218e+11	-1.8851e+11	3.47323e+11	9.163e+10	3.26903e+11	1.33951e+11	1.00512e+11	2.42395e+11	-2.27763e+11	5.10542e+10	-1.77577e+11	-6.50053e+10
9.85e-10	4.51029e+11	-5.71948e+11	5.09076e+10	2.14671e+11	-7.56528e+10	3.63743e+11	8.58093e+10	2.9717e+11	1.01056e+11	2.56915e+11	5.65235e+11	-4.98147e+11	4.75981e+10	-2.2629e+11	1.5713e+11
9.9e-10	3.94358e+11	-1.05153e+11	4.91531e+11	9.93249e+10	-8.21679e+10	1.61788e+11	9.42649e+10	2.48822e+11	6.43205e+10	1.02402e+11	3.53813e+10	-2.82753e+11	7.3073e+10	-2.71973e+11	-3.26559e+11
9.95e-10	4.88963e+11	1.08222e+11	6.85743e+11	2.95982e+11	3.26105e+11	3.93747e+11	1.75912e+11	2.68274e+11	-2.8001e+11	9.18619e+10	-3.12891e+11	-2.25292e+11	7.69825e+10	-2.85076e+11	2.64455e+11
1e-09	5.607e+11	4.72727e+11	4.90872e+11	2.18027e+11	3.864e+11	1.06673e+11	2.46722e+11	1.64652e+11	-6.13138e+11	1.37292e+11	-4.15088e+11	-2.14515e+10	1.19556e+11	1.73986e+10	4.84754e+11
