Fri Oct 18 17:00:43 2024

<base> : Rectangle : 0m, 0m, 0m; 1.5um, 50nm, 5nm. Cells : 300, 10, 1. Cellsize : 5nm, 5nm, 5nm
<supermesh> : Rectangle : 0m, 0m, 0m; 1.5um, 50nm, 5nm. Cells : 300, 10, 1. Cellsize : 5nm, 5nm, 5nm

Saved data (dataname (unit) <meshname> (cells_rectangle)) : 

time (s)	<mxdmdt> (1/s) <base> (300nm, 0m, 0m; 310nm, 50nm, 5nm)			<mxdmdt> (1/s) <base> (500nm, 0m, 0m; 510nm, 50nm, 5nm)			<mxdmdt> (1/s) <base> (700nm, 0m, 0m; 710nm, 50nm, 5nm)			<mxdmdt> (1/s) <base> (900nm, 0m, 0m; 910nm, 50nm, 5nm)			<mxdmdt> (1/s) <base> (1.1um, 0m, 0m; 1.11um, 50nm, 5nm)			

0	-17596.8	709988	809920	100904	-293118	1.84345e+06	24048.8	-589832	-757049	-52972.6	131640	-520642	523472	3.37247e+06	-3.49259e+06
5e-12	1.94892e+10	-8.8635e+09	1.96062e+11	-2.91242e+10	1.399e+11	-2.06287e+11	-2.14639e+08	7.94815e+10	2.76774e+10	1.92381e+10	3.09138e+11	5.23597e+10	-2.95205e+10	2.34296e+11	8.86959e+10
1e-11	-2.48488e+09	-8.50781e+10	-5.98553e+10	1.2673e+10	1.32137e+11	-7.09771e+09	9.83811e+09	9.77713e+10	-1.77575e+11	-3.52273e+10	-3.90984e+10	-2.07467e+11	-8.73671e+09	-1.43359e+11	-3.22278e+10
1.5e-11	2.90618e+10	-2.46637e+11	1.65573e+11	8.33893e+09	1.24614e+11	1.22453e+11	3.58439e+10	5.29224e+10	-3.28539e+11	-1.34393e+10	1.56429e+11	3.8901e+10	-1.22444e+10	-2.73055e+11	-3.72386e+10
2e-11	-7.16605e+09	-3.57787e+10	9.90173e+09	-1.47198e+09	3.38586e+10	7.43371e+10	-2.47858e+10	2.19526e+11	7.48324e+10	-1.96713e+10	1.57107e+11	-2.21342e+10	1.36756e+10	-1.3586e+11	3.50661e+11
2.5e-11	5.98351e+10	2.35443e+11	2.55501e+11	-1.39206e+10	2.09898e+10	-9.71223e+10	-4.11528e+10	1.62825e+11	1.67629e+11	-3.0199e+10	1.8199e+11	1.88132e+11	8.381e+09	-3.33707e+11	2.90901e+11
3e-11	3.75703e+10	1.32659e+11	1.32719e+11	4.31035e+10	2.17924e+11	1.78275e+11	-2.53756e+10	1.98919e+11	1.86704e+11	2.139e+09	-1.65355e+11	9.99708e+10	-1.97351e+08	6.12553e+10	2.15204e+11
3.5e-11	2.61841e+10	7.27938e+10	-2.82959e+11	-4.26269e+09	-3.41516e+10	-1.39413e+11	3.48128e+10	-1.6097e+11	-7.97123e+10	-1.48965e+10	2.89075e+10	2.9779e+11	-2.89001e+09	1.5354e+11	3.15393e+10
4e-11	2.69487e+10	1.49115e+11	-3.42734e+10	-6.88768e+09	5.20697e+10	-1.94955e+10	2.02903e+10	-2.90827e+11	-9.38496e+10	1.40316e+10	-2.69588e+11	1.22509e+11	1.12496e+10	1.0669e+11	-1.92419e+11
4.5e-11	2.8189e+10	1.94062e+11	-1.78518e+11	-1.43867e+10	1.39631e+11	2.26652e+10	2.36671e+10	1.19782e+11	3.61061e+11	-4.87208e+09	-1.63935e+11	6.53924e+10	-1.13373e+10	1.8515e+11	-4.60591e+10
5e-11	4.61993e+10	-2.36095e+11	-1.12123e+11	4.04673e+10	-2.44781e+11	-8.74554e+10	1.52669e+08	3.82302e+09	4.93226e+10	2.04661e+10	2.54066e+11	1.19079e+11	2.66453e+09	4.22235e+10	-2.85269e+11
5.5e-11	1.06113e+11	-3.62024e+11	-6.60755e+10	-7.74041e+09	-2.54389e+11	-2.66639e+11	-5.29918e+09	6.63163e+10	-5.20867e+10	-9.79098e+09	-2.35016e+11	-6.00592e+09	9.57581e+09	-8.46982e+10	-9.10031e+10
6e-11	6.22031e+10	-2.70618e+11	2.38601e+11	6.7015e+10	-4.77562e+10	3.13635e+11	-8.32472e+09	-2.54563e+08	-1.92801e+11	5.74473e+10	4.39346e+11	-1.03663e+11	-2.87878e+09	-3.69276e+10	-6.57881e+09
6.5e-11	3.7623e+10	-9.86508e+10	1.18692e+11	5.60925e+10	-4.40938e+10	3.55251e+11	-2.07299e+10	-1.28368e+11	-8.08391e+10	-4.22775e+09	-2.29232e+11	-7.16201e+10	-6.97118e+09	2.55334e+10	1.60852e+09
7e-11	6.05656e+10	-2.74206e+11	3.69392e+11	1.99274e+10	4.10314e+11	-1.28604e+11	1.56908e+10	1.98647e+11	3.35397e+10	6.67327e+10	8.49198e+10	-7.00308e+11	2.73993e+09	2.89492e+11	-7.70127e+08
7.5e-11	8.27869e+10	4.79079e+11	4.62799e+11	-2.52415e+10	-1.49764e+11	-2.02802e+11	2.06235e+10	-2.94772e+10	-3.63669e+11	2.11112e+10	-1.54623e+11	-2.01155e+11	-1.11866e+10	-1.64927e+11	-1.35575e+10
8e-11	3.82426e+10	1.78347e+11	1.12803e+11	2.65238e+10	1.23836e+11	-1.93722e+11	2.89565e+10	-2.29359e+11	2.30627e+10	-1.26653e+10	5.36391e+10	-4.06155e+10	-3.6266e+08	9.36923e+10	-6.09083e+09
8.5e-11	1.21639e+11	3.53821e+11	-1.47931e+11	1.84911e+10	8.31527e+10	-1.41206e+11	5.9731e+09	-7.19199e+10	9.21954e+10	8.75418e+09	-1.38588e+10	1.76162e+11	-1.76378e+09	1.36115e+11	2.44319e+11
9e-11	1.20139e+11	-1.05554e+11	-5.11245e+11	-2.30533e+10	9.92744e+10	2.67892e+10	6.71039e+09	-1.84238e+11	-8.7701e+10	2.57628e+10	1.87948e+11	3.32738e+10	3.6746e+09	1.49772e+10	-1.16114e+11
9.5e-11	-4.51312e+09	1.32316e+10	6.99796e+09	7.62828e+10	-3.61742e+11	-2.72301e+11	-1.69208e+10	1.41891e+11	2.81336e+11	1.53111e+10	1.68821e+09	1.85496e+11	1.42283e+10	-8.68397e+10	-1.70647e+11
1e-10	1.72088e+11	-3.88584e+11	-2.19753e+11	2.66979e+10	-1.01995e+11	1.08108e+11	3.53646e+10	1.27236e+11	1.96388e+11	-1.90597e+10	-8.57094e+10	1.04562e+11	8.5476e+09	-1.3479e+11	-1.37452e+11
1.05e-10	8.37788e+10	-2.73709e+11	1.28004e+11	7.7322e+10	-1.35652e+11	2.96628e+11	1.89809e+09	6.48619e+09	-4.34871e+09	9.71567e+09	2.27254e+10	5.62777e+10	1.92703e+10	1.09168e+11	-2.98549e+11
1.1e-10	1.46581e+11	-3.75302e+11	1.03136e+11	2.03678e+11	-1.60464e+11	6.34563e+11	-8.5279e+09	-4.33883e+10	1.43583e+11	1.91273e+10	-5.76637e+10	-3.55222e+11	-1.69587e+10	7.77278e+10	7.33995e+10
1.15e-10	3.03147e+11	-4.50286e+11	5.91766e+11	1.2515e+11	2.99605e+11	4.24709e+11	3.93049e+10	2.59543e+11	-3.06834e+10	-7.01504e+09	3.18381e+10	-4.53358e+10	9.61622e+07	-1.21217e+11	-8.44784e+10
1.2e-10	9.22384e+10	1.45815e+11	2.23635e+11	8.35715e+10	3.04171e+10	4.03314e+11	5.69437e+10	1.94221e+11	-1.49574e+11	-1.15213e+10	-2.76713e+10	8.00023e+10	9.96846e+09	-8.67921e+10	1.23292e+11
1.25e-10	8.43495e+10	1.95807e+11	1.03175e+11	1.38831e+11	3.84187e+11	-1.10923e+11	5.85572e+10	1.53314e+11	-2.63859e+11	1.43901e+10	-1.44396e+11	-1.02958e+11	-2.34804e+09	-3.77546e+11	3.25513e+11
1.3e-10	1.80554e+11	4.03731e+11	1.93107e+11	5.34132e+10	1.21773e+11	-5.99364e+10	7.5186e+10	-1.22523e+11	-2.7689e+11	3.01129e+10	-1.52154e+11	1.43986e+11	-2.77234e+08	-1.36053e+11	9.27362e+10
1.35e-10	2.42419e+11	4.26953e+11	-2.47205e+11	9.40375e+10	5.50548e+10	-3.3342e+11	1.00052e+11	-5.15491e+11	-1.67923e+10	6.60079e+10	-2.91491e+11	2.64107e+11	8.68373e+09	1.18233e+11	8.6783e+10
1.4e-10	2.64021e+11	3.20866e+11	-3.78043e+11	1.18819e+11	-7.86759e+10	-2.60581e+11	2.72384e+10	-1.55414e+11	2.12876e+11	3.82802e+10	1.4101e+10	2.72707e+11	4.06647e+10	3.83705e+11	-2.06775e+11
1.45e-10	1.17309e+11	1.22169e+11	-2.9176e+11	1.17646e+11	-2.21974e+11	-3.35022e+11	1.39083e+11	-3.26566e+11	2.54901e+11	4.33897e+10	-4.29581e+10	3.90356e+11	2.24187e+10	1.93306e+11	3.87679e+10
1.5e-10	3.09193e+11	-4.01609e+11	-3.98263e+11	8.33014e+10	-2.65849e+11	8.33619e+10	7.72015e+10	2.18347e+09	3.4392e+11	3.45322e+10	1.37706e+11	2.83145e+11	-2.72302e+09	8.48386e+10	2.10129e+11
1.55e-10	2.22167e+11	-3.36168e+11	-3.09834e+11	1.74157e+11	-3.70744e+11	1.28717e+11	6.92837e+10	-1.05132e+10	3.01996e+11	6.48875e+10	4.14532e+11	2.39366e+10	5.54989e+10	-4.77996e+09	-2.61188e+11
1.6e-10	1.89766e+11	-3.87848e+11	4.25887e+09	1.46728e+11	-2.37841e+11	3.45746e+11	8.14572e+10	2.37578e+11	1.07294e+11	4.76519e+10	1.504e+11	-2.25771e+11	2.68254e+10	-1.47578e+11	-1.9726e+11
1.65e-10	2.40278e+11	-2.998e+11	4.52112e+11	1.46222e+11	1.43021e+11	4.59615e+11	1.74392e+11	5.51893e+11	-1.60772e+11	7.19403e+10	1.38323e+11	-3.27962e+11	3.66856e+09	-1.00445e+11	-2.51775e+11
1.7e-10	3.45674e+11	-1.85572e+11	5.81223e+11	1.9153e+11	3.14743e+11	3.64667e+11	5.22214e+10	2.05296e+11	-1.72913e+11	8.88045e+10	-1.4063e+11	-2.61631e+11	1.08118e+10	-7.51681e+10	8.77226e+08
1.75e-10	2.29894e+11	6.62322e+10	3.82285e+11	9.85563e+10	1.7788e+11	4.0943e+11	1.62684e+11	1.88333e+11	-3.6689e+11	4.39318e+09	1.86076e+10	-2.11175e+11	8.85456e+09	-8.96072e+10	9.65637e+10
1.8e-10	3.13549e+11	3.66219e+11	3.46301e+11	1.15937e+11	2.76912e+11	3.70682e+10	7.6262e+10	-5.64064e+10	-2.53871e+11	1.00252e+11	-3.94795e+11	1.96836e+11	6.96514e+10	2.66892e+11	2.6886e+11
1.85e-10	4.25357e+11	7.4629e+11	8.43589e+10	1.63276e+11	3.03493e+11	-2.29377e+11	9.37495e+10	-1.37404e+11	-2.59597e+11	5.5742e+10	-3.53925e+11	4.31336e+10	2.63839e+10	5.65627e+10	9.22348e+10
1.9e-10	4.34444e+11	4.32919e+11	-2.84846e+11	3.39378e+11	-1.94571e+11	-7.13201e+11	1.20282e+11	-3.33141e+11	1.66865e+11	8.63731e+10	-4.46049e+10	5.11307e+11	2.86601e+10	1.95082e+11	-1.2718e+11
1.95e-10	4.27226e+11	1.37104e+11	-6.3327e+11	2.86391e+11	-2.05272e+11	-6.19029e+11	9.75621e+10	-2.97102e+11	1.11174e+11	1.41321e+10	-1.43165e+10	1.4626e+11	6.33645e+10	2.6656e+11	-1.29481e+11
2e-10	3.32531e+11	5.68505e+10	-4.95446e+11	1.88317e+11	-2.37461e+11	-2.87214e+11	1.28068e+11	-1.50327e+11	2.65786e+11	9.55767e+09	-7.49753e+09	1.59221e+11	3.34258e+10	-5.62297e+10	-2.28077e+11
2.05e-10	4.87621e+11	-3.7542e+11	-4.39643e+11	3.06383e+11	-5.64465e+11	-2.67062e+10	3.2403e+11	-6.37389e+10	6.70732e+11	2.85002e+10	7.48021e+10	-2.06186e+10	-1.55841e+10	-1.23505e+11	6.64723e+10
2.1e-10	7.06854e+11	-7.64965e+11	-2.08968e+11	3.67686e+11	-6.16923e+11	1.94103e+11	2.0331e+11	2.39767e+11	3.61747e+11	1.12635e+11	2.26995e+11	-4.48637e+11	2.58391e+10	-4.86427e+10	-1.30788e+11
2.15e-10	6.56515e+11	-7.19531e+11	3.38679e+10	2.24199e+11	-9.87945e+10	3.69126e+11	2.05994e+11	4.5701e+11	2.1999e+11	9.35696e+10	1.95489e+10	-3.16039e+11	2.36528e+10	-9.85198e+10	-4.86548e+10
2.2e-10	8.08695e+11	-6.22619e+11	5.52245e+11	3.3374e+11	2.50972e+11	4.51537e+11	1.21366e+11	2.42253e+11	-1.29018e+11	1.29953e+11	-1.86574e+11	-3.21885e+11	-2.40101e+09	-4.87282e+10	9.39479e+10
2.25e-10	4.6434e+11	-2.77187e+11	4.64008e+11	3.22592e+11	1.89237e+11	4.63519e+11	3.31902e+11	3.67397e+11	-5.28082e+11	1.5266e+11	-3.97938e+11	-2.53035e+11	4.92848e+10	-2.82044e+11	1.34026e+11
2.3e-10	3.51693e+11	5.37889e+10	3.00939e+11	3.79515e+11	4.8364e+11	2.14497e+11	2.32588e+11	-9.95943e+10	-6.77728e+11	1.43282e+11	-3.75733e+11	2.02714e+10	5.96428e+10	-1.49019e+11	2.67567e+11
2.35e-10	5.31211e+11	2.21669e+11	5.21218e+11	3.4247e+11	5.00018e+11	5.82728e+10	1.91673e+11	-1.29568e+11	-3.64752e+11	2.49832e+11	-4.87634e+11	3.00117e+11	1.26738e+09	2.15994e+10	1.03558e+10
2.4e-10	6.53037e+11	6.68501e+11	-5.3526e+10	2.9821e+11	4.45385e+11	-1.75962e+11	1.48795e+11	3.05562e+09	-4.51256e+11	2.41948e+11	-4.39937e+11	3.17026e+11	9.30968e+10	3.96775e+11	8.0209e+10
2.45e-10	6.74772e+11	5.57565e+11	-1.84841e+11	3.57853e+11	2.12597e+11	-3.54754e+11	1.86434e+11	-4.32563e+11	-3.03879e+10	1.97495e+11	-1.80398e+11	4.26162e+11	9.49505e+10	3.12897e+11	-9.12926e+10
2.5e-10	4.28908e+11	3.09364e+11	-2.1592e+11	7.1884e+11	-6.8013e+10	-8.78259e+11	2.95523e+11	-5.43808e+11	1.47632e+11	2.06848e+11	4.58568e+10	5.42099e+11	4.34291e+10	1.39364e+11	-1.11528e+11
2.55e-10	6.33173e+11	2.76913e+11	-5.8289e+11	5.37821e+11	-4.50194e+11	-5.82726e+11	2.61156e+11	-2.2477e+11	5.8528e+11	2.11475e+11	2.14881e+11	3.88891e+11	5.83373e+10	2.99065e+11	-1.30156e+11
2.6e-10	7.22591e+11	-1.20647e+11	-5.73516e+11	3.62996e+11	-3.63636e+11	-3.43403e+11	2.16347e+11	-1.14531e+10	4.05435e+11	3.05347e+11	4.91916e+11	4.37403e+11	5.08665e+09	-7.5001e+10	-1.7429e+10
2.65e-10	5.99085e+11	-3.55165e+11	-4.14897e+11	3.88657e+11	-4.53776e+11	3.23314e+11	2.85725e+11	1.68103e+11	6.01818e+11	2.36245e+11	5.87502e+11	-1.44623e+11	9.54669e+10	-1.88979e+11	-2.13793e+11
2.7e-10	4.32035e+11	-4.06926e+11	-5.17958e+10	4.69776e+11	-6.6024e+11	2.49569e+11	3.45119e+11	2.78894e+11	3.65779e+11	1.50038e+11	3.1705e+11	-1.78129e+11	7.35385e+10	-2.24656e+11	-1.69818e+11
2.75e-10	5.25491e+11	-4.61556e+11	-1.49465e+11	2.90482e+11	-1.27973e+11	4.56376e+11	2.6972e+11	5.28665e+11	2.05252e+11	2.97117e+11	6.42408e+11	-3.99882e+11	9.55274e+10	-4.03448e+11	-1.29795e+11
2.8e-10	6.48073e+11	-4.55161e+11	4.16119e+11	3.93102e+11	1.26413e+11	5.22054e+11	1.34292e+11	2.7443e+11	2.59461e+11	1.14749e+11	-1.19097e+11	-2.2691e+11	6.94588e+10	-2.55115e+11	9.91447e+10
2.85e-10	5.95054e+11	-1.21937e+11	4.95008e+11	2.27218e+11	-2.5029e+10	3.69864e+11	2.14482e+11	3.87176e+11	-1.66994e+11	2.26346e+11	-2.21992e+11	-5.37587e+11	1.6137e+11	-3.42841e+11	3.86508e+11
2.9e-10	6.03724e+11	2.54565e+10	5.40835e+11	2.96632e+11	4.50652e+11	1.11635e+11	1.45207e+11	1.60899e+11	-2.33478e+11	2.0835e+11	-3.63993e+11	-3.50853e+11	7.9296e+10	-9.68341e+09	2.58064e+11
2.95e-10	7.20477e+11	3.62818e+11	4.54366e+11	5.21785e+11	6.68437e+11	-2.34682e+11	1.66744e+11	-8.01262e+10	-3.0933e+11	1.50769e+11	-3.62736e+11	-1.79817e+10	1.38379e+11	-1.04675e+11	4.78549e+11
3e-10	7.48917e+11	5.04419e+11	4.24322e+11	3.28354e+11	4.49326e+11	-7.29253e+10	2.8336e+11	-4.36583e+11	-3.56754e+11	1.4557e+11	-3.67345e+11	2.50714e+11	8.4291e+10	2.71998e+11	9.81872e+10
3.05e-10	6.44856e+11	5.24206e+11	4.29982e+08	4.46412e+11	2.95871e+11	-4.92367e+11	3.45988e+11	-5.34509e+11	-1.34651e+11	2.03684e+11	-4.88005e+11	2.49933e+11	8.03148e+10	2.86386e+11	8.96592e+10
3.1e-10	5.87398e+11	5.45116e+11	-1.78065e+11	2.80403e+11	-1.7234e+11	-4.6493e+11	3.6525e+11	-6.59734e+11	-1.09846e+11	2.12035e+11	-1.38938e+11	4.086e+11	1.06753e+11	5.05607e+11	-1.17486e+09
3.15e-10	5.52064e+11	8.68163e+10	-5.3046e+11	3.65266e+11	-2.77291e+11	-4.62967e+11	3.66354e+11	-4.60005e+11	2.88133e+11	1.7389e+11	6.12018e+10	3.10391e+11	9.84584e+10	2.7807e+11	-1.96724e+11
3.2e-10	6.86146e+11	5.78986e+10	-5.75704e+11	5.48702e+11	-5.54999e+11	-5.42018e+11	1.88384e+11	-1.48586e+11	2.68042e+11	2.5344e+11	4.63174e+11	3.56254e+11	8.64748e+10	7.0191e+10	-2.48723e+11
3.25e-10	6.09161e+11	-4.89219e+11	-5.10729e+11	4.78913e+11	-5.04192e+11	-3.33399e+11	3.37295e+11	-1.1275e+11	6.00481e+11	3.06803e+11	5.82263e+11	1.62154e+11	6.19933e+10	-2.04652e+10	-2.49092e+11
3.3e-10	6.47111e+11	-5.53351e+11	-1.83195e+11	3.18321e+11	-4.19507e+11	2.2197e+11	3.02214e+11	3.60179e+11	3.95302e+11	2.61719e+11	4.74585e+11	-4.02657e+11	9.79585e+10	-2.61757e+11	-2.61347e+11
3.35e-10	6.71992e+11	-5.06052e+11	-2.2739e+11	4.84182e+11	-4.23053e+11	4.79036e+11	2.58082e+11	3.28653e+11	2.52499e+11	2.2464e+11	2.54188e+11	-3.12965e+11	1.14957e+11	-4.30777e+11	1.79763e+11
3.4e-10	8.7025e+11	-6.6613e+11	1.98971e+11	3.98617e+11	-4.67343e+11	4.59879e+11	3.42928e+11	5.44667e+11	2.41742e+11	1.75191e+11	1.48002e+11	-3.00677e+11	8.9444e+10	-4.01955e+11	-1.69977e+11
3.45e-10	6.20988e+11	-3.92752e+11	2.97186e+11	4.46838e+11	-7.57582e+10	6.57496e+11	2.48243e+11	3.78049e+11	-4.12125e+11	2.62978e+11	-3.41289e+11	-5.50168e+11	1.2698e+11	-3.99164e+11	2.76646e+11
3.5e-10	6.61532e+11	-2.71544e+10	6.30171e+11	4.48317e+11	5.57683e+11	3.06415e+11	3.82923e+11	5.30481e+11	-5.08798e+11	2.46947e+11	-3.56618e+11	-3.35649e+11	9.72109e+10	-1.51451e+11	3.27727e+11
3.55e-10	6.14595e+11	9.55212e+10	5.37995e+11	3.73839e+11	3.91885e+11	2.43404e+11	3.66113e+11	3.99031e+10	-7.07706e+11	2.20891e+11	-4.41851e+11	-1.72944e+11	1.54058e+11	3.78462e+10	4.7897e+11
3.6e-10	5.59966e+11	3.98695e+11	3.2211e+11	5.62889e+11	9.22521e+11	1.54883e+11	2.13619e+11	-2.69154e+11	-2.63563e+11	2.30215e+11	-4.69262e+11	1.43271e+11	1.11327e+11	-8.59311e+10	4.3797e+11
3.65e-10	5.53743e+11	5.02461e+11	2.22514e+11	4.9782e+11	4.27081e+11	-4.48381e+11	3.75113e+11	-5.23233e+11	-4.62284e+11	2.07302e+11	-3.37738e+11	2.37221e+11	8.48476e+10	3.11865e+11	1.1311e+11
3.7e-10	6.22637e+11	6.09435e+11	-6.24251e+10	2.45867e+11	1.21499e+11	-3.50888e+11	1.99014e+11	-3.19833e+11	-3.83767e+10	2.99086e+11	-2.78043e+11	4.64763e+11	3.24395e+10	1.3683e+11	1.3738e+11
3.75e-10	3.97882e+11	1.92568e+11	-4.34009e+11	4.09206e+11	1.14559e+11	-5.35942e+11	2.67097e+11	-5.15639e+11	1.92404e+11	3.44929e+11	-2.16876e+10	6.61667e+11	1.2258e+11	2.4033e+11	-2.62755e+11
3.8e-10	5.12342e+11	2.71427e+11	-5.4795e+11	3.13854e+11	3.88009e+08	-5.13089e+11	2.79554e+11	-4.81744e+11	2.76874e+11	2.65084e+11	1.88515e+11	4.50176e+11	1.09146e+11	2.52033e+11	-3.20427e+11
3.85e-10	6.01404e+11	1.29972e+11	-5.94456e+11	4.80923e+11	-5.81577e+11	-3.00309e+11	1.69696e+11	-9.83015e+09	4.35015e+11	2.43602e+11	3.20448e+11	4.46609e+11	9.05161e+10	3.91858e+10	-2.8231e+11
3.9e-10	4.65645e+11	-2.22585e+11	-4.2235e+11	3.8301e+11	-5.31681e+11	-1.93615e+11	1.40429e+11	-2.17309e+11	3.61753e+11	2.99451e+11	7.43555e+11	-1.579e+11	1.08267e+11	-1.70638e+11	-3.8746e+11
3.95e-10	7.63968e+11	-7.163e+11	-2.94551e+11	3.09313e+11	-3.51397e+11	3.17382e+11	3.64542e+11	2.75505e+11	5.76778e+11	1.68299e+11	4.05138e+11	-1.92771e+11	4.71056e+10	-3.06906e+11	-9.22632e+10
4e-10	8.29541e+11	-6.38982e+11	-8.68357e+10	3.85096e+11	-4.42106e+11	3.7127e+11	2.20969e+11	3.44925e+11	2.43063e+11	2.18979e+11	2.40291e+11	-4.27949e+11	4.24824e+10	-1.72394e+11	-5.36091e+10
4.05e-10	5.90419e+11	-2.68937e+11	4.95407e+11	3.42074e+11	-1.07241e+09	4.12112e+11	1.61576e+11	3.19094e+11	-2.3382e+09	1.01819e+11	-1.51246e+09	-2.15615e+11	2.61326e+10	-9.01972e+10	-1.67369e+10
4.1e-10	6.68292e+11	-3.06278e+11	5.65413e+11	3.50592e+11	1.18081e+11	4.35963e+11	2.14313e+11	3.92533e+11	-9.23847e+10	1.25119e+11	-1.73512e+11	-3.33261e+11	4.77357e+10	-2.11543e+11	1.51423e+11
4.15e-10	6.81827e+11	9.10924e+09	6.10288e+11	3.43706e+11	3.89805e+11	2.8222e+11	5.08673e+11	2.92003e+11	-8.3625e+11	2.01916e+11	-2.96313e+11	-3.74435e+11	6.36621e+10	-1.38129e+11	2.24795e+11
4.2e-10	6.69999e+11	4.5991e+10	5.76086e+11	3.99668e+11	5.12787e+11	3.58559e+10	4.88662e+11	-3.34357e+10	-7.0967e+11	4.81244e+10	-6.17659e+10	-1.90379e+11	5.22624e+10	2.83629e+11	5.9913e+10
4.25e-10	5.30982e+11	2.98518e+11	3.80002e+11	4.45356e+11	6.11069e+11	-3.73644e+10	1.84181e+11	-1.53477e+11	-3.49636e+11	2.20112e+11	-4.24238e+11	3.17532e+11	3.57818e+10	-3.57423e+10	3.10985e+11
4.3e-10	6.75097e+11	6.32325e+11	8.6784e+10	4.13636e+11	2.6134e+11	-5.21672e+11	3.95613e+11	-5.78512e+11	-3.27159e+11	2.15208e+11	-4.6652e+11	2.7051e+11	5.83542e+10	2.06729e+11	-1.11767e+11
4.35e-10	7.73765e+11	4.96413e+11	-4.21276e+11	2.06056e+11	2.81718e+11	-2.40901e+11	3.399e+11	-7.14677e+11	2.26624e+11	1.45836e+11	2.34086e+10	3.2335e+11	1.12084e+11	3.40265e+11	-2.21506e+11
4.4e-10	6.71323e+11	3.91722e+11	-5.15358e+11	4.84835e+11	-1.61964e+11	-5.88072e+11	2.81607e+11	-4.26552e+11	4.35085e+11	3.64869e+11	3.44954e+11	6.11379e+11	1.1502e+11	2.07331e+11	-3.80343e+11
4.45e-10	6.7529e+11	1.8081e+11	-6.11481e+11	3.38389e+11	-3.03646e+11	-4.05702e+11	2.19229e+11	-2.37757e+11	2.80372e+11	1.70635e+11	1.31506e+11	4.94565e+11	1.11859e+11	4.55767e+10	-3.29611e+11
4.5e-10	7.09073e+11	-1.13935e+11	-7.5363e+11	4.03627e+11	-4.65158e+11	-2.03878e+11	2.91043e+11	-1.532e+11	5.10819e+11	1.95609e+11	5.51964e+11	1.2495e+11	5.83526e+10	2.85018e+10	-2.24747e+11
4.55e-10	6.0006e+11	-3.53291e+11	-3.53357e+11	5.03367e+11	-6.13336e+11	-7.1145e+10	2.42201e+11	3.23838e+11	3.14816e+11	2.77979e+11	4.82742e+11	-3.22203e+11	1.55384e+11	-1.15779e+11	-6.66884e+11
4.6e-10	5.4136e+11	-4.55837e+11	-1.27442e+11	5.52515e+11	-4.22821e+11	5.60634e+11	3.83261e+11	5.46945e+11	4.09355e+11	2.10568e+11	3.48403e+11	-3.08263e+11	8.66311e+10	-3.43362e+11	-9.48453e+10
4.65e-10	5.09101e+11	-4.46742e+11	7.17302e+10	2.95835e+11	-4.62976e+11	2.63343e+11	4.04803e+11	6.50889e+11	2.08733e+11	1.72471e+11	-1.05588e+11	-3.95165e+11	6.83754e+10	-3.33683e+11	1.72742e+11
4.7e-10	8.12248e+11	-4.85313e+11	6.66187e+11	5.1727e+11	6.95875e+10	6.59594e+11	1.24762e+11	1.21893e+11	-4.13405e+11	2.09886e+11	1.74805e+11	-4.74875e+11	1.25355e+11	-4.91757e+11	2.7011e+11
4.75e-10	7.40198e+11	-1.81971e+11	5.45839e+11	4.56759e+11	3.03196e+11	4.86877e+11	1.10379e+11	1.89896e+11	-1.10213e+11	2.94585e+11	-4.69404e+11	-4.55065e+11	1.17388e+11	-7.31089e+10	4.26385e+11
4.8e-10	6.4609e+11	3.58799e+11	4.75028e+11	5.99553e+11	6.71174e+11	3.0455e+11	1.79179e+11	-3.12454e+10	-3.1753e+11	1.74581e+11	-4.14302e+11	-7.34566e+10	1.07838e+11	1.86317e+11	4.8619e+11
4.85e-10	7.19488e+11	5.42705e+11	3.83803e+11	5.35578e+11	7.09325e+11	5.00499e+10	4.83754e+11	-3.07014e+11	-8.01978e+11	2.1523e+11	-3.70163e+11	1.93386e+11	1.48285e+11	2.17497e+11	5.78515e+11
4.9e-10	6.21688e+11	4.58727e+11	2.63586e+11	5.99435e+11	5.56814e+11	-6.00507e+11	3.51568e+11	-6.35874e+11	-4.12489e+11	3.65833e+11	-7.20281e+11	1.33137e+11	2.70315e+10	8.01426e+10	1.3723e+11
4.95e-10	6.68311e+11	5.55175e+11	-1.52226e+10	5.7426e+11	3.82813e+11	-5.52571e+11	1.94059e+11	-3.95172e+11	6.52206e+10	1.98159e+11	-1.62904e+11	3.36309e+11	7.77706e+10	3.02353e+11	2.43508e+11
5e-10	8.6079e+11	6.60994e+11	-4.12003e+11	4.74749e+11	-2.62481e+10	-6.37873e+11	2.66733e+11	-4.51957e+11	6.98581e+10	1.99847e+11	2.17149e+10	4.68793e+11	9.49508e+10	4.58709e+11	-4.76242e+10
5.05e-10	6.92728e+11	-5.14565e+10	-5.68824e+11	3.30914e+11	-5.2826e+11	-2.3682e+11	2.73231e+11	-4.67419e+11	2.31947e+11	2.11207e+11	2.18626e+11	3.48856e+11	6.96289e+10	1.82018e+11	-1.81186e+11
5.1e-10	6.29309e+11	1.18337e+11	-4.75926e+11	4.20918e+11	-3.75686e+11	-4.27831e+11	2.73442e+11	-3.41826e+11	3.93961e+11	2.94538e+11	3.58986e+11	3.74538e+11	1.0709e+11	-7.60276e+10	-3.07599e+11
5.15e-10	7.01077e+11	-3.59276e+11	-3.91488e+11	5.96438e+11	-7.00672e+11	1.82056e+10	2.78349e+11	-6.91407e+10	5.57657e+11	5.93942e+10	1.75085e+11	1.16729e+11	8.64758e+10	-1.20728e+11	-3.19775e+11
5.2e-10	7.7112e+11	-5.39473e+11	-4.81935e+11	5.18772e+11	-6.07423e+11	5.87306e+10	3.13804e+11	1.82484e+11	4.92086e+11	2.23968e+11	4.96253e+11	-1.12091e+11	7.77927e+10	-3.46998e+11	-2.31741e+11
5.25e-10	4.25375e+11	-3.62281e+11	-1.51655e+11	5.48419e+11	-2.86989e+11	6.56443e+11	2.25399e+11	4.14019e+11	5.02525e+10	2.29041e+11	2.27544e+11	-5.4541e+11	6.82225e+10	-3.98102e+11	9.82593e+10
5.3e-10	7.0264e+11	-4.18303e+11	1.75669e+11	5.33381e+11	-3.88339e+11	6.18139e+11	2.53728e+11	5.26084e+11	-1.97349e+09	3.21062e+11	3.73366e+10	-6.60056e+11	1.18777e+11	-3.6064e+11	7.45627e+10
5.35e-10	6.92606e+11	-2.46317e+11	4.40534e+11	6.86372e+11	5.09568e+11	6.31412e+11	4.0818e+11	5.253e+11	-3.83412e+11	1.78938e+11	-2.91022e+11	-3.00348e+11	3.89149e+10	-2.38461e+11	-6.06981e+10
5.4e-10	6.24909e+11	-2.12499e+11	4.58534e+11	5.55386e+11	3.62252e+11	6.2025e+11	3.9891e+11	5.0613e+11	-4.50672e+11	9.93418e+10	-1.33183e+11	-2.00197e+11	1.40763e+11	-5.30439e+10	3.54742e+11
5.45e-10	7.90599e+11	4.47056e+11	4.93819e+11	4.84199e+11	4.2947e+11	4.90714e+11	2.30611e+11	6.61828e+10	-3.70476e+11	3.0204e+11	-6.08185e+11	-1.5196e+11	1.15128e+11	1.1842e+11	4.14424e+11
5.5e-10	6.44345e+11	4.48739e+11	2.31542e+11	4.94218e+11	5.53492e+11	-3.89132e+10	2.95758e+11	-1.06736e+11	-5.54964e+11	1.75994e+11	-3.88329e+11	1.07172e+11	5.03748e+10	8.64464e+10	1.8458e+11
5.55e-10	9.29636e+11	6.47054e+11	3.93185e+10	4.63451e+11	4.80525e+11	-2.94447e+11	3.05366e+11	-2.66227e+11	-4.34535e+11	2.52189e+11	-2.95026e+11	3.19205e+11	1.05932e+11	3.0621e+11	8.7749e+10
5.6e-10	6.46109e+11	3.76723e+11	-2.29276e+11	4.51149e+11	1.52274e+11	-4.56304e+11	2.00062e+11	-3.29806e+11	1.29578e+11	1.71502e+11	-5.83215e+10	2.93194e+11	-9.28334e+07	-1.69706e+10	-4.8494e+10
5.65e-10	7.83089e+11	4.30258e+11	-3.99132e+11	4.86767e+11	-2.01522e+11	-5.3011e+11	3.04935e+11	-4.16171e+11	3.51028e+11	1.82957e+11	-1.34164e+11	3.40968e+11	1.46618e+11	5.77315e+11	-2.13972e+10
5.7e-10	7.70725e+11	3.50026e+11	-4.65436e+11	5.16479e+11	-1.94317e+11	-5.88247e+11	2.94245e+11	-3.07162e+11	3.29726e+11	3.24657e+11	4.79547e+11	5.16654e+11	9.19719e+10	3.03485e+10	-3.46628e+11
5.75e-10	6.92416e+11	-1.49816e+11	-4.94757e+11	4.82447e+11	-3.49884e+11	-4.7229e+11	2.47517e+11	-1.72525e+10	4.1607e+11	3.01423e+11	4.35129e+11	3.62879e+11	9.76783e+10	-1.13683e+11	-3.38285e+11
5.8e-10	6.84949e+11	-5.54283e+11	-2.52694e+11	4.91145e+11	-5.76625e+11	-7.09245e+10	2.65158e+11	1.19653e+11	4.49117e+11	2.468e+11	4.95147e+11	-1.45265e+10	9.65605e+10	-1.85549e+11	-2.71149e+11
5.85e-10	1.00723e+12	-7.19679e+11	-2.87694e+11	3.87256e+11	-4.92603e+11	1.13788e+11	2.94358e+11	2.77505e+11	4.22066e+11	3.24501e+11	4.37727e+11	-2.90324e+11	5.66832e+10	-1.44291e+11	-2.25669e+11
5.9e-10	7.49976e+11	-5.22681e+11	8.60713e+10	3.92102e+11	-2.7682e+11	3.98903e+11	3.38595e+11	6.59561e+11	7.34173e+10	1.53048e+11	2.36904e+11	-2.42291e+11	1.0312e+11	-3.84654e+11	-1.10913e+10
5.95e-10	7.04353e+11	-4.672e+11	3.13625e+11	2.30119e+11	-2.84556e+11	2.3563e+11	2.64183e+11	4.59917e+11	-1.04862e+11	1.41192e+11	-1.59924e+11	-2.69296e+11	1.31522e+11	-4.19208e+11	3.30707e+11
6e-10	6.70131e+11	-5.11485e+11	3.75892e+11	3.16905e+11	9.65073e+10	4.02406e+11	2.47683e+11	4.10177e+11	-2.90191e+11	3.04261e+11	-1.85501e+11	-5.86384e+11	1.51203e+11	-2.56071e+11	4.07787e+11
6.05e-10	7.20088e+11	-1.083e+10	5.75936e+11	4.14217e+11	2.11592e+11	5.03904e+11	3.22604e+11	3.69556e+11	-5.16817e+11	3.84608e+11	-5.41855e+11	-4.59956e+11	1.16576e+11	-3.18802e+10	4.38564e+11
6.1e-10	6.71398e+11	2.81343e+11	4.30453e+11	5.66334e+11	6.40424e+11	3.99614e+11	4.20393e+11	6.60927e+10	-7.76791e+11	3.66442e+11	-6.70775e+11	-2.92256e+11	7.96293e+10	3.04922e+10	3.27443e+11
6.15e-10	5.72258e+11	3.7443e+11	3.30595e+11	3.83616e+11	5.31275e+11	1.06804e+11	3.22174e+11	-2.67908e+11	-5.33192e+11	4.4636e+11	-7.73448e+11	1.48102e+11	3.00646e+10	3.15952e+11	-8.25176e+09
6.2e-10	8.71692e+11	5.28438e+11	4.73678e+11	3.15271e+11	4.64627e+11	5.80998e+10	2.79117e+11	-4.78935e+11	-3.62363e+11	2.24339e+11	-3.00107e+11	2.32041e+11	-2.47563e+10	2.8796e+10	-8.31256e+10
6.25e-10	7.50965e+11	5.75129e+11	1.76242e+10	5.27961e+11	3.90282e+11	-4.32734e+11	2.31505e+11	-5.05478e+11	-8.5584e+10	3.82665e+11	1.67516e+11	9.16839e+11	8.88165e+10	3.43754e+11	-1.98558e+10
6.3e-10	6.11158e+11	4.38057e+11	-3.68177e+11	6.06143e+11	-7.53582e+10	-6.91836e+11	2.19594e+11	-5.23678e+11	-1.98247e+11	1.70729e+11	9.59471e+10	3.41722e+11	8.20535e+10	2.70171e+11	-6.26602e+10
6.35e-10	7.37514e+11	2.51783e+11	-5.77312e+11	2.59773e+11	1.89143e+10	-3.62922e+11	2.62659e+11	-5.44123e+11	1.69684e+11	2.98573e+11	4.36358e+11	5.31048e+11	5.12565e+10	-8.00852e+10	-2.87081e+11
6.4e-10	8.89592e+11	-1.56974e+11	-6.49647e+11	4.9286e+11	-4.94297e+11	-3.92891e+11	2.45523e+11	-1.85599e+11	5.02184e+11	2.2795e+11	3.79526e+11	2.85852e+11	1.40323e+11	1.95835e+11	-4.24101e+11
6.45e-10	7.51071e+11	-3.55827e+11	-5.43281e+11	3.15485e+11	-3.66667e+11	2.53315e+10	1.40003e+11	2.97108e+10	3.04642e+11	2.6305e+11	5.43025e+11	-1.03799e+11	4.50397e+10	-5.69337e+10	-1.6423e+11
6.5e-10	6.24304e+11	-3.87612e+11	-3.23711e+11	2.83274e+11	-4.34224e+11	-5.66928e+10	2.71555e+11	4.40666e+11	4.0208e+11	1.87596e+11	2.21033e+11	-3.51989e+11	4.56401e+10	-1.36591e+11	-1.85289e+11
6.55e-10	7.96495e+11	-5.04981e+11	1.53336e+11	5.66084e+11	-5.2216e+11	4.57603e+11	2.60811e+11	4.02668e+11	2.22359e+11	5.16526e+10	9.06752e+09	-9.14115e+10	7.64639e+10	-3.48199e+11	9.0827e+10
6.6e-10	8.22206e+11	-5.5148e+11	3.41782e+11	5.672e+11	2.99525e+10	5.13805e+11	2.25044e+11	3.88515e+11	1.08809e+10	2.00972e+11	-2.74271e+11	-4.745e+11	8.05164e+10	-1.73428e+11	2.11979e+11
6.65e-10	9.45832e+11	-4.33705e+11	5.06883e+11	6.02999e+11	1.57426e+11	6.36646e+11	3.29552e+11	6.48499e+11	-1.49101e+11	2.93109e+11	-2.24898e+11	-6.62066e+11	1.09333e+11	-3.53944e+11	1.9596e+11
6.7e-10	7.25977e+11	3.97338e+10	4.76761e+11	6.19954e+11	6.62199e+11	3.17397e+11	3.00104e+11	1.48663e+11	-4.327e+11	2.39657e+11	-2.48623e+11	-4.65418e+11	1.37338e+11	-4.32522e+11	3.64097e+11
6.75e-10	6.13777e+11	3.47079e+11	3.6485e+11	5.71968e+11	6.18286e+11	3.42795e+11	1.468e+11	9.76632e+10	-2.47189e+11	2.86811e+11	-5.93904e+11	5.18419e+10	7.28962e+10	1.60971e+11	2.64417e+11
6.8e-10	7.56715e+11	5.48173e+11	2.68187e+11	5.03619e+11	4.93172e+11	-1.21511e+11	3.41542e+11	-1.15505e+11	-6.00971e+11	2.70917e+11	-3.79088e+11	5.33147e+11	1.25699e+11	2.84879e+11	2.39972e+11
6.85e-10	6.42312e+11	5.07955e+11	-2.70262e+09	3.56781e+11	3.7529e+11	-2.39589e+11	2.63977e+11	-2.4202e+11	-4.54682e+11	2.63199e+11	-1.39448e+11	4.43202e+11	1.08359e+10	2.32358e+10	1.19244e+11
6.9e-10	8.99379e+11	5.82615e+11	-2.78553e+11	4.66372e+11	1.16719e+11	-6.4284e+11	1.57582e+11	-2.88466e+11	-2.27727e+10	2.36035e+11	1.5347e+10	4.46313e+11	2.48264e+11	6.84243e+11	-1.36484e+10
6.95e-10	6.0781e+11	2.19492e+11	-4.96553e+11	5.07992e+11	-1.69771e+11	-5.35807e+11	2.88827e+11	-2.89945e+11	4.9614e+11	2.42352e+11	2.38725e+11	4.49816e+11	1.34925e+11	3.44048e+11	-2.47119e+11
7e-10	6.11727e+11	1.2267e+11	-4.99331e+11	5.43747e+11	-3.0932e+11	-6.82199e+11	9.32926e+10	-4.00987e+11	-1.0633e+11	2.52392e+11	1.97547e+11	4.75272e+11	2.20237e+11	2.84994e+11	-5.39661e+11
7.05e-10	6.65674e+11	-1.34584e+11	-5.0862e+11	4.41783e+11	-5.51566e+11	-1.93725e+11	2.30267e+11	4.83054e+10	4.18319e+11	2.81092e+11	5.88049e+11	1.1689e+10	1.18378e+11	3.93527e+10	-4.46755e+11
7.1e-10	6.85904e+11	-5.20381e+11	-2.85344e+11	3.71089e+11	-4.37285e+11	-6.48609e+10	2.82865e+11	2.29232e+11	4.67212e+11	2.26391e+11	4.65678e+11	-9.13766e+10	6.21209e+10	-5.39864e+10	-2.15768e+11
7.15e-10	7.7702e+11	-6.21656e+11	-2.00376e+10	2.5773e+11	-3.20715e+11	4.25282e+10	2.79366e+11	5.67464e+11	1.77421e+11	2.53998e+11	2.74839e+11	-3.90019e+11	8.2528e+10	-2.82006e+11	-4.97189e+10
7.2e-10	8.24828e+11	-5.49994e+11	4.04813e+11	5.93582e+11	-5.21085e+11	6.24867e+11	2.02117e+11	4.2676e+11	1.55382e+11	2.42472e+11	2.04958e+11	-4.55274e+11	-6.73392e+09	-2.53447e+10	-9.2642e+10
7.25e-10	8.29425e+11	-3.5532e+11	6.11421e+11	4.92431e+11	1.26836e+11	5.28032e+11	2.40539e+11	4.59465e+11	-5.40314e+10	1.09115e+11	-1.81401e+11	-1.9364e+11	1.67019e+11	-4.34475e+11	4.12891e+11
7.3e-10	7.41135e+11	-1.56232e+11	5.78981e+11	5.30176e+11	3.51303e+11	4.73403e+11	2.52304e+11	1.76721e+11	-4.1808e+11	2.61477e+11	-4.21032e+11	-3.60706e+11	1.09808e+11	-1.81967e+11	3.08315e+11
7.35e-10	7.54503e+11	1.29984e+11	5.47025e+11	5.88124e+11	5.7503e+11	3.58516e+11	1.79337e+11	2.68085e+11	-2.72591e+11	2.36952e+11	-5.42029e+11	-1.3804e+11	9.6892e+10	8.18411e+10	4.10572e+11
7.4e-10	6.20837e+11	3.61144e+11	3.75908e+11	3.53361e+11	4.18259e+11	2.55862e+11	2.96274e+11	-3.67178e+11	-4.44105e+11	2.03272e+11	-5.11585e+11	3.63422e+10	1.90668e+10	1.35404e+11	-6.30116e+10
7.45e-10	6.90811e+11	5.45216e+11	8.04236e+10	4.18634e+11	4.13453e+11	-3.10211e+11	1.89248e+11	-8.74393e+09	-5.27022e+11	1.93632e+11	-4.40448e+11	3.94368e+10	9.90074e+10	3.19864e+11	8.47188e+10
7.5e-10	6.75742e+11	4.83689e+11	-1.38602e+11	3.83178e+11	2.55342e+11	-3.52704e+11	3.28104e+11	-5.2774e+11	-1.90816e+11	3.32055e+11	-4.07019e+11	4.06983e+11	9.8998e+10	3.30759e+11	-7.93125e+10
7.55e-10	7.86924e+11	4.65346e+11	-3.34334e+11	4.29422e+11	1.72175e+10	-6.00004e+11	3.09422e+11	-6.87478e+11	-2.0984e+11	2.46912e+11	-1.24394e+11	5.10706e+11	9.36597e+10	1.75391e+11	-2.4269e+11
7.6e-10	7.83331e+11	3.50291e+11	-5.37689e+11	3.87799e+11	-2.52601e+11	-3.96586e+11	2.72828e+11	-2.62427e+11	4.66178e+11	3.33674e+11	3.70272e+11	6.58375e+11	7.21714e+10	4.50306e+10	-3.10936e+11
7.65e-10	7.84025e+11	-1.14939e+10	-6.4061e+11	4.90766e+11	-6.44468e+11	-2.47203e+11	2.35591e+11	-1.62279e+11	3.7845e+11	3.52821e+11	4.79961e+11	4.84788e+11	1.15757e+11	-8.24035e+10	-5.55749e+11
7.7e-10	6.47467e+11	-2.12441e+11	-4.65163e+11	4.59305e+11	-6.41413e+11	-4.47883e+09	3.29923e+11	-1.08767e+11	5.70572e+11	2.86275e+11	5.5197e+11	2.01906e+11	5.49864e+10	-6.48186e+10	-2.04961e+11
7.75e-10	6.50378e+11	-5.11877e+11	-1.95605e+11	4.88201e+11	-5.82715e+11	2.23598e+11	2.59659e+11	3.53173e+11	2.90026e+11	2.23182e+11	4.27472e+11	-1.12877e+11	-5.05769e+09	-3.65642e+10	1.94299e+10
7.8e-10	8.14317e+11	-6.60291e+11	-8.71477e+10	5.61059e+11	-4.71175e+11	5.81343e+11	2.49245e+11	4.7306e+11	3.13203e+11	1.13624e+11	-5.04348e+10	-4.13482e+11	1.07115e+11	-4.05813e+11	-8.90477e+10
7.85e-10	6.0319e+11	-4.5708e+11	2.19539e+11	2.96506e+11	-4.59162e+10	3.72818e+11	3.12349e+11	5.79889e+11	3.11289e+11	1.19414e+11	-3.30785e+10	-2.59793e+11	1.5719e+11	-3.1614e+11	3.34558e+11
7.9e-10	4.41201e+11	-3.79289e+11	2.61576e+11	3.58417e+11	2.13773e+11	5.105e+11	2.15529e+11	2.59704e+11	-1.73486e+11	1.55897e+11	-9.2094e+10	-3.09603e+11	1.03924e+11	-2.80833e+11	4.14718e+11
7.95e-10	8.03067e+11	-8.02902e+10	7.02791e+11	4.53131e+11	5.2462e+11	2.81275e+11	3.74134e+11	4.16144e+11	-6.0096e+11	2.58592e+11	-1.61651e+11	-5.65586e+11	1.25268e+11	-3.29641e+11	2.8968e+11
8e-10	5.77879e+11	3.29795e+11	4.10455e+11	4.09732e+11	4.99718e+11	4.12926e+11	2.39509e+11	-3.32607e+10	-4.16053e+11	2.18767e+11	-4.51472e+11	-9.62297e+10	1.64347e+11	1.56045e+10	4.2934e+11
8.05e-10	4.05527e+11	3.17598e+11	2.62467e+11	4.79973e+11	6.30826e+11	2.10242e+10	3.37051e+11	-4.46442e+11	-5.33286e+11	4.4408e+10	-7.76493e+10	1.99155e+11	1.10531e+11	8.54167e+10	3.42858e+11
8.1e-10	8.88543e+11	6.87873e+11	4.43469e+11	3.2225e+11	4.32821e+11	-3.76502e+11	1.61593e+11	-1.96592e+11	-2.52666e+11	1.7052e+11	-3.33564e+11	1.88504e+11	1.10176e+11	3.7279e+11	-1.96861e+11
8.15e-10	7.11868e+11	6.03794e+11	-1.07689e+11	3.56286e+11	2.9743e+11	-3.71797e+11	3.96082e+11	-6.98448e+11	-1.29391e+11	1.92286e+11	-5.94813e+10	5.21115e+11	1.32437e+11	3.02051e+11	-4.0035e+11
8.2e-10	6.6638e+11	4.79396e+11	-3.49893e+11	4.87445e+11	7.97023e+10	-6.86296e+11	1.60799e+11	-2.74852e+11	1.60958e+11	9.38275e+10	-3.5528e+09	2.3577e+11	1.13516e+11	4.04132e+11	-7.62051e+10
8.25e-10	9.62384e+11	5.20142e+11	-8.22505e+11	4.65953e+11	-2.77193e+11	-4.83206e+11	1.83444e+11	-1.38786e+11	3.13642e+11	2.16611e+11	1.63826e+11	4.12161e+11	1.03373e+11	3.03751e+11	-1.97261e+11
8.3e-10	6.0761e+11	-3.9558e+11	-5.27446e+11	4.20928e+11	-5.818e+11	-2.78992e+11	3.32255e+11	-4.29433e+10	6.36614e+11	2.37715e+11	4.85717e+11	7.82649e+10	8.76918e+10	-7.14668e+10	-2.50048e+11
8.35e-10	6.75942e+11	-4.82796e+11	-3.82727e+11	4.95412e+11	-6.20758e+11	-1.4269e+11	2.49135e+11	1.28446e+11	4.47641e+11	1.9325e+11	3.94039e+11	-4.20795e+10	6.69059e+10	-2.83451e+11	-1.88954e+11
8.4e-10	6.37835e+11	-4.93897e+11	-4.08491e+11	4.1672e+11	-4.48124e+11	3.22486e+11	2.50857e+11	2.83886e+11	3.92089e+11	2.82705e+11	5.14312e+11	-2.07777e+11	8.63669e+10	-1.68665e+11	-4.28977e+11
8.45e-10	7.57233e+11	-7.6554e+11	5.33091e+09	4.33299e+11	-4.38722e+11	4.67453e+11	2.08031e+11	3.84795e+11	1.68683e+11	2.04966e+11	2.64609e+10	-4.4613e+11	6.88387e+10	-2.61992e+11	-1.72848e+11
8.5e-10	4.21463e+11	-3.50638e+11	1.72504e+11	2.7724e+11	-4.1063e+10	4.18833e+11	1.87243e+11	4.13596e+11	2.33409e+11	2.30671e+11	-3.6137e+10	-4.56509e+11	1.03486e+11	-4.30072e+11	2.76763e+11
8.55e-10	8.77344e+11	-1.30757e+11	5.75234e+11	5.62518e+11	1.0542e+11	6.4524e+11	1.90029e+11	3.5116e+11	-2.27096e+11	2.12658e+11	-1.5367e+10	-5.5825e+11	-1.06925e+10	-6.46533e+10	-6.36797e+10
8.6e-10	6.03468e+11	1.33879e+11	5.30435e+11	6.16738e+11	3.91651e+11	5.97719e+11	3.68739e+11	3.98503e+11	-5.59884e+11	2.80615e+11	-3.97773e+11	-3.61662e+11	1.6521e+11	-2.51603e+11	4.77522e+11
8.65e-10	6.3317e+11	1.18066e+11	4.10509e+11	4.96272e+11	5.70598e+11	1.22031e+11	1.56312e+11	1.33399e+11	-3.17893e+11	1.9499e+11	-5.66301e+11	1.03944e+11	6.31627e+10	1.89037e+11	3.08736e+11
8.7e-10	8.81572e+11	5.56303e+11	4.33105e+11	5.22337e+11	6.51638e+11	7.75189e+10	3.80159e+11	-7.09078e+11	-4.8285e+11	2.35601e+11	-5.551e+11	2.03767e+11	3.00332e+10	2.02081e+11	-6.90553e+10
8.75e-10	7.40737e+11	5.41342e+11	4.88457e+11	3.69124e+11	3.69216e+11	-2.52481e+11	2.71206e+11	-4.31212e+11	-1.82707e+11	2.28799e+11	-3.9918e+11	2.0986e+11	6.25724e+10	2.21766e+11	1.432e+11
8.8e-10	7.46829e+11	4.77491e+11	-3.16267e+11	5.37688e+11	2.26722e+11	-7.0866e+11	3.58965e+11	-6.6984e+11	2.41505e+11	2.12074e+11	6.78192e+10	4.79101e+11	2.99473e+10	1.73116e+11	-1.68569e+11
8.85e-10	7.77308e+11	5.97918e+11	-1.89011e+11	3.12658e+11	1.28432e+11	-3.91986e+11	4.44253e+11	-6.72097e+11	3.01421e+11	2.39421e+11	1.44852e+11	4.18076e+11	1.15745e+11	4.54829e+11	-1.72331e+11
8.9e-10	6.77474e+11	3.58219e+11	-4.49093e+11	3.12599e+11	-4.91275e+10	-4.26358e+11	3.54075e+11	-5.10897e+11	2.97987e+11	3.27499e+11	2.49274e+11	4.79181e+11	9.36743e+10	6.6036e+10	-3.9977e+11
8.95e-10	5.73953e+11	-2.43858e+11	-3.94614e+11	4.53948e+11	-3.12222e+11	-5.56039e+11	2.46731e+11	-7.30585e+09	4.60015e+11	4.05728e+11	5.99969e+11	3.96496e+11	1.78642e+11	5.35855e+10	-4.74161e+11
9e-10	5.86314e+11	-2.42631e+11	-4.21347e+11	5.99566e+11	-7.08486e+11	-2.36223e+11	3.50435e+11	1.98942e+11	5.54434e+11	1.96043e+11	5.04426e+11	-4.59843e+11	1.44746e+11	-1.01263e+11	-4.49135e+11
9.05e-10	5.99121e+11	-5.09069e+11	-8.78629e+10	4.13079e+11	-4.79194e+11	2.88191e+11	2.35356e+11	2.16356e+11	3.80596e+11	2.6885e+11	6.42409e+11	-4.53164e+10	1.47876e+11	-3.7817e+11	-2.55277e+11
9.1e-10	7.34461e+11	-5.57445e+11	1.70545e+11	4.64809e+11	-1.46978e+11	5.89258e+11	2.4358e+11	3.86255e+11	3.43604e+11	3.99687e+11	5.02069e+11	-6.3496e+11	1.70931e+11	-5.33089e+11	1.64398e+11
9.15e-10	7.15617e+11	-4.91123e+11	3.40937e+11	4.1795e+11	1.22814e+09	4.76513e+11	2.7467e+11	5.58453e+11	1.83917e+11	2.30771e+11	9.1867e+10	-5.07119e+11	4.02772e+10	-1.22893e+11	1.7682e+11
9.2e-10	5.19537e+11	-4.0784e+10	4.10161e+11	5.86242e+11	1.15745e+11	7.14024e+11	1.8286e+11	2.28519e+11	-1.99725e+11	2.63014e+11	-2.5622e+11	-4.95762e+11	1.12997e+11	-3.83274e+11	2.8509e+11
9.25e-10	6.16962e+11	7.10332e+10	4.82163e+11	4.70505e+11	4.27765e+11	3.70401e+11	1.86104e+11	2.8826e+11	-2.3336e+11	2.17819e+11	-5.14696e+11	-8.22801e+10	4.46958e+10	-4.52838e+10	1.76427e+11
9.3e-10	6.20343e+11	1.68797e+11	6.1351e+11	5.48205e+11	5.77602e+11	2.25455e+11	2.16056e+11	-1.12011e+11	-4.25894e+11	2.10583e+11	-4.25058e+11	-1.69746e+11	5.65882e+10	2.7741e+11	1.31488e+11
9.35e-10	7.89827e+11	4.95772e+11	3.88139e+11	3.39462e+11	4.50492e+11	-1.04759e+11	1.47723e+11	-1.09004e+11	-2.69015e+11	2.75893e+11	-6.3153e+11	1.38997e+11	1.06933e+11	2.24064e+11	3.22869e+11
9.4e-10	8.06066e+11	6.26211e+11	-1.12126e+11	5.06071e+11	4.67486e+11	-4.25819e+11	3.45751e+11	-2.87765e+11	-5.44344e+11	2.02186e+11	-1.8571e+11	3.79793e+11	1.55692e+11	4.7081e+11	-1.24994e+11
9.45e-10	5.09504e+11	4.47884e+11	-1.30585e+11	5.15541e+11	5.13587e+11	-5.28725e+11	3.15188e+11	-5.59039e+11	4.87108e+10	2.24042e+11	-1.51333e+11	4.338e+11	7.84259e+10	2.48301e+11	-2.03375e+11
9.5e-10	7.90113e+11	4.45334e+11	-5.25135e+11	5.07755e+11	-5.97938e+10	-6.24364e+11	3.65889e+11	-5.59531e+11	7.2798e+10	2.9839e+11	8.32765e+10	6.32478e+11	6.1766e+10	4.5541e+11	1.89036e+11
9.55e-10	6.79654e+11	2.06235e+09	-5.52605e+11	3.40211e+11	-1.48833e+11	-4.57796e+11	1.90514e+11	-1.62176e+11	3.26137e+11	3.69939e+11	3.54817e+11	6.22224e+11	7.80695e+10	9.95945e+10	-3.66809e+11
9.6e-10	6.41979e+11	-8.43977e+10	-4.72265e+11	5.44261e+11	-6.69034e+11	-2.63506e+11	2.61499e+11	2.10257e+10	5.04912e+11	1.93788e+11	3.81382e+11	1.67749e+10	9.42807e+10	1.17731e+11	-2.82829e+11
9.65e-10	4.40635e+11	-2.66105e+11	-2.96231e+11	4.13426e+11	-5.5208e+11	-7.74669e+10	3.81669e+11	4.04399e+11	6.34075e+11	2.32686e+11	4.06277e+11	-3.67741e+11	1.1415e+11	-2.65707e+11	-2.53455e+11
9.7e-10	6.30107e+11	-5.54062e+11	-2.63469e+11	4.52142e+11	-4.15872e+11	3.54333e+11	3.51398e+11	3.10233e+11	6.11773e+11	3.15408e+11	3.91124e+11	-4.07309e+11	6.64633e+10	-2.10105e+11	-2.3251e+11
9.75e-10	6.2033e+11	-4.82652e+11	9.95594e+10	5.06551e+11	-1.52578e+11	7.07908e+11	1.85425e+11	3.69376e+11	4.09059e+10	1.7873e+11	1.02515e+11	-3.40329e+11	1.56738e+11	-4.32593e+11	-3.19962e+10
9.8e-10	7.07414e+11	-5.94466e+11	1.41833e+11	5.12368e+11	2.42976e+11	6.43662e+11	1.54173e+11	3.32722e+11	-1.26165e+11	1.09493e+11	-4.41199e+10	-2.02465e+11	8.94573e+10	-3.41947e+11	1.84085e+11
9.85e-10	7.43201e+11	-4.01544e+11	4.41536e+11	6.03773e+11	2.71211e+11	6.11678e+11	2.71614e+11	4.96788e+11	-3.03953e+11	2.76248e+11	-2.96018e+11	-4.47879e+11	7.23222e+10	-2.07368e+11	2.47819e+11
9.9e-10	9.86786e+11	-3.8405e+10	6.94787e+11	4.57616e+11	3.89273e+11	2.99527e+11	2.91547e+11	2.96062e+11	-5.00452e+11	2.84193e+11	-5.21042e+11	-2.13801e+11	4.66016e+09	-1.21769e+10	4.25931e+10
9.95e-10	7.31119e+11	2.99113e+11	4.79972e+11	4.90352e+11	5.41884e+11	4.44262e+10	3.80562e+11	-1.48179e+10	-5.62581e+11	3.95313e+11	-6.6663e+11	-1.86118e+11	8.60751e+10	1.44618e+11	2.76771e+11
1e-09	7.1801e+11	4.37135e+11	3.08084e+11	6.06653e+11	7.44355e+11	-1.35489e+11	2.82931e+11	-4.13537e+11	-4.21271e+11	1.86822e+11	-3.52337e+11	1.62125e+11	5.27896e+10	9.35221e+10	1.85599e+11
