Mon Oct 21 16:07:04 2024

<base> : Rectangle : 0m, 0m, 0m; 5um, 50nm, 5nm. Cells : 1000, 10, 1. Cellsize : 5nm, 5nm, 5nm
<supermesh> : Rectangle : 0m, 0m, 0m; 5um, 50nm, 5nm. Cells : 1000, 10, 1. Cellsize : 5nm, 5nm, 5nm

Saved data (dataname (unit) <meshname> (cells_rectangle)) : 

time (s)	<mxdmdt> (1/s) <base> (2.6um, 0m, 0m; 2.61um, 50nm, 5nm)			<mxdmdt> (1/s) <base> (3um, 0m, 0m; 3.01um, 50nm, 5nm)			<mxdmdt> (1/s) <base> (3.5um, 0m, 0m; 3.51um, 50nm, 5nm)			<mxdmdt> (1/s) <base> (4um, 0m, 0m; 4.01um, 50nm, 5nm)			<mxdmdt> (1/s) <base> (4.5um, 0m, 0m; 4.51um, 50nm, 5nm)			

0	8350.32	-99093	-104561	8576.16	-17160.5	318964	-13175.6	707813	630961	-3506.71	-259085	129225	-16337.2	303543	-343710
5e-12	9.64918e+09	2.60231e+11	-2.91291e+11	-1.34168e+10	-9.32504e+10	-9.65079e+10	3.98505e+09	-1.05639e+11	6.76421e+10	-6.26498e+09	-1.20131e+11	1.11845e+11	1.46512e+10	4.3385e+10	-2.12913e+11
1e-11	-1.36447e+09	-3.07619e+11	-1.16872e+10	2.77241e+08	2.06618e+11	-1.11514e+11	-2.08954e+10	9.50224e+10	1.8735e+10	1.18151e+10	-1.60933e+11	-2.0709e+11	-2.74068e+10	7.97229e+10	2.11887e+11
1.5e-11	9.04548e+09	-1.46845e+11	-8.98816e+10	6.1089e+08	-2.2101e+11	-1.76023e+09	6.92403e+08	1.4055e+11	-2.16692e+11	-5.50398e+09	1.26983e+11	4.13458e+10	-9.24576e+09	-2.22809e+10	-7.45001e+10
2e-11	-2.28286e+10	-2.54703e+11	2.32483e+11	1.4721e+10	-2.10617e+10	-1.34715e+11	-1.89903e+10	-1.00298e+11	2.54103e+11	-1.41133e+10	6.29784e+10	-1.22308e+11	7.63306e+08	1.16564e+11	-7.76051e+10
2.5e-11	-7.40737e+09	9.79545e+10	1.94397e+11	8.17659e+09	7.65566e+10	2.43714e+10	1.2689e+09	1.4899e+11	1.11472e+11	-7.21208e+09	3.58637e+10	1.27336e+11	6.76219e+09	2.35919e+11	1.42534e+10
3e-11	-1.11563e+09	1.89302e+09	3.03962e+11	5.89887e+09	6.52928e+10	4.89069e+10	-6.65856e+08	6.54819e+10	-6.67429e+10	-8.5498e+09	8.53574e+07	-1.5725e+10	-1.64605e+10	-2.58411e+10	-1.77231e+11
3.5e-11	-6.4608e+08	1.24926e+10	-1.08751e+11	9.29016e+09	-8.98553e+10	-1.27226e+11	8.3721e+09	1.66065e+10	2.24883e+11	2.7174e+09	9.13113e+10	1.83343e+11	-1.983e+09	7.24868e+10	2.30339e+11
4e-11	2.58371e+09	2.36711e+10	9.1583e+09	1.38723e+10	6.05043e+10	7.75099e+10	-1.61455e+10	-1.56326e+11	1.48263e+11	-3.865e+09	-4.05732e+10	-1.4403e+11	-9.19574e+09	1.31458e+10	2.65006e+11
4.5e-11	-2.50498e+09	-1.39843e+11	-1.53242e+11	-3.22047e+09	-1.00225e+11	-1.43131e+11	3.85503e+08	4.88805e+10	-7.70038e+10	-6.23907e+09	5.53491e+09	-2.31678e+11	-1.89959e+09	2.8955e+10	1.56987e+10
5e-11	9.87512e+10	3.76997e+11	-2.45596e+11	-2.39396e+10	2.15218e+10	4.40518e+11	-5.31572e+09	-2.40998e+11	-5.36521e+10	-1.43722e+10	-1.91234e+11	-2.62868e+10	3.51127e+09	-2.34844e+10	1.23433e+11
5.5e-11	-2.37435e+10	1.41055e+11	3.29963e+11	-1.18649e+10	-1.18071e+11	2.68352e+11	2.43297e+09	2.75845e+11	7.09286e+10	2.34968e+09	-6.61862e+10	-1.77906e+11	1.2787e+10	-2.08913e+11	6.02079e+10
6e-11	2.69655e+10	1.43698e+11	-2.04443e+10	2.68746e+10	6.63177e+10	3.41327e+11	1.69854e+10	1.62723e+11	-9.39153e+10	3.48687e+09	1.70252e+11	-2.13802e+10	1.08465e+09	-2.41289e+11	7.35456e+10
6.5e-11	5.1434e+09	1.8634e+11	2.702e+11	-2.83119e+10	-9.05735e+10	-7.00234e+10	1.65547e+10	1.37901e+11	1.81807e+11	-9.89171e+08	7.03769e+10	1.93114e+10	-2.06863e+10	3.27061e+11	-2.78704e+11
7e-11	3.29077e+10	-1.73118e+09	-2.44544e+11	-3.96136e+10	-4.0055e+10	-3.28209e+11	-2.49864e+10	-4.57098e+10	-1.36288e+11	-3.53017e+10	-2.88375e+11	8.75944e+10	-3.55493e+09	-6.32101e+10	-4.90008e+10
7.5e-11	4.57347e+10	1.7594e+11	-1.83091e+11	-1.24296e+10	2.35562e+11	1.26291e+11	-1.09477e+08	9.66983e+10	9.79186e+10	6.54318e+09	1.17168e+11	9.90747e+10	8.62056e+09	-9.48761e+10	-5.49528e+10
8e-11	4.36188e+09	-4.73824e+10	-2.78625e+11	2.81051e+10	7.00288e+10	3.1283e+11	-7.80541e+09	1.59807e+11	3.32878e+11	2.41523e+08	-5.19946e+09	-1.11425e+11	-1.51609e+09	1.54067e+11	-2.25663e+11
8.5e-11	3.79274e+10	2.53955e+11	-1.48156e+11	1.10907e+10	6.81501e+10	4.31431e+10	8.07517e+09	8.51739e+10	2.39335e+11	-2.08858e+10	1.42046e+11	-2.90826e+09	-1.48454e+10	1.79086e+11	3.47899e+10
9e-11	-1.22813e+10	8.21669e+10	2.25907e+11	2.51327e+10	6.84656e+10	8.9324e+10	-9.1277e+09	-1.9711e+11	1.27971e+11	6.95201e+09	2.8709e+10	-1.15892e+10	1.37801e+10	-1.50514e+11	2.44017e+11
9.5e-11	2.06791e+09	1.13017e+11	-9.39058e+10	2.78116e+10	-3.34982e+09	2.95674e+11	2.71722e+10	-2.61945e+11	2.02686e+11	-3.80276e+09	8.53088e+10	2.12068e+10	-1.0336e+09	5.75153e+10	3.92704e+10
1e-10	-7.87028e+09	4.17357e+10	2.15325e+10	3.60683e+09	-1.03176e+11	1.13541e+11	4.86939e+09	-1.98682e+11	1.85121e+11	-2.82467e+09	9.95915e+10	1.60836e+11	1.22492e+10	-9.58347e+10	-2.275e+11
1.05e-10	4.36e+10	3.37534e+11	-2.32815e+11	2.41597e+10	4.86598e+10	2.93133e+11	1.74974e+10	2.07129e+11	1.6756e+11	5.01932e+09	-3.74791e+10	-4.93938e+10	-1.77391e+10	1.10822e+10	1.95154e+11
1.1e-10	-2.50063e+10	9.78202e+10	2.12298e+11	4.35124e+09	1.48122e+11	4.13774e+10	-7.57136e+09	2.45788e+11	1.43752e+10	-1.20141e+10	3.17743e+10	2.60966e+11	6.7323e+09	-7.80223e+10	-1.22636e+11
1.15e-10	1.49242e+10	-1.5308e+11	-2.36362e+11	3.72165e+10	2.65636e+11	1.78659e+11	-1.09836e+10	-1.23932e+11	5.19063e+10	-2.80013e+09	-9.37073e+10	-8.3594e+10	1.46637e+10	-1.45284e+11	-7.77131e+10
1.2e-10	7.87492e+10	3.54552e+11	-4.03689e+11	-7.36859e+09	7.71523e+10	-8.56662e+10	-3.50023e+09	-5.74636e+10	5.55281e+10	-1.45809e+10	5.16966e+10	5.42109e+10	-2.77808e+09	-8.42244e+10	1.08516e+10
1.25e-10	9.29769e+10	9.41548e+10	-3.61919e+11	7.1906e+10	4.38743e+11	2.21292e+10	-1.22407e+10	6.80326e+10	-6.84139e+10	1.37922e+10	-1.46122e+11	1.08365e+11	-2.17732e+10	1.28176e+11	2.03132e+10
1.3e-10	6.71541e+10	1.99548e+11	-3.03767e+11	1.84942e+10	-8.54591e+09	2.15005e+11	3.38498e+08	1.02755e+11	5.14233e+10	-6.40385e+09	-1.73465e+11	9.32666e+09	-5.27361e+09	2.91057e+10	8.96858e+10
1.35e-10	1.81216e+10	-4.40256e+10	-5.38063e+10	1.29659e+10	-1.4228e+11	3.10666e+11	-2.21574e+10	2.03001e+11	-2.2198e+11	1.93312e+09	-1.48288e+11	2.62607e+11	1.03794e+10	5.34827e+10	-2.73585e+11
1.4e-10	4.96387e+10	-1.11629e+11	-2.32108e+11	-8.76057e+09	4.65532e+10	7.51437e+10	4.41521e+10	1.64801e+10	3.49928e+11	-4.91916e+09	-1.38494e+11	6.36385e+10	-2.65649e+10	-1.58389e+11	2.35981e+11
1.45e-10	7.07401e+10	-8.09472e+10	-3.29908e+11	2.71656e+10	1.46961e+11	2.99852e+11	1.32744e+10	-1.08468e+11	6.71749e+10	-2.09288e+10	-1.77368e+11	-9.61678e+10	-3.63094e+10	-1.12608e+11	1.98223e+11
1.5e-10	5.61902e+10	-1.28462e+11	-2.7043e+11	1.5601e+10	1.99552e+11	-1.10357e+11	-2.13818e+10	1.28316e+11	-3.09128e+10	-9.21599e+09	-2.58724e+10	-5.21922e+10	-3.48977e+08	1.98668e+10	8.83907e+10
1.55e-10	9.05005e+09	-3.51227e+11	-1.11901e+11	1.18945e+10	1.62403e+11	1.79185e+11	1.54032e+10	2.00958e+11	-5.91644e+10	8.18417e+09	-2.00122e+11	-1.67098e+10	-1.50916e+10	-1.25517e+11	1.88758e+11
1.6e-10	5.70127e+09	1.34634e+11	-1.59926e+11	2.14974e+08	6.70012e+10	-1.61325e+10	1.85172e+10	4.17148e+10	2.12994e+11	4.2103e+09	-5.48637e+10	1.25991e+10	-1.092e+10	-1.24532e+11	2.16776e+11
1.65e-10	-7.15546e+09	1.19843e+10	-1.26568e+11	4.31864e+09	3.55179e+10	2.19455e+09	2.2754e+10	1.37721e+11	-6.85795e+08	3.86956e+07	5.20288e+10	7.59365e+10	-1.37593e+10	1.36738e+11	-1.16784e+11
1.7e-10	3.06817e+10	1.0632e+11	-2.33992e+11	4.28537e+09	6.53913e+10	6.23922e+10	1.02783e+10	2.40067e+11	-2.13813e+11	-1.31899e+10	9.26868e+09	3.03739e+11	-1.11591e+10	-5.33622e+10	2.87197e+10
1.75e-10	2.23584e+10	-1.97015e+11	4.39365e+09	1.48454e+10	7.78432e+10	-1.80096e+11	9.71917e+09	1.6475e+11	1.4285e+11	1.98695e+10	3.78873e+10	1.99254e+11	-4.46852e+09	2.66215e+11	-1.40858e+11
1.8e-10	-1.54914e+10	-1.06786e+11	1.15153e+11	4.83682e+09	2.08707e+11	2.52086e+11	5.91576e+09	8.86123e+10	1.22965e+11	-9.79369e+09	-9.78095e+09	1.84685e+11	-4.32262e+09	2.16776e+11	1.09705e+11
1.85e-10	2.26919e+10	-1.35719e+11	-2.16458e+11	2.79716e+09	-1.51133e+10	-7.99357e+10	-6.18214e+09	-5.17e+10	-8.00552e+09	1.01582e+10	9.3147e+10	1.78708e+11	-7.84953e+09	-4.1035e+11	-1.34633e+11
1.9e-10	1.02332e+10	-2.74785e+11	-5.65057e+10	2.6376e+10	6.2313e+10	-1.99162e+11	-6.23656e+09	1.63927e+11	3.86457e+10	-1.34085e+10	-1.73443e+11	-2.61103e+10	-2.29288e+10	-4.42788e+10	-9.85453e+10
1.95e-10	2.44248e+10	1.48636e+10	-3.89376e+11	1.21825e+10	4.08269e+10	5.12834e+10	-1.73508e+10	6.18973e+09	-1.44815e+11	-1.36296e+10	3.51222e+11	1.43784e+11	5.8198e+09	-1.40885e+11	-4.63519e+10
2e-10	6.74757e+10	6.17148e+10	-4.32899e+11	-1.15643e+10	1.50504e+09	4.5235e+10	2.93792e+09	-6.26687e+09	5.63074e+10	4.7588e+09	6.42574e+09	3.06369e+11	-1.84599e+10	1.13691e+11	-8.26608e+10
2.05e-10	6.37887e+09	-1.65829e+11	-8.08862e+10	1.59237e+10	3.64293e+11	-5.15941e+10	-4.7681e+08	6.67398e+10	-1.88287e+11	-5.32726e+08	1.34549e+10	1.45864e+11	7.70073e+09	1.32692e+11	-1.21395e+11
2.1e-10	5.35591e+10	2.95732e+11	-3.5275e+11	2.31279e+10	1.18548e+11	1.31564e+11	-2.80468e+10	-5.98253e+09	4.18796e+10	2.25401e+10	3.77311e+11	2.00471e+11	-5.40745e+09	-7.16257e+10	6.72543e+10
2.15e-10	1.98369e+10	-9.45043e+10	-5.48566e+10	7.89261e+09	1.07651e+11	2.57593e+10	9.95595e+09	5.05638e+11	3.65885e+10	2.41067e+10	3.12641e+11	2.24858e+11	9.16612e+09	2.45921e+11	-2.04997e+11
2.2e-10	8.86051e+09	-1.11255e+11	-2.11964e+11	1.35517e+10	-6.8197e+10	4.13077e+11	1.13833e+10	2.7059e+11	8.99338e+10	-1.66672e+10	-2.4417e+11	1.01906e+11	-1.19606e+10	-4.60008e+11	9.31939e+10
2.25e-10	-2.96087e+09	-1.09487e+11	9.45941e+10	5.22664e+09	4.26029e+10	-8.18978e+10	2.74498e+10	2.34586e+11	2.56576e+11	-8.74788e+09	3.49327e+11	2.97306e+11	-4.73307e+09	-3.52405e+10	3.09569e+09
2.3e-10	4.49845e+08	1.89315e+10	-9.79706e+10	1.59634e+10	1.22032e+11	3.73731e+10	-1.09751e+10	-1.43356e+11	-1.23925e+10	-6.82724e+08	5.28638e+10	1.76873e+11	-7.24835e+09	-3.34378e+10	9.73804e+10
2.35e-10	5.52499e+09	-5.51068e+10	8.17569e+09	6.81028e+09	1.49286e+11	-1.17627e+11	-1.60451e+09	-1.90498e+09	1.1271e+11	-9.17232e+09	-3.24662e+11	3.09501e+11	-1.28632e+10	9.25145e+10	6.96515e+10
2.4e-10	8.77504e+09	-1.20641e+11	5.8455e+10	-8.52492e+09	-1.79238e+11	-4.97239e+10	1.11792e+10	3.26386e+11	1.94798e+11	-2.1966e+07	-7.73145e+10	3.25763e+11	-2.23251e+09	1.61196e+11	2.3433e+11
2.45e-10	1.56601e+10	1.26966e+11	1.98021e+11	-3.67416e+10	-2.81211e+10	-5.93819e+11	8.99717e+08	7.80133e+10	-7.21812e+10	-3.92396e+09	-1.90998e+11	5.51152e+10	-6.46428e+09	7.94052e+10	-2.61612e+10
2.5e-10	1.88952e+10	4.21949e+10	-1.41426e+11	2.47248e+09	-7.98038e+10	8.21339e+10	-4.71043e+10	-4.44453e+10	2.64446e+11	-1.4301e+10	-1.37172e+11	-4.59489e+10	-8.25079e+09	-1.75096e+11	1.23764e+11
2.55e-10	1.33554e+10	8.49443e+10	-2.8558e+10	-2.22247e+10	-1.44569e+11	2.04757e+11	-1.4542e+10	1.27939e+11	-1.08597e+11	-1.56922e+10	1.66106e+11	-1.46228e+11	-4.97886e+10	2.76911e+11	-2.3129e+11
2.6e-10	8.09287e+10	4.85294e+11	-1.69384e+11	-3.11164e+10	2.54402e+11	7.11859e+09	-2.17528e+10	-2.21076e+11	7.22115e+10	-6.98366e+09	6.83638e+10	1.21196e+10	1.92077e+09	5.12278e+10	1.9989e+11
2.65e-10	4.05637e+10	1.23282e+11	-2.11561e+11	-5.37802e+09	2.07589e+09	3.43422e+10	-6.05613e+09	6.95671e+10	-4.34433e+10	-1.27082e+10	-1.08094e+11	-1.22339e+11	-4.13139e+09	-2.65166e+10	1.75354e+11
2.7e-10	5.0384e+10	2.47729e+11	-2.43379e+11	3.59365e+10	2.25561e+11	4.15296e+10	8.45557e+08	-3.86996e+10	1.10017e+11	-7.89039e+09	2.25375e+11	1.36633e+11	-1.60184e+10	-1.06385e+11	1.05759e+10
2.75e-10	9.19288e+10	2.35874e+11	-2.14454e+11	4.95361e+10	3.2142e+11	2.80754e+11	1.31767e+09	-3.368e+10	-1.56213e+11	-4.26647e+09	-1.05609e+11	6.79818e+10	-1.93265e+10	-2.48411e+11	3.93527e+10
2.8e-10	1.05758e+11	3.93126e+11	-1.34913e+11	5.00512e+10	1.44205e+11	2.56423e+11	-1.06679e+10	-2.43976e+11	1.41861e+11	1.809e+10	1.26583e+11	-2.78657e+11	9.25036e+09	-1.4733e+11	1.30281e+11
2.85e-10	1.85065e+11	4.38763e+11	-4.3482e+11	3.59967e+10	7.26115e+10	2.48414e+11	-8.94157e+09	-5.48664e+10	-8.23248e+10	-1.82711e+09	8.40305e+10	-3.18159e+10	-2.51106e+09	4.58774e+09	1.2355e+11
2.9e-10	1.50045e+11	1.64596e+11	-4.86774e+11	2.54157e+10	-5.95517e+10	2.07049e+11	-1.07071e+10	-1.04168e+10	-7.51275e+10	2.41131e+10	-7.87665e+10	2.14802e+11	1.12551e+10	2.2051e+11	4.04235e+10
2.95e-10	1.01311e+11	3.17447e+11	-1.33176e+11	9.73448e+10	-8.29393e+09	5.7802e+11	7.11862e+09	-2.35147e+11	9.36427e+10	7.07384e+09	7.19857e+09	1.41116e+11	-1.17602e+10	6.40104e+09	4.71493e+10
3e-10	4.66124e+09	1.36529e+11	1.7119e+11	7.2727e+10	5.00577e+10	3.47573e+11	1.96069e+10	-1.03908e+11	3.62002e+11	-1.49029e+10	-9.97796e+10	4.64857e+10	-1.19636e+09	-2.86915e+10	-7.27294e+10
3.05e-10	5.54283e+10	2.12937e+11	-1.69352e+11	4.18477e+10	4.77985e+10	3.98221e+11	1.08178e+10	-1.24211e+11	1.87458e+11	1.85292e+09	-1.24443e+10	-3.78718e+10	-2.01184e+09	7.65735e+10	5.17164e+10
3.1e-10	3.95585e+10	3.18983e+11	-3.03488e+10	5.48859e+10	1.61096e+11	3.13657e+11	-2.2699e+10	-3.26048e+10	-7.49213e+10	8.30591e+09	-1.52903e+11	1.1753e+11	1.22874e+10	2.85883e+10	2.24737e+11
3.15e-10	1.47299e+11	5.51698e+11	-2.87528e+11	1.904e+10	1.89978e+11	2.5509e+11	6.04889e+10	-3.15724e+11	3.19073e+11	-6.66253e+09	-2.39129e+11	1.4492e+08	2.3763e+10	-5.48669e+10	2.52319e+11
3.2e-10	1.55201e+11	3.94158e+11	-2.17606e+11	1.85474e+10	-1.1816e+10	2.96256e+11	-2.50221e+10	-8.2144e+10	-1.92688e+11	2.9953e+10	-7.61657e+10	2.08356e+11	-8.16878e+09	2.64301e+10	3.59126e+11
3.25e-10	3.65799e+10	-1.36965e+11	-3.68839e+11	1.86463e+10	1.28074e+10	9.52588e+10	-6.71831e+09	1.57352e+11	6.812e+10	1.61285e+10	-1.10927e+10	9.81311e+10	2.10029e+10	-1.83016e+11	8.82763e+10
3.3e-10	1.55419e+11	1.89961e+11	-5.49589e+11	2.6534e+10	4.47161e+11	1.48566e+11	-5.81067e+09	4.75373e+09	-2.45698e+11	4.62069e+09	1.78541e+11	1.62692e+11	1.56328e+08	5.69139e+10	7.1447e+10
3.35e-10	1.65448e+11	5.08179e+11	-1.64879e+11	1.41353e+10	-5.03361e+10	1.68377e+11	1.44648e+10	-9.08599e+10	1.2878e+11	-6.60349e+09	-3.1651e+10	-1.32487e+11	-1.67512e+10	-2.09234e+11	-1.46566e+10
3.4e-10	1.20511e+11	3.43762e+11	-3.14158e+11	8.75112e+10	3.82651e+11	1.79108e+11	5.66924e+10	-2.40263e+10	2.85263e+11	-2.06544e+10	2.22341e+11	-1.94167e+11	-8.19429e+09	-1.64456e+10	6.04247e+10
3.45e-10	1.50895e+11	4.13343e+11	-1.81986e+11	3.33309e+10	8.10785e+10	1.97401e+11	4.26017e+10	-6.99199e+10	2.12841e+11	2.85897e+09	-1.81704e+10	-2.26217e+11	8.55103e+09	2.26402e+10	2.04154e+11
3.5e-10	4.04096e+10	8.84755e+10	-2.23416e+11	4.89682e+10	-2.01593e+11	3.45167e+11	5.18195e+10	1.29952e+10	2.4741e+11	-1.29492e+10	2.81373e+11	7.88236e+10	2.20809e+10	-3.07539e+09	-1.55365e+11
3.55e-10	2.5399e+10	6.06691e+10	-7.22393e+10	3.40697e+10	-1.50755e+11	2.68678e+11	1.52673e+10	-5.99155e+10	1.60334e+11	1.67325e+10	-3.59624e+11	1.47273e+11	-6.84385e+09	-3.60747e+09	-5.14506e+10
3.6e-10	1.27028e+11	3.24669e+11	-2.44627e+11	5.99342e+10	1.4385e+11	2.98321e+11	-1.48547e+10	7.62833e+10	6.00101e+10	-3.69134e+09	3.36333e+10	-2.43918e+10	1.03649e+10	-2.92175e+11	8.63288e+10
3.65e-10	8.16441e+10	2.49357e+11	-1.62617e+11	2.3937e+10	1.50716e+11	1.44081e+10	1.54061e+10	-5.04885e+09	1.98316e+11	-1.7057e+10	1.45172e+11	-1.125e+11	-8.54244e+09	9.4962e+10	-1.1643e+11
3.7e-10	2.21255e+10	7.14701e+10	-2.40228e+11	3.06655e+10	-1.53828e+10	2.46188e+11	1.38391e+10	-1.31917e+11	3.72339e+11	-1.61699e+10	1.7291e+11	-8.7144e+10	-1.93404e+09	2.90915e+09	-2.50049e+11
3.75e-10	1.21402e+11	1.22303e+11	-3.3186e+11	8.2989e+10	-9.42404e+09	5.71416e+11	2.26322e+10	-1.10676e+11	1.08165e+11	-1.8491e+10	9.14365e+09	2.71698e+11	5.96653e+09	-2.06526e+11	-2.48098e+09
3.8e-10	1.33919e+11	3.45607e+11	-1.99419e+11	1.83497e+10	1.2668e+11	2.79848e+11	6.66526e+09	2.9764e+11	1.42762e+11	1.63059e+10	-1.81046e+11	1.01957e+11	-1.8863e+10	9.46003e+10	-1.70728e+11
3.85e-10	1.00793e+11	2.10262e+11	-2.13706e+11	3.76705e+10	6.90078e+10	2.56767e+11	1.0464e+10	6.68704e+09	1.57899e+11	-5.87976e+09	-2.81339e+11	-2.51094e+10	-1.63072e+10	4.09984e+10	1.54308e+11
3.9e-10	1.24642e+11	2.37152e+11	-3.219e+11	7.65454e+10	-2.03178e+10	3.24159e+11	2.35632e+10	2.82456e+10	2.15272e+11	2.04222e+10	-2.0626e+11	2.36528e+11	-8.40018e+09	6.83298e+10	1.64525e+11
3.95e-10	1.82849e+11	3.39274e+11	-3.63667e+11	7.47564e+10	1.66315e+11	2.5757e+11	5.18033e+09	-5.99268e+10	1.33007e+11	-3.62288e+10	1.31166e+11	-1.29227e+11	-1.39024e+09	-2.05569e+11	-1.51444e+11
4e-10	1.35827e+11	3.34413e+11	-2.96728e+11	1.08091e+11	1.01828e+11	4.48732e+11	3.88645e+09	5.47858e+10	-3.53708e+10	3.99306e+09	2.38551e+10	2.50209e+11	6.2302e+08	-1.26482e+11	-2.30215e+11
4.05e-10	2.02636e+11	4.35193e+11	-3.45083e+11	6.45352e+10	4.12574e+11	-1.10558e+11	-7.84891e+09	1.0402e+11	-5.25159e+10	-7.39176e+09	-2.53938e+10	-1.94915e+11	-2.68551e+10	-3.01009e+09	2.74014e+11
4.1e-10	8.31621e+10	9.38984e+10	-2.50896e+11	7.92817e+10	7.4681e+10	2.27173e+11	-6.75018e+09	5.45743e+10	9.15037e+10	-4.96706e+09	1.95999e+10	1.14291e+11	1.33915e+10	-1.96994e+11	-2.79584e+10
4.15e-10	7.76532e+10	-8.28641e+10	-2.77087e+11	3.93969e+10	9.41261e+10	2.48684e+11	5.85967e+09	7.13651e+10	1.26102e+11	-7.56634e+09	-3.98185e+11	2.43628e+11	7.55526e+09	-7.35882e+10	-1.99917e+11
4.2e-10	2.30247e+11	8.09553e+10	-5.28681e+11	3.19738e+10	3.1326e+10	2.70933e+11	-2.38033e+10	1.01748e+10	-6.4249e+10	-5.6318e+09	-1.58543e+11	1.81132e+11	6.19187e+09	-9.96947e+10	7.16413e+10
4.25e-10	1.64762e+11	8.09849e+10	-4.81403e+11	1.04034e+11	3.04718e+11	2.81364e+11	6.34863e+10	-5.79739e+10	3.31298e+11	4.75211e+09	-1.32501e+11	9.7615e+10	-5.68232e+09	-9.27065e+10	-1.33562e+11
4.3e-10	1.133e+11	-2.27279e+11	-2.71365e+11	3.49842e+10	3.78427e+10	1.44696e+11	7.47598e+09	-9.72663e+10	4.1703e+11	5.42125e+10	-1.77193e+11	3.85264e+11	-2.76597e+10	8.64376e+10	1.28665e+11
4.35e-10	2.19598e+10	1.72613e+10	-9.71094e+10	4.54743e+10	6.23958e+10	2.84182e+11	3.011e+10	2.41256e+11	2.60369e+10	1.36733e+10	-1.5024e+11	1.72193e+11	-7.78765e+09	-1.78904e+09	3.3107e+10
4.4e-10	9.34615e+10	1.75362e+10	-4.03998e+11	5.38744e+10	2.39008e+11	6.42891e+10	5.19324e+10	2.97608e+11	2.26067e+11	-1.74232e+10	1.35434e+11	-3.37589e+10	-1.32176e+09	-4.6733e+10	4.26764e+11
4.45e-10	5.82218e+10	2.28007e+11	-1.81116e+11	5.53954e+10	2.83571e+11	-2.39135e+10	5.57262e+09	1.59763e+11	4.83793e+10	-1.21629e+10	-1.94946e+11	9.30637e+10	1.78829e+10	-2.3039e+11	-2.99805e+10
4.5e-10	2.0803e+11	6.33613e+10	-6.31753e+11	4.3055e+09	1.34e+11	8.7211e+09	1.18383e+10	7.0509e+10	1.06074e+11	4.69414e+08	-1.61016e+11	7.14636e+10	-1.93662e+10	-4.54303e+10	1.32845e+11
4.55e-10	1.68993e+11	3.06771e+11	-6.36046e+11	4.68531e+10	3.05924e+11	-1.93446e+11	3.83221e+10	1.8515e+11	1.57552e+11	-7.43425e+09	-1.73498e+11	-9.16984e+10	-9.08082e+08	6.71647e+09	9.96898e+10
4.6e-10	1.01536e+11	1.57465e+11	-2.96736e+11	9.77669e+10	2.74852e+11	3.6476e+11	2.34534e+10	1.11364e+11	1.78129e+11	2.84705e+10	9.85878e+10	1.00752e+11	-6.8211e+09	-3.29585e+11	-2.36958e+11
4.65e-10	7.30362e+10	1.09604e+11	-3.34296e+11	4.71616e+10	7.06702e+10	2.56275e+11	8.1797e+10	2.24065e+11	2.12805e+11	-9.1118e+09	-9.56371e+10	-3.65593e+10	-1.01153e+09	-1.29798e+11	2.25928e+11
4.7e-10	8.40469e+10	4.26293e+11	4.89229e+10	7.55789e+10	1.64618e+11	3.52712e+11	1.34554e+10	-1.13131e+11	2.22481e+11	1.50251e+10	-1.49014e+10	2.06513e+11	1.28558e+09	-9.31003e+10	-3.58573e+10
4.75e-10	2.23479e+10	9.84422e+10	-8.26976e+10	4.69941e+10	9.79479e+10	2.34312e+11	-1.10706e+10	-2.00832e+11	4.75791e+10	1.18591e+10	7.52209e+10	2.27158e+11	3.19201e+09	4.64751e+10	1.87859e+11
4.8e-10	4.56226e+10	1.68564e+11	-2.68314e+11	2.71529e+10	1.81801e+11	-2.50269e+10	-9.54301e+09	6.51036e+10	-7.29835e+10	1.35324e+10	-6.16568e+10	8.97935e+09	-1.48113e+10	2.59099e+11	-1.37076e+11
4.85e-10	1.32654e+10	1.12773e+11	-1.74628e+11	1.34339e+10	4.45629e+09	1.42437e+11	2.8079e+10	2.09956e+10	2.96964e+11	1.41333e+10	9.17637e+10	1.86959e+11	-7.84389e+09	-4.41357e+10	2.25091e+11
4.9e-10	6.96146e+09	6.60141e+10	1.86583e+11	3.7127e+10	8.78611e+10	2.47602e+11	1.49714e+10	-1.11615e+11	1.13268e+11	2.17735e+09	-1.36263e+10	1.65986e+11	5.58805e+09	-2.07688e+11	1.71422e+10
4.95e-10	1.59732e+10	2.58502e+11	3.97978e+09	3.1643e+10	-1.59322e+10	1.87306e+11	2.51643e+10	3.55307e+10	2.50072e+11	-2.87165e+09	3.4938e+10	9.13261e+10	6.41335e+09	-5.47415e+10	-1.92854e+11
5e-10	4.70726e+10	2.39284e+11	2.11754e+11	2.05278e+10	5.73513e+10	3.08298e+11	1.42179e+10	-2.34166e+11	1.68764e+11	1.86317e+09	-3.90593e+10	4.0937e+10	7.31479e+09	-5.34206e+09	1.33564e+11
5.05e-10	-1.01807e+10	3.69589e+10	-6.4612e+10	5.13229e+07	-8.64144e+10	-1.36589e+10	1.20892e+10	2.53266e+10	1.77803e+11	-1.17299e+09	-1.22668e+09	1.511e+11	1.2674e+10	-3.3485e+10	1.45641e+11
5.1e-10	1.64639e+10	1.04209e+11	-1.84336e+11	3.76518e+10	-3.98386e+11	1.22158e+11	-9.38932e+09	-3.36983e+10	-6.36001e+09	1.3724e+09	6.09099e+10	3.07407e+10	4.43148e+09	-1.99175e+11	1.75873e+10
5.15e-10	1.30094e+10	1.05786e+11	-1.23303e+11	2.76561e+09	1.19308e+11	-2.3434e+10	-5.22202e+09	-5.1309e+10	-6.70541e+09	-2.13142e+10	-2.13917e+11	4.22886e+10	7.39942e+09	-8.67566e+09	-2.24284e+11
5.2e-10	4.16811e+10	3.54469e+11	1.04987e+11	2.85359e+09	-4.35704e+10	3.25709e+10	4.31609e+09	-1.66818e+11	-9.74388e+10	9.43925e+09	-8.97314e+10	-1.47452e+11	-2.64108e+09	-4.02899e+10	5.12139e+10
5.25e-10	2.73587e+10	1.66349e+11	5.52696e+10	1.84747e+10	5.31148e+10	2.19847e+11	-1.6813e+09	-3.10176e+10	-1.86555e+11	6.4863e+09	-8.04727e+10	-2.35948e+11	-3.35933e+09	-1.15269e+10	-1.61384e+11
5.3e-10	4.05965e+10	2.49831e+11	1.65175e+11	1.6295e+10	-1.31955e+11	1.56989e+11	-4.85802e+09	-1.58416e+11	-2.14699e+10	1.97579e+10	-5.03378e+10	9.03858e+10	2.2165e+09	-6.40522e+10	1.02134e+11
5.35e-10	5.58763e+10	3.16123e+11	-7.47766e+10	1.40958e+10	-7.32941e+10	2.85347e+11	-3.31269e+09	-1.58658e+11	4.60171e+11	-3.83821e+09	-6.64645e+10	-5.00063e+09	2.97449e+09	-9.25828e+10	-6.3921e+10
5.4e-10	1.08619e+11	4.09696e+11	-5.82642e+10	-1.75362e+10	-5.9937e+10	-7.33819e+10	2.71779e+09	-1.33479e+11	2.38307e+11	6.292e+09	-1.12072e+11	-9.38869e+10	1.50845e+10	-7.64217e+10	-3.49642e+11
5.45e-10	4.30916e+10	2.72819e+11	-4.90378e+10	3.19422e+10	-3.57248e+11	-9.94658e+09	-2.21817e+10	-5.99678e+09	-1.68635e+11	3.99923e+09	-6.94121e+10	-3.70265e+10	-4.38617e+09	6.27556e+09	-1.02738e+11
5.5e-10	1.2392e+11	3.65389e+11	-1.22235e+11	2.465e+10	5.26584e+10	1.60905e+11	1.18145e+10	-1.23026e+11	-2.02871e+11	5.2312e+09	-6.36434e+10	-9.05939e+10	-1.10572e+10	-7.0539e+10	8.15837e+10
5.55e-10	9.90017e+10	2.22942e+11	1.49615e+11	2.94471e+10	-2.52152e+11	8.36151e+10	4.60504e+09	-1.69988e+11	1.5088e+11	1.81606e+09	1.88436e+11	-2.3175e+11	1.2533e+09	6.96304e+10	-2.23285e+11
5.6e-10	1.44985e+11	4.15133e+11	1.70878e+11	3.85767e+10	1.26597e+11	2.81448e+11	-8.29076e+09	8.92833e+10	1.59777e+11	8.45495e+09	4.6372e+10	1.33238e+11	-1.60167e+09	1.02621e+11	8.62636e+10
5.65e-10	2.14709e+11	5.84156e+11	3.52507e+11	1.56952e+10	-1.87549e+11	1.04562e+10	-8.00202e+09	-1.52438e+11	-1.92226e+11	-4.80949e+09	1.33879e+10	1.69509e+11	3.33253e+09	-1.45359e+10	1.64978e+11
5.7e-10	1.59561e+11	4.0984e+11	1.0768e+10	4.52532e+10	-1.17884e+11	2.49801e+11	2.45629e+09	-1.10368e+11	1.765e+11	-1.06709e+10	1.30758e+11	-9.09999e+10	1.84302e+09	7.94818e+10	-1.30659e+11
5.75e-10	1.53848e+11	4.12976e+11	-1.0919e+11	2.64588e+10	-1.54449e+11	2.78015e+10	3.56371e+10	-2.07746e+11	3.86555e+10	-1.23787e+10	1.13069e+10	-2.05072e+11	7.40263e+09	1.54119e+11	-8.46166e+10
5.8e-10	2.26733e+11	5.98572e+11	-2.27259e+10	2.96789e+10	1.37936e+11	1.33498e+11	-2.90397e+08	1.18963e+11	1.92275e+11	-8.33073e+09	4.75568e+10	-8.07318e+10	5.62149e+09	-1.0444e+11	8.77565e+10
5.85e-10	1.71045e+11	4.28581e+11	-2.45545e+11	6.84958e+10	-3.53654e+11	1.44575e+11	1.60597e+10	-1.47483e+11	-7.77757e+10	-6.45269e+08	-5.53996e+09	2.34059e+11	8.60948e+09	2.1436e+10	4.94287e+10
5.9e-10	1.95122e+11	4.89165e+11	1.41758e+11	6.48078e+10	1.29337e+11	3.64528e+11	6.52747e+10	-3.63614e+11	3.32348e+11	2.7389e+09	-7.91516e+10	-1.11484e+11	1.36808e+10	3.86828e+10	-1.63386e+11
5.95e-10	2.08416e+11	4.05454e+11	-2.02829e+11	2.86893e+10	9.26138e+10	1.64539e+11	-1.19918e+09	1.63754e+10	6.8295e+10	-1.6746e+09	1.17393e+11	-8.07259e+10	-7.82568e+09	4.70848e+10	-1.94523e+11
6e-10	1.79703e+11	3.50714e+11	1.33608e+10	7.92791e+10	1.75874e+11	3.35986e+11	5.53591e+10	-4.75136e+11	-5.76627e+10	4.55751e+09	-6.76469e+10	-7.50163e+10	-4.69706e+09	1.68372e+11	-7.89161e+10
6.05e-10	1.53449e+11	5.57643e+11	-2.11867e+11	1.64029e+11	-4.41277e+10	4.27485e+11	-2.85296e+10	2.94752e+10	-9.00869e+10	2.55819e+09	-1.35481e+11	-9.81129e+10	-1.37626e+10	1.75842e+11	-1.34625e+11
6.1e-10	6.15787e+10	1.83703e+11	-1.37424e+11	1.59052e+11	-1.8143e+11	4.70931e+11	5.12978e+09	3.74058e+10	6.88687e+10	1.68451e+10	-1.6245e+11	-6.0982e+10	-2.68331e+09	8.14678e+10	3.00155e+07
6.15e-10	8.66044e+10	2.59897e+11	-1.31309e+11	9.40967e+10	2.82726e+09	3.16986e+11	3.37447e+10	-5.32138e+10	2.07552e+11	-6.83273e+09	4.31902e+08	5.732e+10	7.10214e+09	2.05934e+10	-1.36859e+11
6.2e-10	9.94808e+10	3.33601e+11	3.85796e+10	1.79061e+10	-7.2327e+10	8.23871e+10	1.10713e+11	-2.64014e+11	3.58546e+11	2.87396e+10	-6.72217e+10	2.17871e+11	-1.51293e+10	-3.17741e+11	2.1961e+11
6.25e-10	4.369e+10	2.85073e+11	-1.20495e+11	1.43778e+10	1.06395e+11	1.00018e+11	3.89991e+09	-1.72175e+10	3.04362e+10	3.87971e+09	-3.75866e+10	-9.13915e+10	4.55245e+08	1.34453e+11	-4.5627e+10
6.3e-10	3.06704e+10	1.03402e+11	-1.76251e+09	1.71664e+10	-3.13668e+11	6.56886e+10	6.59229e+10	-2.13491e+11	3.56383e+11	2.35146e+10	-2.05446e+11	-5.88789e+10	-2.97538e+09	-2.04761e+11	-2.51588e+11
6.35e-10	5.42948e+10	4.06458e+11	1.05491e+11	1.36209e+10	1.76387e+11	6.53563e+10	7.19475e+09	2.60893e+10	7.58493e+10	1.23094e+10	-1.53104e+11	5.50776e+10	-6.48844e+09	5.4458e+10	1.069e+11
6.4e-10	3.07986e+10	4.06827e+11	1.08662e+11	1.40385e+10	1.69751e+10	1.08764e+11	2.4008e+10	-3.00675e+11	9.59795e+10	-5.17892e+08	-3.71486e+10	1.31086e+11	-8.17946e+09	-2.01205e+11	-2.07506e+10
6.45e-10	3.61641e+10	2.23142e+11	-2.10904e+10	-1.79413e+10	-1.22938e+11	3.70578e+10	-2.13402e+10	2.18657e+11	-4.05121e+10	5.84357e+10	-3.71061e+11	2.89395e+11	-1.82662e+10	-1.67387e+11	-3.4817e+11
6.5e-10	4.64805e+10	1.86516e+11	-1.96792e+10	1.55977e+10	-2.60927e+10	1.11648e+11	5.39813e+09	-2.48839e+10	2.43254e+11	6.47755e+08	-3.24156e+10	-8.88763e+10	-1.9219e+10	2.12457e+11	1.57324e+10
6.55e-10	3.54538e+09	3.48195e+10	2.46458e+10	-2.80738e+09	2.46311e+10	-2.78029e+10	2.61884e+10	-2.74921e+11	2.56927e+11	7.01606e+09	-6.7989e+10	-7.42845e+10	2.87225e+10	-2.32659e+11	-1.5458e+11
6.6e-10	7.28984e+09	5.21047e+10	-8.07189e+10	1.57697e+10	-1.30701e+11	1.4558e+11	2.95928e+10	5.98419e+10	4.21283e+11	-7.54184e+09	-1.4409e+09	2.41474e+10	3.16735e+10	-1.74596e+11	-2.59943e+11
6.65e-10	4.51101e+10	2.94971e+11	-1.06094e+11	-8.72359e+09	1.17271e+11	-2.21958e+11	1.92813e+10	-9.93829e+10	-1.6053e+11	-1.2442e+10	1.50962e+11	-9.02263e+10	-9.37726e+09	1.69214e+10	-9.73305e+10
6.7e-10	5.79706e+10	3.66335e+11	-4.70624e+10	4.94549e+09	2.45433e+10	-9.23232e+10	-1.16414e+10	-2.88636e+10	7.57292e+10	1.36552e+10	-8.6894e+10	1.05271e+11	1.13118e+10	-8.85305e+10	-9.89679e+10
6.75e-10	1.83109e+10	7.19905e+10	-5.55909e+10	1.15656e+10	-4.64939e+10	3.57811e+10	-6.36521e+09	-1.29961e+11	3.84296e+10	-1.47527e+10	5.09771e+10	-5.71188e+10	4.62834e+09	-3.84842e+11	-2.26116e+10
6.8e-10	4.71146e+10	4.62168e+11	4.15857e+10	7.47458e+09	-1.33844e+11	1.97718e+11	-1.44278e+10	2.19193e+10	-9.79847e+10	8.44228e+09	-1.98527e+11	-4.79815e+10	-2.622e+09	1.0333e+10	-2.25088e+11
6.85e-10	2.87527e+10	2.75659e+11	2.00436e+11	9.54543e+08	-1.6893e+10	2.30538e+11	-2.13105e+10	2.5577e+11	3.50151e+10	-2.69741e+10	2.99138e+11	-6.78318e+10	-2.70851e+10	3.74179e+11	-2.29933e+11
6.9e-10	-5.15088e+09	2.70711e+11	-1.33458e+11	-7.69963e+09	1.5831e+11	-3.75004e+10	-3.64468e+09	1.21921e+11	2.09677e+11	-1.30737e+10	3.06048e+10	7.26724e+10	-4.58887e+09	2.78828e+11	-1.75945e+11
6.95e-10	4.10925e+10	2.92598e+11	2.2652e+11	-3.57973e+10	-2.78688e+10	-1.32897e+11	3.53076e+09	-1.91632e+11	-5.52559e+10	-8.77219e+09	-1.77745e+10	8.54177e+10	-1.45098e+10	-1.54582e+11	2.0491e+10
7e-10	-3.52966e+10	-2.70848e+11	-2.31405e+10	1.65508e+09	5.07225e+10	6.48164e+10	-1.17079e+10	-5.40372e+10	-1.04649e+10	1.24616e+10	-4.3639e+10	2.16921e+11	-8.9243e+09	-2.02464e+10	-2.16954e+11
7.05e-10	5.82027e+10	3.77458e+11	2.71425e+10	-7.63451e+09	1.06998e+10	-2.63181e+10	2.71766e+09	-1.00047e+11	-3.08148e+10	-7.54939e+09	-4.71055e+10	-3.30712e+11	-1.33191e+10	-1.57423e+11	-1.66056e+11
7.1e-10	2.98014e+10	1.48213e+11	-2.10392e+11	-1.05831e+10	-1.21199e+11	-1.56694e+10	-9.96113e+09	-2.17129e+10	-1.51355e+11	-5.19185e+09	-1.88197e+11	-9.39809e+10	5.76829e+09	1.06567e+11	-3.26746e+10
7.15e-10	8.42618e+10	3.75506e+11	-5.54924e+10	-2.45306e+09	-5.06137e+10	1.91648e+11	3.70305e+09	7.36165e+10	1.55146e+11	-4.29616e+08	1.62407e+11	2.26416e+11	-7.47463e+09	-1.50497e+10	-3.36579e+11
7.2e-10	1.16949e+11	5.4154e+11	-1.38452e+11	5.57464e+10	1.38485e+11	1.73948e+11	-5.59741e+09	7.4935e+10	8.75327e+10	-2.13578e+10	-1.43949e+09	3.61165e+10	3.04945e+10	-3.28089e+10	-3.08207e+11
7.25e-10	6.22096e+10	2.71993e+11	-4.11957e+10	3.87729e+10	-2.5454e+11	2.07336e+11	3.58004e+09	2.95497e+10	-3.50899e+10	-3.55494e+09	1.73968e+11	3.11786e+10	1.18306e+10	-1.60133e+11	7.13889e+10
7.3e-10	1.10294e+10	1.43896e+11	9.91754e+10	1.6878e+10	2.82847e+11	1.29321e+09	9.88792e+09	5.84808e+10	1.41077e+11	-9.70025e+09	3.85611e+11	1.79562e+10	1.45539e+10	-1.91178e+11	-4.65391e+10
7.35e-10	5.28531e+10	3.36162e+11	1.97101e+11	3.10135e+10	-2.27322e+11	1.92644e+11	3.66101e+10	-1.37032e+11	2.82648e+11	2.09964e+10	-2.46739e+11	2.65537e+11	-1.52301e+10	3.23977e+11	9.48072e+10
7.4e-10	1.05661e+10	5.03795e+10	2.3922e+11	1.19247e+10	-5.618e+10	7.75574e+10	3.72532e+10	3.50125e+10	2.4313e+11	1.65521e+10	2.46531e+10	2.05971e+11	-7.20844e+08	2.73855e+11	2.24606e+11
7.45e-10	5.66629e+10	2.24152e+11	6.08511e+10	-9.69769e+09	-8.94018e+10	5.842e+10	6.83212e+09	-5.12423e+10	1.62119e+11	2.95715e+09	-2.92773e+11	-1.34284e+10	1.71955e+10	-1.7133e+11	-3.05718e+10
7.5e-10	9.94261e+10	3.1961e+11	3.56774e+09	-1.02321e+10	1.61267e+11	-4.14552e+10	2.21631e+10	-2.75885e+11	2.01452e+11	-2.40826e+09	-2.37061e+11	-6.55836e+10	2.65514e+10	-2.95146e+11	1.95064e+11
7.55e-10	1.00747e+11	3.50104e+11	3.04568e+11	5.52783e+10	-3.34737e+11	3.1226e+11	-8.04348e+09	2.78924e+10	1.95418e+11	-2.1597e+09	-1.05585e+11	-7.11797e+10	-5.69122e+09	-4.83633e+10	2.29887e+10
7.6e-10	3.28263e+10	1.71695e+11	-1.61186e+10	6.44159e+10	1.38663e+10	4.60101e+11	-2.22697e+09	-2.47438e+11	1.54813e+10	-8.13989e+09	-7.35901e+10	-6.78326e+10	-1.5109e+10	-9.1641e+10	-1.16545e+11
7.65e-10	2.04991e+10	1.14831e+11	7.28078e+10	1.60453e+09	2.5881e+10	2.07539e+10	1.78338e+10	-3.12289e+10	2.40232e+11	1.62862e+10	-2.06318e+11	8.42166e+10	-1.23784e+10	-1.83201e+11	1.35388e+11
7.7e-10	2.10928e+10	1.13929e+11	7.42802e+10	7.07827e+09	-3.66804e+11	-2.12873e+10	5.94367e+10	-2.68302e+11	8.95016e+10	2.35736e+09	1.28615e+11	2.94568e+10	1.08892e+10	-8.16617e+10	-1.05501e+11
7.75e-10	1.84289e+10	5.75086e+10	-2.7257e+10	7.27073e+10	9.28772e+09	3.94431e+11	-2.01716e+10	1.58785e+11	-5.77844e+10	-3.38708e+10	-1.0302e+11	3.37469e+11	1.32967e+10	-1.4085e+11	-2.79983e+11
7.8e-10	7.36422e+10	3.07687e+11	2.41716e+11	-2.04591e+10	-1.58296e+11	2.35961e+10	6.48894e+10	-2.6073e+11	3.20051e+11	1.24956e+10	-2.58061e+11	2.80192e+11	-3.23044e+09	-2.29138e+10	1.82236e+10
7.85e-10	9.47942e+10	3.07232e+11	9.47874e+10	7.46583e+10	2.16934e+11	3.31462e+11	2.65427e+10	-3.03107e+11	2.16614e+11	6.59037e+09	-1.45411e+11	-2.67665e+11	-1.83428e+10	7.95762e+10	-2.49579e+10
7.9e-10	1.07067e+11	3.3652e+11	-4.30156e+10	-1.56385e+09	6.5273e+10	-4.56083e+10	-1.44105e+10	-1.88878e+09	-9.99705e+10	1.8036e+10	-3.17094e+11	-1.39501e+11	-2.64148e+09	-7.78439e+10	-1.70748e+11
7.95e-10	1.52307e+11	4.96571e+11	1.33693e+11	4.64643e+10	-1.4749e+11	1.79693e+11	-1.24985e+10	1.19856e+11	2.93756e+10	1.60918e+08	-1.1443e+11	1.0982e+11	9.37216e+09	-1.63834e+10	-1.28655e+11
8e-10	9.29908e+10	2.65511e+11	3.65707e+10	-1.91008e+10	-2.6601e+10	-3.64368e+10	8.46953e+09	-1.31966e+11	5.11112e+10	-3.02381e+10	6.49674e+10	-3.46312e+10	4.71263e+09	-9.98084e+10	-3.04885e+11
8.05e-10	9.67035e+10	3.33232e+11	-1.58116e+11	6.38212e+10	1.57233e+11	3.78489e+11	-4.20758e+10	3.26817e+11	-1.18201e+09	7.91188e+09	-1.98874e+11	-8.73737e+10	4.15394e+09	-1.94185e+11	1.81008e+11
8.1e-10	4.04151e+10	1.48914e+11	1.38892e+11	5.60329e+10	3.56092e+10	1.97592e+11	3.10545e+10	-9.14078e+10	9.24487e+10	-2.60417e+08	-3.2204e+11	2.11629e+11	-1.2162e+10	4.22913e+10	-3.13781e+11
8.15e-10	2.37955e+10	-2.765e+10	-2.35937e+11	2.23426e+10	1.67324e+11	2.71189e+11	1.39656e+10	1.37261e+11	1.76986e+11	6.49691e+09	3.5456e+10	1.73471e+11	-9.28501e+09	-5.25166e+10	-2.08912e+11
8.2e-10	9.41715e+10	1.90863e+11	-3.01336e+11	4.20583e+10	1.62115e+10	1.89172e+11	-1.24539e+10	-1.5084e+11	-1.18997e+11	-1.43453e+09	-3.03625e+11	-2.35687e+11	2.28559e+09	5.32729e+10	-1.57437e+11
8.25e-10	6.21718e+10	5.15302e+11	5.29348e+10	4.74028e+10	1.73044e+11	1.70202e+11	7.34605e+10	-5.1066e+11	2.12099e+11	8.61873e+09	-1.33195e+11	-6.59679e+10	1.18193e+10	-3.22155e+10	-3.65919e+10
8.3e-10	1.10278e+10	6.30777e+09	-2.00533e+11	5.37917e+10	2.42805e+11	3.02183e+11	2.14065e+10	-1.02609e+11	7.06604e+10	9.31421e+09	-1.6701e+11	2.89373e+10	5.85621e+09	-2.41956e+11	1.51096e+11
8.35e-10	3.93162e+10	1.34506e+11	-1.79859e+11	4.08302e+10	5.12642e+10	2.85426e+11	1.48268e+10	-1.33934e+11	7.20779e+10	-2.21347e+10	4.09681e+10	1.34463e+11	1.62665e+09	7.56726e+09	1.21957e+11
8.4e-10	9.50904e+10	1.14356e+11	-5.55594e+11	-1.7786e+10	-1.98447e+11	1.11954e+11	-3.00527e+10	-2.64941e+11	-2.41055e+11	2.75073e+10	-2.19533e+11	7.97197e+10	1.77411e+09	-7.13713e+10	2.96693e+10
8.45e-10	5.03843e+10	1.82933e+11	-4.26974e+11	3.57428e+10	9.15573e+10	1.65172e+11	2.78876e+09	1.43844e+11	2.24683e+11	2.19445e+10	-1.82966e+11	1.41592e+11	4.32885e+09	-1.7497e+11	5.78511e+09
8.5e-10	6.60036e+10	1.01877e+11	-3.33843e+11	2.88456e+10	5.16079e+11	1.62993e+11	1.48256e+10	-4.49927e+10	9.11181e+10	1.59047e+10	5.30338e+10	2.29141e+11	7.67664e+09	-9.9541e+10	-1.41577e+11
8.55e-10	1.7147e+10	1.27663e+11	-1.69273e+11	-7.02006e+09	1.39218e+11	1.64517e+11	-8.486e+09	1.82028e+11	1.42961e+11	6.80189e+09	-2.81339e+11	-9.7615e+09	-2.33717e+09	-1.51299e+10	-3.49982e+10
8.6e-10	1.5769e+10	-9.70408e+10	-1.58313e+10	8.9571e+08	1.08937e+11	9.72197e+10	-8.68718e+08	2.24509e+10	6.97367e+09	4.56145e+08	-1.3913e+11	6.05822e+10	5.0595e+09	-1.06687e+11	2.03488e+11
8.65e-10	2.46838e+10	-2.77131e+10	-2.97224e+11	-1.58866e+10	-4.56001e+10	-9.80338e+10	1.37486e+10	1.09781e+10	1.56813e+11	2.43726e+09	9.9446e+10	1.33208e+11	-1.36989e+10	2.06383e+11	1.53342e+11
8.7e-10	2.08846e+10	-1.40137e+10	-9.42725e+10	-1.9277e+10	-2.0894e+11	-5.89343e+10	-2.89985e+09	-6.75822e+10	2.91444e+11	1.05334e+10	-1.03507e+11	1.50941e+11	1.04498e+10	-2.53773e+11	-3.40588e+10
8.75e-10	8.72542e+10	-3.44055e+11	-1.78125e+11	2.56545e+09	-7.92626e+10	2.23397e+11	-1.56403e+10	3.15151e+10	-1.77435e+11	1.23283e+10	-2.08772e+11	-9.84129e+09	-1.34964e+10	-3.80109e+10	-8.01931e+10
8.8e-10	8.51291e+10	-2.12428e+10	-6.97819e+11	6.9238e+09	9.49674e+10	-1.21646e+11	-1.55788e+10	5.41888e+10	-2.00192e+10	-1.60266e+10	2.73792e+11	1.39509e+11	-8.5219e+09	-1.92069e+11	-7.73026e+10
8.85e-10	1.25529e+11	-1.9761e+11	-4.53373e+11	2.94565e+10	6.78091e+10	-2.63847e+11	5.99605e+09	-2.37529e+11	2.31368e+11	-1.82829e+10	-1.99836e+11	-2.12323e+10	5.95427e+08	-2.07351e+11	3.00323e+10
8.9e-10	-1.55079e+09	1.47298e+11	-1.16862e+11	1.15023e+10	7.98821e+09	-4.32291e+11	1.8367e+09	3.58529e+10	-4.03142e+10	-1.96195e+10	-1.31668e+11	-5.75838e+09	-1.38931e+10	8.8747e+10	2.13867e+10
8.95e-10	1.05682e+10	1.09168e+11	-1.38238e+11	2.29107e+10	8.36294e+10	3.25367e+11	1.56042e+10	1.11308e+11	7.10139e+10	-1.95248e+10	1.30842e+11	-1.63845e+11	4.40942e+09	-5.40717e+10	-1.42121e+10
9e-10	5.09244e+10	-5.03176e+11	-6.37677e+10	-1.95619e+10	8.05486e+09	-2.24446e+11	1.32612e+10	8.9276e+10	7.24419e+10	-1.1884e+10	2.92868e+11	9.39499e+10	1.48924e+10	-9.15529e+10	-3.4338e+11
9.05e-10	2.30249e+10	-3.19614e+11	-1.6427e+10	1.44873e+10	1.00177e+11	2.19032e+11	4.47534e+10	1.52351e+11	2.07609e+11	-1.04359e+10	9.96367e+09	1.02373e+11	4.6824e+09	1.23593e+11	-4.419e+10
9.1e-10	8.70747e+10	-3.93607e+11	-2.38922e+11	-2.98968e+09	2.69299e+10	-2.26973e+09	6.25599e+09	3.16888e+11	1.88942e+11	1.06102e+10	-4.61759e+10	2.18521e+11	1.62113e+09	-4.42742e+10	-2.0732e+11
9.15e-10	2.8876e+10	-1.31316e+11	2.9879e+10	2.04999e+10	1.01089e+11	-1.92583e+11	-1.13344e+09	2.84007e+11	-2.7004e+10	-5.66437e+09	-1.65962e+11	2.74713e+11	-1.61093e+09	-3.75151e+10	5.84109e+08
9.2e-10	3.68888e+09	-1.06832e+11	9.4726e+10	-1.10642e+10	2.84752e+10	1.05118e+11	1.10406e+10	1.80962e+11	7.15498e+09	1.06387e+10	-2.768e+10	5.36446e+10	1.31003e+10	-2.25542e+11	2.2264e+11
9.25e-10	5.67222e+10	-2.97259e+11	2.4583e+11	3.1357e+10	3.22456e+11	7.58698e+10	-2.06591e+10	1.25728e+11	1.03002e+10	-1.32996e+10	2.82719e+11	1.00096e+11	1.06195e+10	-3.75413e+10	5.37586e+10
9.3e-10	5.27997e+10	-3.20437e+11	-2.57249e+11	7.80016e+09	1.81855e+11	-2.99192e+10	-5.8108e+09	1.14993e+11	-1.33363e+11	-2.71532e+09	3.05045e+11	-2.35012e+10	-1.67391e+10	-3.02143e+10	2.63837e+11
9.35e-10	8.81733e+10	-4.87673e+11	-1.72533e+11	4.93199e+09	1.08502e+11	-6.81925e+10	6.55656e+09	1.24503e+11	-1.56265e+11	2.07674e+09	8.6284e+10	4.55285e+10	-7.73298e+09	1.29209e+11	-5.11596e+10
9.4e-10	5.5963e+10	-3.40917e+11	2.25693e+11	4.30832e+10	-7.11405e+10	-3.09399e+11	-3.85308e+09	9.36003e+10	-5.39705e+09	-2.28326e+10	-2.74705e+11	8.33047e+10	-2.37174e+10	-2.7183e+11	-1.07423e+11
9.45e-10	1.90763e+11	-5.18632e+11	6.06353e+09	2.71244e+10	7.24045e+10	-2.01268e+11	3.0796e+08	6.00789e+10	-1.84619e+11	-1.55701e+09	1.25988e+11	-8.19349e+10	-1.41129e+10	-1.41112e+11	-1.37813e+11
9.5e-10	9.87451e+10	-2.95543e+11	1.911e+10	1.22707e+10	1.46455e+11	-7.13626e+10	-4.99861e+09	5.08606e+10	1.00255e+10	3.66664e+10	1.41356e+11	1.72277e+11	-4.39486e+09	-1.98475e+11	-1.79073e+10
9.55e-10	1.31669e+11	-3.3683e+11	-5.2086e+10	5.39683e+10	3.15607e+11	-2.61686e+11	6.29223e+10	1.14412e+11	-3.04334e+11	1.87056e+09	-1.58636e+11	2.09823e+11	-3.37545e+09	-2.59046e+11	-1.55742e+11
9.6e-10	9.18392e+10	-2.97848e+11	-8.28838e+09	1.89041e+10	1.36166e+10	-1.28131e+11	-1.29163e+09	-1.32665e+11	-2.91755e+11	-4.93501e+08	2.60921e+10	1.21125e+11	-6.81663e+08	5.57549e+10	1.23342e+11
9.65e-10	3.37231e+10	-1.11966e+11	2.74905e+10	2.29617e+10	7.33257e+10	-1.37149e+11	2.60798e+10	7.65019e+10	-1.21137e+11	-7.18057e+09	1.07005e+11	1.3148e+11	5.04051e+09	-1.8058e+11	-1.37165e+11
9.7e-10	7.93482e+10	-3.69202e+11	-9.88875e+10	-9.05713e+09	-9.02854e+10	-4.61332e+10	4.28002e+10	2.24187e+11	-1.29206e+11	-1.22725e+10	-2.7388e+11	-1.53309e+11	-5.80516e+09	-2.61672e+11	-6.8754e+10
9.75e-10	1.97764e+11	-4.28084e+11	2.30176e+11	4.60957e+10	4.43711e+09	-2.21143e+11	5.2996e+10	2.73676e+11	-3.82861e+11	1.35051e+10	1.33366e+11	-1.61e+11	-1.41176e+10	3.38343e+10	2.32249e+11
9.8e-10	1.54013e+11	-2.7001e+11	1.75127e+11	4.00628e+10	-5.50836e+10	-2.66444e+11	3.37442e+09	1.71327e+10	5.1583e+10	-1.45864e+10	-3.83724e+10	1.26594e+11	-7.12859e+09	-1.15018e+11	-1.18462e+10
9.85e-10	2.37706e+11	-3.42558e+11	2.12103e+11	1.11755e+10	-1.58761e+11	-4.96284e+10	3.51842e+10	9.44056e+10	-1.65692e+11	-2.87463e+09	1.16036e+10	5.27664e+10	3.76459e+10	4.39149e+11	4.80206e+10
9.9e-10	2.2812e+11	-4.60864e+11	4.7129e+11	1.24131e+11	-4.43953e+11	-3.59471e+11	7.9288e+10	1.11784e+10	-4.35939e+11	2.79522e+10	2.69813e+11	1.30177e+11	-2.67612e+10	3.38756e+10	2.62039e+11
9.95e-10	3.28074e+11	-2.76976e+11	5.5518e+11	9.31106e+10	-2.41131e+11	-2.5092e+11	8.9489e+09	-1.19811e+11	-5.90127e+10	2.35079e+10	1.1323e+11	-3.54589e+11	3.02544e+09	1.28741e+11	-2.99439e+10
1e-09	1.86058e+11	-1.51171e+11	3.08939e+11	8.24715e+10	2.65107e+10	-3.47005e+11	-2.48879e+10	7.93181e+10	1.37137e+11	2.52247e+10	-1.56672e+10	-2.87084e+11	-1.29048e+10	1.1069e+11	-2.75863e+11
1.005e-09	3.17845e+11	-1.91726e+11	5.97779e+11	8.1517e+10	-1.24236e+11	-1.87888e+11	3.06714e+10	2.74623e+11	-2.7666e+10	1.27649e+10	3.36789e+11	1.81872e+11	-1.30568e+09	1.05544e+10	-2.66241e+10
1.01e-09	3.37737e+11	-3.28643e+11	5.46797e+11	9.54524e+10	-2.16486e+11	-2.00823e+11	9.1345e+10	1.49372e+11	-4.28038e+11	-2.65166e+10	1.6506e+11	3.45702e+11	-1.34552e+10	-5.80747e+10	-7.96192e+10
1.015e-09	2.98911e+11	-1.42483e+11	5.69788e+11	5.9479e+10	8.31569e+10	-3.42878e+11	-8.0595e+09	-2.6349e+11	-4.39019e+10	2.97051e+10	4.00083e+11	-7.7598e+10	-1.22777e+10	-4.79116e+10	9.11381e+09
1.02e-09	3.53223e+11	-2.13727e+11	8.40728e+11	9.42585e+10	-1.46491e+11	-3.4745e+11	5.52265e+10	8.48933e+10	-2.67276e+11	-2.97114e+10	-9.87481e+10	1.02998e+09	6.41798e+09	1.38855e+11	6.83622e+10
1.025e-09	2.17134e+11	-3.02728e+11	4.85574e+11	3.50959e+10	-1.75829e+11	4.7614e+10	2.66406e+10	-5.89673e+10	-2.25904e+11	2.79105e+10	2.80804e+11	-1.33602e+11	5.74998e+09	1.11774e+11	8.68519e+10
1.03e-09	3.04543e+11	-2.71685e+11	5.13048e+11	7.71052e+10	-2.58772e+11	1.13556e+10	5.65112e+10	-8.0821e+10	-2.63401e+11	5.66417e+10	-8.4708e+10	-4.53487e+11	7.91864e+09	2.60448e+10	1.27843e+11
1.035e-09	2.1082e+11	-4.33023e+10	5.04303e+11	3.58048e+10	-9.00892e+10	-2.21098e+11	2.02179e+10	1.14886e+11	-1.6549e+11	-1.53455e+09	-2.30624e+11	-4.30281e+10	1.82156e+09	3.35431e+10	-1.66207e+11
1.04e-09	2.93772e+11	-1.64568e+11	5.68151e+11	1.7108e+11	-4.26761e+11	-2.7401e+11	3.61584e+10	-1.34997e+11	-1.42789e+11	7.9228e+10	4.43254e+10	-3.93999e+11	-1.08165e+10	-1.67154e+11	-5.2093e+10
1.045e-09	2.73354e+11	-5.69311e+11	3.79794e+11	9.04263e+10	-2.5108e+11	-1.41197e+11	2.53894e+10	-1.74293e+10	-1.69536e+11	-2.85369e+09	-2.00685e+11	-1.31603e+11	-5.25694e+09	-7.87465e+10	-8.93238e+10
1.05e-09	3.14776e+11	-3.90592e+11	4.65792e+11	2.49185e+11	-4.81678e+11	-3.87356e+11	6.58652e+10	-1.93161e+11	-2.46106e+11	2.66596e+10	1.25659e+11	-1.30049e+11	1.93004e+08	1.40783e+11	7.32791e+09
1.055e-09	3.8306e+11	-3.09995e+11	5.57034e+11	2.80674e+10	-3.14662e+10	-1.69971e+11	6.01955e+10	-1.57344e+11	-2.89002e+11	2.12103e+10	1.89605e+11	-2.05128e+11	1.61211e+10	2.52004e+11	-2.03583e+10
1.06e-09	2.76878e+11	-3.32528e+11	5.20025e+11	1.12849e+11	-3.442e+11	-1.73475e+11	5.27243e+10	-1.40102e+11	-1.79037e+11	1.1525e+09	-2.36474e+09	1.83194e+10	-1.089e+10	4.63617e+10	-3.68063e+10
1.065e-09	2.53206e+11	-4.19183e+11	3.79776e+11	2.05543e+11	-3.97263e+11	-3.79426e+11	6.12412e+10	-2.71691e+11	-2.74251e+11	1.99644e+10	1.26017e+11	-2.06834e+11	-1.39742e+10	4.11208e+10	1.62152e+11
1.07e-09	1.93373e+11	-3.27613e+10	4.74627e+11	7.92538e+10	-2.12875e+11	-1.57433e+11	4.73814e+10	7.27079e+09	-1.97341e+11	-1.72576e+10	-2.30987e+11	-3.97888e+10	2.09311e+10	2.76743e+11	5.77605e+10
1.075e-09	1.633e+11	-1.11569e+11	4.00276e+11	9.79406e+10	-3.54398e+11	-3.58729e+11	5.65601e+10	-5.2059e+10	-2.42753e+11	1.63565e+10	-2.353e+11	-2.6154e+11	-9.43824e+09	1.73026e+11	5.86108e+10
1.08e-09	2.3932e+11	-5.01426e+11	6.15721e+11	1.47049e+11	-4.06527e+11	-3.60534e+11	7.80413e+10	-2.81726e+11	-2.22553e+11	3.00815e+10	9.90218e+10	-2.5131e+11	-6.30479e+09	-1.38952e+11	-1.90366e+11
1.085e-09	2.2734e+11	-2.20096e+11	5.73717e+11	8.43571e+10	-7.94488e+10	-3.64101e+11	7.38531e+10	5.45353e+10	-3.55565e+11	5.35839e+10	-1.77344e+11	-3.01311e+11	2.153e+10	2.3408e+11	-2.2421e+11
1.09e-09	9.64684e+10	1.6025e+10	2.38597e+11	6.27984e+10	-1.18482e+11	-2.48524e+11	3.14693e+10	-1.77865e+11	-1.69508e+11	2.94898e+10	7.87191e+10	-2.48151e+11	-4.59492e+09	5.8263e+10	7.97861e+10
1.095e-09	7.14247e+10	-1.66042e+11	1.50953e+11	6.37353e+10	-3.05705e+11	-3.75944e+10	1.98318e+10	3.01167e+10	-2.03012e+11	3.30892e+10	7.45283e+10	-2.43173e+11	2.18303e+10	1.65548e+11	6.11248e+10
1.1e-09	1.2265e+11	-1.08574e+11	2.86368e+11	4.09374e+10	-2.14497e+11	-8.88925e+10	-4.10734e+09	2.71349e+10	-7.26199e+10	-1.44067e+10	5.0218e+10	1.51121e+11	5.12701e+09	9.76409e+09	-1.27256e+11
1.105e-09	4.68432e+11	-3.94634e+11	7.00455e+11	9.39965e+10	-4.83023e+11	-1.03432e+11	4.97169e+09	-3.33579e+11	6.87298e+09	2.174e+10	5.7247e+10	-1.78401e+11	2.95271e+10	1.40421e+11	3.84413e+10
1.11e-09	3.02736e+11	-1.23121e+10	5.45868e+11	1.09972e+11	-3.33911e+11	-2.38236e+11	5.55545e+10	-4.65508e+10	-3.42527e+11	2.68518e+10	-1.6819e+11	-3.75882e+11	1.38993e+10	6.01847e+10	-4.20351e+10
1.115e-09	1.94672e+11	2.88086e+10	4.82015e+11	1.3061e+11	-3.2098e+11	-1.73827e+11	5.13564e+10	-3.99956e+10	-3.06086e+11	8.52952e+09	-4.73965e+10	-1.9881e+11	-1.36126e+09	3.64015e+10	1.35668e+10
1.12e-09	1.23765e+11	7.21866e+10	2.39409e+11	1.31954e+11	-3.39962e+11	-1.26697e+11	-8.56412e+09	-1.02906e+11	9.42962e+10	7.21337e+08	1.65905e+09	-5.36931e+10	1.81339e+09	7.13342e+10	-1.83296e+11
1.125e-09	1.07887e+11	4.24623e+10	2.87264e+11	1.20008e+11	-2.71256e+11	-3.0625e+11	2.95064e+10	-7.79629e+10	-2.8455e+11	1.39587e+10	5.37252e+10	-1.89708e+11	-1.5644e+09	2.31783e+11	-1.40775e+11
1.13e-09	6.79863e+10	-1.85249e+11	1.58765e+11	1.07412e+11	-4.07106e+11	-8.93e+08	6.89416e+09	-1.55316e+11	1.29331e+10	-1.99218e+10	5.59731e+10	1.30897e+11	-5.22195e+08	6.80954e+10	-3.09135e+10
1.135e-09	4.95271e+10	-2.22135e+10	2.52553e+11	4.46095e+10	-1.83825e+11	-2.59816e+11	5.17544e+10	-1.86228e+11	-2.75191e+11	-8.09846e+09	-1.11808e+11	1.24944e+11	3.39531e+10	2.06674e+11	2.38566e+11
1.14e-09	-3.73485e+09	-1.14899e+11	-7.84961e+10	5.41206e+10	-2.79992e+11	-1.60316e+11	1.22904e+11	-3.90461e+11	-2.65401e+11	-1.36746e+10	-1.5117e+11	6.83457e+10	-1.46504e+10	7.19548e+10	3.87254e+10
1.145e-09	3.98293e+10	-2.19992e+11	1.93567e+11	3.86129e+10	-1.47002e+11	-7.5067e+10	-1.61809e+10	-2.41274e+11	7.80987e+10	-9.13323e+09	-2.65724e+11	-1.44629e+11	-2.02093e+10	-1.46041e+11	4.29114e+09
1.15e-09	2.08576e+10	-1.94053e+11	3.74512e+11	1.95112e+10	-1.12882e+11	-7.23214e+10	2.39076e+10	-2.43468e+11	-2.73085e+11	2.82768e+10	4.31241e+10	-2.26527e+11	-1.15786e+10	5.83384e+10	-3.80555e+11
1.155e-09	6.97218e+10	-4.85562e+11	2.31831e+11	-2.85209e+10	6.86399e+10	1.50022e+11	1.71835e+10	-3.20014e+11	-1.24252e+11	-9.60924e+09	-9.07504e+10	-4.44559e+10	2.8714e+10	2.27544e+11	4.18599e+10
1.16e-09	9.82791e+10	-3.65249e+11	2.27535e+09	8.98625e+09	-1.79038e+11	-1.11332e+11	5.41926e+09	2.20973e+09	-1.7169e+11	1.44163e+10	-7.25392e+10	-4.20383e+11	2.25405e+09	1.52046e+11	-1.76075e+10
1.165e-09	5.29482e+10	-1.81704e+11	1.52323e+10	2.74251e+10	-9.9312e+10	-1.195e+11	1.35546e+10	-3.57079e+10	-1.14042e+11	-1.53374e+10	-1.21233e+10	2.68252e+11	1.11811e+10	7.35732e+10	-1.08864e+10
1.17e-09	1.62676e+11	-4.16962e+11	2.85682e+11	-4.51302e+09	1.5318e+11	-9.61093e+10	-1.03685e+09	-4.18935e+10	9.09951e+10	-1.43724e+10	-4.02021e+10	-1.66917e+11	-1.36378e+10	-7.29119e+10	1.07827e+11
1.175e-09	1.17998e+11	-3.33068e+11	1.69557e+11	1.06512e+11	-2.65838e+11	-3.89548e+11	-7.53017e+09	-8.90812e+10	6.52159e+10	6.256e+09	-6.99918e+10	-1.20788e+11	-4.95432e+09	1.33757e+11	-1.71428e+11
1.18e-09	2.18621e+11	-5.41017e+11	1.73266e+11	9.91317e+10	-4.08787e+08	-3.98915e+11	-1.31551e+10	-5.50725e+08	4.70391e+10	-8.18255e+08	-1.12288e+11	-1.33936e+11	1.3483e+09	4.09323e+11	-2.66203e+11
1.185e-09	7.3283e+10	-1.23772e+11	1.30362e+11	8.94338e+10	7.45461e+10	-3.30715e+11	-1.3118e+09	-3.37447e+10	-7.38064e+10	1.58946e+10	1.05395e+11	-9.23201e+10	1.56555e+10	2.89912e+11	1.26898e+11
1.19e-09	1.75669e+11	-3.66164e+11	3.29449e+11	1.05964e+11	1.58526e+11	-4.64184e+11	-4.90768e+10	-4.08661e+11	-1.6531e+11	-1.65194e+10	-1.06006e+11	-2.0235e+11	-1.91333e+10	-7.0476e+10	3.38104e+11
1.195e-09	2.19606e+11	-5.22106e+11	5.66687e+10	3.62543e+10	8.21445e+10	-1.52708e+11	5.10019e+10	2.75803e+11	-8.95995e+10	-1.62126e+10	1.67485e+11	-2.66653e+11	-7.48068e+09	6.71864e+10	3.69135e+10
1.2e-09	1.95018e+11	-5.29892e+11	4.54035e+10	6.83273e+10	4.43632e+10	-3.15985e+11	2.83911e+10	1.5306e+11	-2.56938e+11	-4.91551e+09	-7.11385e+10	4.35637e+10	-2.12022e+10	-1.45205e+11	-1.12694e+10
1.205e-09	1.51915e+11	-5.19909e+11	1.15323e+11	8.83236e+10	2.33844e+10	-4.15349e+11	-4.96438e+09	-5.41007e+10	8.8282e+10	4.63237e+09	1.02228e+11	1.65309e+11	1.3147e+10	3.22765e+11	1.59111e+11
1.21e-09	1.75031e+11	-3.22106e+11	-3.5354e+11	5.99679e+10	1.62759e+11	-1.90717e+11	-1.17192e+10	-1.76818e+11	2.92788e+09	2.65014e+10	2.68662e+11	8.5838e+10	7.18316e+09	3.14838e+11	7.9468e+10
1.215e-09	1.47997e+11	-3.87891e+11	2.66898e+10	8.96192e+10	3.19922e+10	-2.65407e+11	7.41653e+09	3.14722e+10	-2.68848e+11	-1.94286e+09	3.3032e+10	1.77559e+10	1.10631e+10	2.81321e+11	-6.46221e+10
1.22e-09	3.11083e+11	-8.02182e+11	1.83417e+11	1.09225e+11	1.0443e+11	-4.55633e+11	-1.09634e+10	-1.28309e+11	-3.50301e+11	9.43323e+09	-3.46227e+10	-2.95773e+11	2.04926e+09	1.94781e+11	1.155e+11
1.225e-09	1.7887e+11	-4.57465e+11	-8.38887e+10	4.08885e+10	-5.02386e+09	-2.30945e+11	3.8983e+10	5.58869e+10	-1.9283e+11	-1.26047e+10	4.13108e+11	-9.74307e+10	-8.41427e+08	2.15529e+11	-1.47582e+10
1.23e-09	1.10805e+11	-2.49149e+11	3.01486e+10	1.02233e+11	6.20448e+10	-3.5533e+11	2.29723e+10	1.09016e+11	-1.24549e+11	-9.6184e+09	9.06376e+09	7.20588e+10	-4.46838e+09	-4.33856e+10	1.37858e+11
1.235e-09	1.69193e+11	-4.10668e+11	-1.33884e+11	7.45637e+10	6.45168e+10	-2.49874e+11	2.86568e+10	2.17829e+11	-1.48083e+11	2.67636e+09	2.81396e+11	-8.35027e+10	-1.18735e+10	7.98834e+10	-2.06703e+10
1.24e-09	1.03464e+11	-2.6014e+11	3.97778e+10	9.35514e+10	1.66525e+11	-3.4347e+11	1.20622e+11	4.19889e+11	-2.34282e+11	1.44151e+10	1.41416e+11	-1.16999e+11	6.801e+09	1.07004e+10	2.65916e+11
1.245e-09	1.47661e+11	-3.23861e+11	2.08846e+11	7.14053e+10	-1.67112e+11	-2.75927e+11	-1.95912e+10	-2.44139e+10	2.90997e+10	1.28723e+10	3.51952e+11	2.85213e+11	-2.59785e+10	1.61805e+11	-2.51849e+10
1.25e-09	1.90231e+11	-4.44161e+11	-1.39057e+09	9.32529e+10	-3.50784e+11	-4.04474e+11	8.20345e+09	2.15846e+11	-7.54264e+10	1.19011e+10	2.37572e+11	-9.54455e+10	8.19562e+09	-1.40135e+11	1.64287e+11
1.255e-09	2.63298e+11	-5.57937e+11	1.5216e+11	1.14568e+11	-1.25507e+11	-3.44543e+11	9.08922e+10	3.81523e+11	-3.23407e+11	8.52902e+07	2.28818e+11	-2.23717e+11	-2.87272e+10	-3.89135e+10	-2.53332e+11
1.26e-09	2.44465e+11	-5.48206e+11	2.94255e+11	1.87206e+11	7.10791e+10	-6.44793e+11	2.60384e+10	1.37082e+11	-1.40293e+11	-5.88478e+09	8.48657e+10	-2.25497e+11	1.07262e+09	7.61343e+09	3.73854e+10
1.265e-09	1.48778e+11	-2.58407e+11	2.70707e+11	1.04334e+11	-1.44313e+11	-2.808e+11	2.76102e+10	-1.25686e+11	-3.07298e+11	-2.64085e+10	-1.37334e+11	-1.23179e+11	5.79668e+09	7.14489e+10	1.92415e+11
1.27e-09	7.48064e+10	-2.20473e+11	1.64913e+10	7.59329e+10	1.0833e+11	-2.77807e+11	3.33346e+10	1.09733e+11	-1.59707e+11	-2.91038e+08	8.16089e+10	1.95811e+11	-2.3876e+09	-4.13387e+10	-1.78771e+10
1.275e-09	1.8672e+11	-4.4055e+11	2.37226e+10	1.33671e+11	-2.69941e+11	-2.11574e+11	6.34955e+10	1.3236e+11	-1.86109e+11	-8.82797e+09	-1.04739e+11	3.34294e+10	-9.47581e+09	1.06177e+10	5.03702e+10
1.28e-09	9.05975e+10	-2.25034e+11	1.61169e+11	1.69336e+11	-4.44072e+10	-4.15531e+11	-7.29159e+09	2.94044e+11	-2.46493e+10	-1.71687e+10	3.65788e+10	1.31374e+11	-2.3797e+10	4.2978e+10	-1.90789e+11
1.285e-09	8.98441e+10	-2.46439e+11	-1.78629e+10	8.75675e+10	-2.63545e+11	-3.02387e+11	3.29294e+10	3.00554e+11	-2.5871e+11	1.41709e+10	1.94e+11	-2.12068e+10	-8.73997e+09	-7.41744e+10	2.5814e+11
1.29e-09	4.64883e+10	-2.02895e+11	2.64298e+11	6.38925e+10	-2.48276e+11	-3.3221e+11	1.02262e+11	1.06215e+11	-5.50855e+11	2.9927e+10	9.65162e+10	-2.6296e+11	-1.21273e+10	-1.4308e+11	1.10457e+11
1.295e-09	9.94085e+10	-3.31038e+11	-1.07511e+11	8.4407e+10	4.21226e+09	-3.39783e+11	5.61205e+10	2.85014e+11	-1.38335e+11	1.67217e+09	3.00979e+11	-1.35825e+11	-2.60462e+10	-2.20338e+11	1.3019e+11
1.3e-09	9.09906e+10	-4.4821e+11	-1.07882e+11	3.99934e+10	-1.57004e+11	-1.79959e+11	5.79051e+10	1.71148e+11	-2.50545e+11	1.66895e+10	1.98088e+11	-1.32014e+11	7.48702e+09	-1.08842e+11	2.75692e+11
1.305e-09	3.99941e+10	-2.20242e+11	1.64157e+11	4.82847e+10	2.37275e+11	-4.44034e+11	-1.53646e+10	-7.74867e+10	-1.18996e+10	1.29126e+10	1.39208e+11	-4.8319e+10	1.11964e+10	1.87865e+11	7.79276e+10
1.31e-09	-2.32763e+10	5.06814e+10	-1.15841e+11	8.47651e+10	2.29152e+10	-3.36979e+11	9.09256e+09	2.18772e+11	2.50921e+10	5.49016e+09	3.59e+11	6.69155e+10	-4.96818e+10	-1.21163e+09	-4.10163e+11
1.315e-09	4.46379e+09	-2.43172e+11	-2.87532e+11	4.51492e+10	1.65246e+11	-2.32285e+11	3.91098e+10	1.6469e+11	-3.4108e+11	1.72469e+10	1.19245e+11	-5.45863e+10	-6.77936e+09	3.88738e+10	1.51161e+10
1.32e-09	4.84939e+10	-2.72392e+11	6.01244e+10	-2.94125e+09	-1.03539e+11	9.2132e+10	4.35396e+10	3.29741e+11	-4.08024e+11	5.40556e+09	1.64126e+11	1.39107e+11	1.49547e+10	2.55844e+11	-4.50951e+10
1.325e-09	-2.85902e+10	1.3763e+11	8.10044e+10	4.77964e+09	3.12496e+11	6.4213e+10	1.64587e+10	-1.19524e+11	-6.50734e+10	1.03884e+10	2.57507e+11	-3.21219e+11	-3.23613e+10	-2.89678e+11	-1.07459e+11
1.33e-09	-9.78592e+09	-2.47136e+10	-1.0539e+11	3.93202e+09	-1.64276e+11	-1.67975e+11	-1.34697e+10	-3.85017e+10	1.73514e+11	4.19194e+09	1.18076e+11	-1.11976e+11	2.27665e+10	-3.08536e+10	2.81758e+11
1.335e-09	5.82651e+10	-2.33152e+11	7.41925e+10	4.17162e+10	1.73477e+11	-3.15657e+11	6.18822e+07	1.06585e+11	1.76149e+11	1.56366e+10	2.00597e+11	2.94627e+11	7.43511e+08	6.32984e+09	5.21026e+11
1.34e-09	9.01279e+10	-3.40074e+11	-3.23289e+11	4.85523e+10	-3.34225e+11	-3.85532e+11	1.9983e+10	8.4944e+09	-1.92748e+11	1.3306e+10	6.55703e+10	-7.6234e+10	6.61104e+09	2.59544e+11	2.70378e+11
1.345e-09	3.26873e+10	-1.23053e+11	-1.20328e+11	1.04852e+11	3.09826e+11	-4.62691e+11	-6.70902e+09	-3.46816e+10	3.60031e+10	-1.6649e+10	-2.07131e+11	1.53969e+11	1.05422e+10	1.99476e+11	3.59046e+10
1.35e-09	3.51367e+10	-1.91264e+11	-2.68865e+11	9.68706e+10	3.92288e+11	-4.64207e+11	-6.45426e+09	-1.33366e+11	-2.10319e+11	-5.1734e+09	2.74437e+11	1.44604e+11	1.72444e+10	1.32145e+10	1.99336e+11
1.355e-09	8.95824e+10	-1.67036e+11	-3.3839e+11	8.12679e+10	1.48371e+11	-4.36321e+11	3.83875e+10	2.52036e+11	-2.81735e+11	-8.8622e+09	-2.91882e+10	-9.46535e+10	1.07746e+09	1.97667e+11	1.29757e+11
1.36e-09	1.32008e+10	-4.86455e+10	-7.21001e+10	2.35203e+10	1.20728e+11	2.38416e+09	8.31347e+09	2.48378e+11	-7.20849e+10	-2.89986e+08	-2.91218e+11	-2.5698e+11	1.60586e+10	1.85379e+10	6.5219e+10
1.365e-09	1.95644e+10	-5.97026e+10	-1.01907e+11	2.22336e+10	7.452e+10	-9.89351e+08	-8.17729e+09	-3.13436e+10	-8.10607e+10	-9.99012e+09	-1.77893e+11	-1.03516e+11	-2.25465e+10	6.4145e+10	-1.7559e+11
1.37e-09	6.85736e+10	1.70295e+11	-1.76623e+11	4.94108e+10	3.28071e+11	1.00909e+11	-3.02935e+10	-1.97024e+11	1.67896e+11	-3.06492e+09	1.09069e+11	-9.49658e+10	-7.81952e+09	7.63047e+10	2.03576e+11
1.375e-09	4.64051e+10	2.82216e+11	3.50625e+10	1.8855e+09	3.90295e+10	8.43255e+10	3.06349e+10	2.433e+11	1.19647e+10	2.02054e+09	8.71417e+10	-1.15333e+11	-1.22521e+10	-2.06733e+11	7.36178e+10
1.38e-09	6.42212e+10	1.337e+11	-2.69909e+11	5.42684e+10	2.07996e+11	2.62074e+11	-2.67567e+08	3.8809e+10	-1.28756e+11	1.95773e+10	5.94605e+10	1.32191e+11	5.79005e+09	-1.94904e+11	2.95498e+11
1.385e-09	6.95269e+09	2.68659e+11	7.88923e+10	3.98105e+10	1.22219e+11	2.85778e+11	8.04628e+08	1.06661e+11	-5.92527e+10	5.87532e+09	1.05468e+11	-8.85373e+09	-5.86283e+09	1.93157e+11	-3.37017e+10
1.39e-09	1.4603e+11	5.72444e+11	-3.52723e+11	3.84969e+09	1.18366e+11	1.86284e+10	-5.8933e+09	8.15875e+10	1.27131e+11	-1.11963e+10	-8.16515e+10	1.32512e+11	-1.57927e+09	1.75195e+11	-1.08736e+10
1.395e-09	9.06965e+10	3.04927e+10	-3.75853e+11	6.43256e+10	1.65649e+11	2.75607e+11	1.45557e+10	-6.39857e+10	2.26928e+11	-4.46109e+09	1.15357e+11	-2.99149e+11	2.39748e+10	1.87016e+11	1.50607e+11
1.4e-09	1.64556e+11	1.66428e+11	-4.62769e+11	9.36089e+09	-4.35796e+10	1.02114e+11	-5.67301e+09	2.19325e+11	6.99962e+10	-7.59483e+09	-3.77595e+10	-2.46613e+10	-2.42694e+09	3.3641e+09	8.64227e+10
1.405e-09	3.18493e+11	3.52879e+11	-6.0339e+11	2.29689e+10	4.17517e+10	3.10801e+11	3.29492e+10	7.60813e+10	2.29659e+11	4.27123e+10	-2.48528e+11	2.13652e+11	-3.72136e+09	-1.25078e+10	6.03585e+10
1.41e-09	2.18783e+11	-8.11243e+10	-4.9716e+11	7.27696e+10	2.45355e+11	3.88075e+11	4.54521e+10	-9.75482e+10	3.51494e+11	-1.24428e+10	9.77746e+10	1.72741e+10	5.75327e+09	2.32352e+11	1.31661e+11
1.415e-09	2.03904e+11	3.81095e+11	-2.71318e+11	1.14031e+11	4.714e+11	1.24418e+11	6.82151e+10	6.36435e+10	5.38344e+11	1.40658e+10	-6.1455e+10	1.12859e+11	-7.82991e+09	-6.15309e+10	4.50721e+10
1.42e-09	2.66057e+11	3.18936e+11	-5.03142e+11	1.83702e+11	2.37654e+11	6.39532e+11	-5.14943e+09	-1.00895e+11	7.56309e+10	1.80925e+10	4.16825e+10	2.11963e+11	-7.18663e+09	-2.21954e+10	9.44356e+10
1.425e-09	3.35221e+11	3.96861e+11	-5.62095e+11	5.03375e+10	1.31152e+11	8.23874e+10	6.31292e+09	1.65176e+11	1.02211e+11	-7.27014e+09	-1.34664e+11	-3.51675e+10	-2.24132e+10	1.25198e+10	1.03207e+11
1.43e-09	1.82708e+11	3.12571e+11	-2.86016e+11	7.13998e+10	2.69861e+11	-1.0067e+11	-2.92072e+09	-1.89027e+11	1.04902e+11	8.74987e+09	-2.00579e+11	5.2772e+10	-1.68735e+09	-7.1507e+10	9.11334e+10
1.435e-09	1.88425e+11	1.3586e+11	-4.95453e+11	1.597e+11	5.32033e+11	1.54436e+11	9.5269e+10	9.92346e+10	5.1944e+11	-2.16705e+10	1.76552e+11	-1.17639e+11	-8.31737e+08	1.93854e+11	3.62722e+11
1.44e-09	1.782e+11	2.55162e+11	-3.42427e+11	1.84132e+11	5.64318e+11	2.5586e+11	6.08475e+10	5.33332e+10	2.53687e+11	4.59949e+09	-5.54675e+10	6.19802e+10	6.28844e+08	2.81619e+09	7.14179e+10
1.445e-09	1.3333e+11	1.53229e+11	-5.20006e+11	9.91154e+10	2.19906e+11	2.90055e+11	3.90737e+10	3.40755e+10	1.90559e+11	1.7236e+10	1.27336e+10	1.83261e+11	-6.29509e+09	8.56733e+10	-6.7738e+10
1.45e-09	3.3147e+11	6.55753e+11	-3.84737e+11	5.04806e+10	4.19231e+10	2.6858e+11	8.5922e+10	-8.73895e+10	3.5721e+11	-1.51481e+10	-2.73879e+10	-6.22857e+10	4.6064e+09	4.57171e+09	-5.72255e+10
1.455e-09	2.66609e+11	5.61844e+11	-2.73362e+11	4.19447e+09	1.66253e+11	4.67283e+10	5.03467e+10	4.32875e+08	2.68803e+11	6.35029e+10	-1.64781e+11	3.04927e+11	-2.021e+10	9.0927e+10	-4.16526e+10
1.46e-09	1.59171e+11	2.64835e+11	-2.93961e+11	1.14682e+11	3.44349e+11	3.76302e+11	6.30457e+10	3.04389e+10	3.65815e+11	2.63646e+10	4.20662e+10	1.84009e+11	2.98935e+09	-3.20585e+11	-1.10404e+11
1.465e-09	2.36645e+11	3.62239e+11	-3.57737e+11	1.20511e+11	6.13356e+10	4.04671e+11	7.13214e+09	4.33715e+09	1.42284e+11	1.41992e+10	1.38225e+11	2.41599e+11	1.2503e+10	-1.78945e+11	-1.69284e+11
1.47e-09	2.59256e+11	3.09326e+11	-3.93834e+11	1.56709e+11	4.36822e+11	2.83644e+11	7.95837e+10	7.97039e+10	3.35545e+11	-8.41738e+09	8.06388e+10	1.29123e+10	8.5338e+09	-3.30589e+10	-4.37004e+10
1.475e-09	3.25922e+11	5.21966e+11	-2.42253e+11	6.37077e+10	2.15493e+11	1.43259e+11	8.17036e+10	-3.88937e+10	3.7225e+11	-2.52506e+09	-1.00179e+11	1.89624e+09	2.23281e+09	-1.5593e+11	1.64394e+11
1.48e-09	5.00186e+11	4.4831e+11	-6.44667e+11	1.35476e+11	3.70808e+11	1.50478e+11	1.69243e+10	-4.98703e+10	1.40619e+11	4.06978e+10	-2.74886e+11	1.24119e+11	-1.18046e+10	-2.59871e+10	-1.73172e+11
1.485e-09	3.93475e+11	-8.6016e+09	-7.08056e+11	1.10714e+11	3.44196e+11	5.00643e+10	7.65422e+09	-1.28731e+11	7.56239e+10	3.57245e+10	-4.30127e+11	1.40535e+11	4.67918e+10	-4.11474e+11	1.87933e+11
1.49e-09	3.54275e+11	2.12169e+11	-5.57749e+11	2.0068e+11	3.50163e+11	3.8376e+11	2.86461e+09	-1.14856e+11	1.26682e+11	4.65975e+10	-1.01119e+11	2.59242e+11	-2.28372e+10	1.14201e+11	-2.13179e+11
1.495e-09	2.6086e+11	1.9623e+11	-5.85899e+11	1.62938e+11	3.85101e+11	2.14256e+11	-8.09383e+09	2.92511e+10	5.0791e+10	-1.84646e+10	6.57838e+10	-7.23363e+10	-5.73595e+09	-4.1885e+10	4.61729e+10
1.5e-09	2.13394e+11	1.52227e+11	-4.29794e+11	1.6415e+11	2.75001e+11	3.73433e+11	7.78726e+10	8.20153e+10	4.53161e+11	3.21148e+10	-2.76278e+11	2.24045e+11	3.67648e+10	-3.89922e+11	-1.57369e+11
