Mon Oct 21 15:27:37 2024

<base> : Rectangle : 0m, 0m, 0m; 5um, 50nm, 5nm. Cells : 1000, 10, 1. Cellsize : 5nm, 5nm, 5nm
<supermesh> : Rectangle : 0m, 0m, 0m; 5um, 50nm, 5nm. Cells : 1000, 10, 1. Cellsize : 5nm, 5nm, 5nm

Saved data (dataname (unit) <meshname> (cells_rectangle)) : 

time (s)	<mxdmdt> (1/s) <base> (2.6um, 0m, 0m; 2.61um, 50nm, 5nm)			<mxdmdt> (1/s) <base> (3um, 0m, 0m; 3.01um, 50nm, 5nm)			<mxdmdt> (1/s) <base> (3.5um, 0m, 0m; 3.51um, 50nm, 5nm)			<mxdmdt> (1/s) <base> (4um, 0m, 0m; 4.01um, 50nm, 5nm)			<mxdmdt> (1/s) <base> (4.5um, 0m, 0m; 4.51um, 50nm, 5nm)			

0	8350.32	-99093	-104561	8576.16	-17160.5	318964	-13175.6	707813	630961	-3506.71	-259085	129225	-16337.2	303543	-343710
5e-12	1.79398e+10	1.3762e+11	-2.75095e+11	-1.21542e+10	-1.38826e+11	-2.12289e+11	1.81201e+10	-3.91293e+10	1.73091e+11	5.99827e+09	-1.38044e+11	2.50076e+11	1.61325e+10	1.74138e+10	-3.39407e+11
1e-11	5.72492e+09	-4.38634e+10	-1.51366e+11	-7.45825e+08	1.52323e+11	6.83474e+10	-1.17056e+10	5.06002e+10	-4.70897e+10	-1.05142e+10	-6.41476e+10	-8.40572e+10	-1.38183e+10	5.23248e+10	1.89776e+11
1.5e-11	-1.58956e+10	-3.89242e+09	-1.90771e+11	4.65713e+09	-1.20134e+11	-4.13799e+10	1.98996e+09	-1.87855e+11	3.34833e+10	-1.82326e+10	2.81675e+10	-1.39065e+11	-5.50795e+09	7.76879e+10	-7.72478e+10
2e-11	7.29021e+09	-1.89367e+11	6.93208e+10	-1.24546e+10	6.38822e+10	1.87119e+11	-1.82715e+09	3.58914e+09	2.30829e+10	-1.28175e+09	-1.40303e+11	3.3479e+10	-2.108e+09	7.62642e+10	-1.2478e+11
2.5e-11	8.14747e+09	-1.33071e+11	-3.78798e+10	-2.89243e+10	-2.16545e+11	-2.30108e+11	1.02528e+09	3.25784e+10	-3.25017e+10	-7.87082e+09	-1.76977e+11	-6.42819e+10	-2.42361e+10	-1.78123e+11	-6.50399e+08
3e-11	3.06661e+09	-3.64816e+10	-5.64282e+10	1.36939e+10	1.54869e+11	-7.9899e+10	-3.43416e+09	7.38405e+10	-1.97208e+11	3.23103e+09	1.29826e+11	7.28296e+10	7.88592e+09	1.7997e+11	-1.49849e+11
3.5e-11	2.05587e+10	-1.09325e+11	-1.48321e+11	-1.79959e+10	-1.01523e+11	-1.49808e+11	1.23212e+09	1.11534e+11	9.85382e+10	-6.20203e+09	-2.64981e+10	1.17643e+11	-1.81802e+10	1.39629e+11	2.68745e+11
4e-11	2.35753e+10	-1.49461e+11	9.73785e+10	-1.31877e+10	-2.2802e+11	1.7543e+11	8.55888e+09	1.28948e+10	-2.26719e+10	8.17332e+08	2.5714e+11	8.74156e+10	-2.53082e+08	-7.94098e+10	3.57936e+10
4.5e-11	1.7582e+10	-2.21056e+11	-1.69756e+11	-2.32486e+10	-2.09267e+11	2.30309e+11	-2.28353e+10	-7.57893e+10	-1.76623e+11	2.03317e+09	-1.94195e+11	-3.82809e+11	-2.74371e+10	2.1465e+10	8.07652e+09
5e-11	6.50505e+08	8.37284e+10	-1.54541e+10	-1.32938e+10	4.11791e+09	2.1161e+11	-5.13914e+09	-3.14758e+11	-9.88573e+10	-1.14401e+10	1.58901e+11	3.64092e+10	-4.34298e+09	-9.39906e+10	8.11825e+10
5.5e-11	1.68819e+10	-5.86944e+10	-3.53063e+11	-6.85299e+09	-7.99632e+09	-1.98836e+11	-1.65798e+10	7.36691e+10	-1.88828e+11	-1.05111e+10	-6.63604e+10	-8.23304e+10	1.18776e+08	-2.0777e+11	1.74181e+11
6e-11	-2.74488e+10	1.44614e+11	1.10524e+11	-9.33938e+08	1.83206e+10	3.84058e+10	-1.31416e+10	2.05902e+11	8.98034e+10	2.85543e+09	2.48511e+11	-2.40095e+11	-2.52973e+10	-3.12973e+11	1.32575e+11
6.5e-11	4.77997e+09	-1.98424e+11	2.39874e+11	6.01726e+08	-3.13229e+10	-7.27289e+10	-9.69462e+09	-4.76593e+09	7.04046e+10	4.50655e+09	3.85254e+11	9.29304e+10	-1.18793e+08	1.28836e+11	-1.13599e+11
7e-11	-2.03263e+10	-1.02133e+11	6.64943e+10	6.34196e+09	-1.78656e+11	-4.31997e+10	-1.54433e+10	-8.77467e+10	-8.19304e+10	4.87999e+09	3.33924e+10	-1.41438e+11	-2.89148e+10	1.65081e+11	-1.4462e+11
7.5e-11	-7.45716e+09	3.73395e+09	6.70866e+10	7.27227e+08	-8.04146e+10	-2.12244e+11	-5.5637e+09	-1.14046e+11	2.94543e+10	-8.14409e+09	9.0468e+10	1.06332e+11	9.79165e+09	7.97593e+10	2.57169e+10
8e-11	4.68369e+09	-1.75142e+11	2.01666e+11	-9.04657e+09	-2.588e+11	9.29244e+10	-1.19298e+10	-1.42604e+11	6.33201e+10	-1.25691e+10	8.00643e+10	-1.38917e+11	-1.60071e+10	1.92802e+11	1.81919e+11
8.5e-11	-1.95269e+09	9.30551e+10	1.33379e+11	-1.73611e+09	1.33283e+11	-5.63672e+10	-1.20015e+10	-8.45178e+10	5.7437e+10	1.69079e+09	-8.60215e+09	-2.04692e+11	7.12962e+09	1.32025e+09	-2.36511e+11
9e-11	2.58435e+10	1.69355e+11	3.8643e+11	1.59061e+10	-7.07974e+10	-5.85172e+09	-7.95922e+09	-5.88519e+09	7.50514e+10	1.16424e+10	-5.92879e+10	-4.32445e+10	-5.70741e+08	-2.11053e+11	-2.53798e+11
9.5e-11	6.84151e+09	-8.08106e+10	1.78681e+11	-3.32199e+09	1.8448e+11	-1.88336e+11	-1.66232e+10	-9.06082e+10	-4.9338e+10	3.30413e+09	1.06888e+11	5.19861e+09	-4.18983e+09	4.24949e+10	-6.38315e+10
1e-10	3.60778e+09	-1.0426e+11	1.4083e+11	5.72839e+09	-5.79398e+10	-1.23639e+11	-3.99099e+08	5.83554e+10	2.06006e+11	-5.3373e+09	-2.1116e+10	9.02347e+10	6.34738e+09	-1.28039e+11	-1.36249e+10
1.05e-10	1.47158e+10	1.41182e+10	1.23134e+11	2.72231e+09	-3.966e+10	-7.7053e+10	-1.76156e+10	-1.06679e+11	-1.52894e+11	5.65313e+09	5.46059e+10	-2.03726e+11	5.04309e+09	4.18193e+10	2.2431e+11
1.1e-10	5.28055e+09	8.92652e+10	-5.55037e+10	-5.61968e+09	-3.94905e+10	6.74484e+10	2.90951e+09	-1.56424e+11	-1.61835e+11	-2.96255e+09	1.38741e+11	-4.34013e+10	-1.91318e+09	6.25323e+10	1.21481e+11
1.15e-10	3.18635e+10	4.49035e+11	1.52432e+11	-5.43481e+09	-1.06503e+10	-2.77742e+11	-1.29138e+10	-5.13675e+10	1.1394e+11	4.60914e+09	3.48865e+10	-1.54755e+11	-3.17837e+09	-4.06044e+10	-1.485e+10
1.2e-10	-1.84329e+10	1.23459e+11	2.45535e+10	4.65812e+09	-1.40578e+11	2.17361e+11	2.89192e+10	1.36698e+11	-2.93314e+11	5.81207e+09	-1.76944e+10	-2.29852e+11	-1.06883e+10	-4.67392e+10	-7.30585e+10
1.25e-10	-6.66578e+09	-3.59295e+11	3.15087e+10	-2.07483e+10	-6.15154e+10	-3.40982e+11	4.7479e+09	-1.20875e+11	7.94228e+10	-9.8988e+09	7.73692e+10	-1.06689e+11	-1.57422e+10	-4.67591e+10	4.09745e+10
1.3e-10	2.43808e+10	-1.7335e+11	-2.0585e+11	-5.90918e+09	6.52642e+10	-3.2439e+10	-2.06984e+10	1.98319e+11	-1.28642e+11	3.21303e+09	-2.76228e+10	-7.07808e+10	-1.39015e+10	-2.25609e+09	-6.00521e+10
1.35e-10	1.22396e+10	-1.6663e+11	-1.53907e+11	3.879e+09	2.90392e+11	-5.69853e+10	-3.01809e+09	-8.42309e+10	5.85134e+10	-1.32548e+10	-2.97207e+10	-5.28283e+10	-1.09643e+09	-2.12273e+11	2.16062e+10
1.4e-10	1.23314e+10	-2.73874e+10	-8.40115e+10	-1.15445e+10	-1.15761e+11	1.78775e+11	-2.04201e+09	5.36993e+10	1.11622e+11	-4.28937e+08	1.49641e+10	-1.72832e+11	-8.20556e+09	3.13411e+11	1.87781e+11
1.45e-10	-3.56627e+10	2.67221e+09	2.48066e+11	2.06079e+10	1.69735e+11	-6.87693e+09	6.90536e+09	-1.56014e+11	1.44794e+10	-2.01004e+10	-3.45051e+11	5.0081e+10	-1.23735e+10	2.06622e+11	2.87314e+11
1.5e-10	4.37554e+09	3.53829e+11	-2.53032e+11	1.19778e+10	2.32485e+11	-1.18933e+10	-9.92447e+09	-1.44373e+10	-4.57785e+10	3.7927e+09	-7.9411e+10	-3.48266e+10	-1.51882e+10	-8.76066e+10	9.75533e+10
1.55e-10	4.94449e+09	-1.37715e+10	-1.02812e+11	2.42941e+09	2.03999e+11	-8.14695e+10	-1.91852e+09	1.22459e+11	-4.68324e+10	1.09119e+10	1.31929e+11	1.09048e+11	-5.18603e+09	-5.54124e+10	7.91671e+10
1.6e-10	-4.26131e+09	6.82918e+10	-1.5255e+11	3.69267e+09	-1.2003e+11	-1.65127e+11	3.61372e+09	3.7596e+10	2.03094e+11	-8.46686e+09	-1.05223e+11	2.87727e+11	2.59254e+09	2.80382e+10	-1.78323e+11
1.65e-10	-6.75973e+09	2.22184e+10	-1.03707e+11	1.28223e+10	-9.82445e+10	-2.10068e+11	1.80648e+10	8.40379e+10	1.6269e+11	-1.12401e+10	1.33852e+10	1.35326e+10	-3.11088e+09	-3.53911e+10	2.68645e+09
1.7e-10	-4.92262e+09	2.38123e+11	-5.44009e+10	2.78488e+10	9.82658e+10	-3.3518e+11	1.3065e+10	1.75776e+11	1.37476e+11	2.064e+10	1.07041e+11	3.51948e+11	9.55258e+09	5.31831e+10	-9.26136e+10
1.75e-10	1.08848e+10	-3.55116e+10	7.68958e+10	2.78273e+09	-1.44512e+11	-5.78568e+10	-6.33552e+09	-7.91165e+10	1.14182e+11	-6.75913e+09	-3.24952e+10	1.6346e+11	4.62018e+09	-3.97432e+10	-1.32722e+11
1.8e-10	4.41263e+10	2.52236e+11	1.79424e+11	-1.17043e+09	-1.74533e+11	4.32992e+10	1.95548e+10	1.28522e+11	7.10698e+10	-2.7016e+09	4.56208e+11	-5.11643e+10	1.67169e+10	-2.57861e+11	1.33716e+11
1.85e-10	1.34889e+10	3.0791e+11	7.86509e+10	9.31775e+09	-3.13892e+11	-6.95175e+09	2.22042e+09	-5.62612e+10	2.33205e+10	-1.04679e+10	-1.60488e+10	1.62549e+10	-9.78107e+09	-1.19563e+11	-5.55443e+10
1.9e-10	3.3582e+10	9.29626e+10	1.3329e+11	-2.75935e+10	-3.6637e+11	3.09629e+11	3.25882e+09	1.58576e+11	-5.91605e+10	-3.39876e+09	7.11404e+10	4.0694e+09	1.27529e+10	-8.13424e+10	2.92802e+11
1.95e-10	1.23063e+10	4.27236e+10	1.67462e+11	-1.97958e+10	-1.58357e+09	2.30896e+11	-9.48405e+09	-1.45492e+11	-3.80429e+09	3.04096e+08	1.15174e+11	7.54812e+10	-1.3883e+10	4.11363e+10	4.04096e+10
2e-10	1.41996e+10	2.73254e+11	-5.02226e+10	1.12379e+10	-2.20912e+11	7.14281e+10	-2.47439e+10	-3.48571e+10	1.38283e+11	4.92246e+09	1.46002e+11	-6.62202e+10	-1.57029e+10	-4.56327e+10	-1.91591e+11
2.05e-10	-2.93543e+08	4.33738e+10	1.66619e+11	-5.67147e+09	-1.46179e+11	-2.24781e+11	3.55709e+09	5.1543e+10	-1.3176e+11	2.0565e+09	2.38109e+11	-4.87139e+10	-1.67422e+10	1.0716e+11	1.28021e+11
2.1e-10	2.34024e+09	1.02169e+11	6.77696e+10	3.25389e+10	-2.83786e+11	3.45984e+10	-1.82909e+09	-1.77099e+11	2.36132e+11	-1.24559e+10	1.19635e+11	1.10817e+11	2.61999e+08	-1.0387e+11	1.60979e+11
2.15e-10	7.2832e+09	1.11237e+10	9.95652e+10	-7.41569e+09	5.98244e+10	-3.05898e+10	1.45818e+10	-5.87006e+10	1.59394e+11	-9.06764e+09	-7.2383e+09	-1.38331e+10	-4.42128e+09	-2.8136e+10	1.72025e+10
2.2e-10	2.8381e+10	-1.61507e+11	-3.80478e+11	-9.18158e+09	2.2021e+11	2.66373e+10	1.47802e+10	-1.61379e+11	-3.01219e+10	-2.63313e+10	3.02261e+11	-1.18803e+11	-1.48693e+10	-1.76768e+11	4.56926e+10
2.25e-10	6.89434e+09	-4.67899e+10	-1.80912e+11	1.71156e+09	-2.79291e+10	1.09717e+11	-1.71484e+09	-3.34262e+10	3.24873e+09	1.23021e+10	-2.96e+10	-3.10006e+11	-1.54648e+10	-2.9565e+10	-1.79332e+11
2.3e-10	-1.24575e+10	2.60197e+11	-6.0036e+10	-8.88577e+09	1.08122e+11	1.03647e+10	8.60575e+09	2.53858e+10	2.63494e+11	-1.67932e+09	-6.05955e+10	-1.88367e+11	-2.34868e+09	-7.22183e+09	-1.70029e+11
2.35e-10	5.50178e+10	-3.56854e+11	-6.96268e+10	-2.14136e+10	8.13676e+10	2.33189e+11	-3.77053e+09	-4.77366e+10	-1.31043e+11	-2.71069e+10	2.2882e+11	4.71083e+10	6.18427e+09	1.92102e+11	-1.68335e+11
2.4e-10	-3.98809e+09	4.74733e+10	-1.84296e+11	1.36378e+10	3.06148e+11	-6.4121e+10	-2.11195e+10	-3.55639e+09	-2.91278e+11	4.9474e+09	-2.11044e+11	-2.15816e+11	3.40878e+09	8.45686e+10	-5.50783e+10
2.45e-10	3.98235e+10	-1.69617e+11	2.26883e+11	5.81124e+09	-1.23336e+10	6.49197e+09	-2.23112e+10	-2.28473e+11	-2.66964e+11	5.93145e+09	-1.98265e+11	-9.34522e+10	-5.22476e+09	-2.66539e+10	-7.06412e+10
2.5e-10	3.15476e+10	-2.63881e+11	1.51865e+11	-3.19326e+09	2.13694e+11	-1.14022e+11	1.75208e+10	1.27245e+11	2.48317e+11	-9.65617e+09	7.05935e+10	-1.59481e+11	-1.50122e+10	4.33619e+11	-7.49141e+10
2.55e-10	4.83089e+10	-7.01615e+10	2.73076e+11	-1.33239e+09	-2.71627e+11	4.20164e+10	-4.34694e+08	-9.00088e+10	1.31779e+11	8.95093e+09	3.2139e+10	5.43518e+10	-9.03304e+09	2.82296e+11	-5.78978e+10
2.6e-10	9.21014e+10	8.09176e+10	4.6282e+11	2.46774e+09	-2.56325e+11	-1.48771e+10	-4.63318e+09	3.88796e+10	1.60948e+09	-1.52533e+10	-1.84089e+10	-5.99569e+10	2.28217e+09	-1.41253e+11	-5.01858e+10
2.65e-10	-1.73663e+10	-2.13762e+10	5.76211e+09	4.67571e+10	-3.72921e+11	-5.17544e+10	4.12683e+09	-5.30252e+10	-7.39893e+10	1.67181e+10	-1.19206e+11	3.08336e+11	6.2258e+09	-9.81899e+10	-1.72975e+10
2.7e-10	1.82568e+09	2.02816e+11	1.6777e+11	-7.79031e+09	1.42197e+11	-9.35344e+09	-9.17013e+09	5.02008e+10	-6.93919e+09	-3.11313e+08	-9.68496e+10	1.69587e+11	-1.07139e+10	3.94968e+10	4.35292e+10
2.75e-10	-4.85827e+09	-1.53087e+11	1.28472e+11	3.30481e+10	-1.61261e+11	-2.20038e+11	-1.26337e+10	-4.43151e+11	-3.18586e+10	-2.44579e+10	1.9258e+10	-3.64304e+10	-4.71564e+09	1.57252e+11	6.97884e+10
2.8e-10	-6.53937e+09	-4.44903e+10	-4.84777e+10	3.36823e+10	-3.65978e+11	-2.07057e+11	5.28578e+09	1.31607e+11	-2.51065e+11	-5.1414e+10	-6.11718e+08	-2.60397e+11	-1.88823e+10	-1.76639e+11	1.5605e+11
2.85e-10	2.08087e+10	-1.85741e+11	-1.99522e+11	-6.96788e+09	1.02284e+11	4.39245e+10	2.29413e+10	3.28757e+10	-2.5915e+11	7.59948e+09	-1.55785e+11	3.41686e+11	-5.1518e+09	-5.77252e+10	-9.55357e+10
2.9e-10	1.30123e+10	5.13733e+10	1.9725e+11	-4.7107e+09	-2.90969e+11	1.76721e+11	2.21697e+10	1.51489e+11	-2.96605e+11	2.07735e+09	3.33421e+10	1.60726e+11	-7.38069e+09	3.91175e+10	1.32371e+10
2.95e-10	-6.9834e+09	5.47297e+10	1.01585e+11	8.54916e+09	9.54933e+10	1.21302e+11	1.25102e+10	3.31751e+10	-1.66043e+11	-3.14477e+10	-1.11563e+11	3.13504e+10	-1.53109e+10	-1.61667e+11	-3.65137e+10
3e-10	4.40799e+10	-1.71271e+11	3.49658e+11	-2.13071e+10	-2.18994e+11	-2.79176e+10	-1.49894e+10	1.25689e+11	-1.42086e+11	-1.4992e+10	-7.05168e+10	-7.25299e+10	9.34368e+08	9.9765e+10	5.30961e+10
3.05e-10	6.87869e+10	-2.24724e+11	3.48503e+11	-4.18854e+09	1.41475e+11	-2.12121e+10	-1.18501e+10	9.146e+09	-8.09891e+10	1.36762e+10	1.12038e+11	-1.58658e+11	-2.65561e+09	-1.22007e+10	-1.34037e+11
3.1e-10	1.06341e+09	7.08123e+10	1.10862e+11	7.55669e+09	-1.70612e+11	-5.96089e+10	-1.93583e+10	-1.58291e+11	-1.09327e+11	9.8987e+09	3.39437e+11	-1.02669e+11	-1.69459e+10	-3.34389e+10	-1.47832e+11
3.15e-10	6.19717e+10	2.24947e+11	2.71886e+11	3.22697e+10	-1.0706e+11	-2.30384e+11	1.07682e+10	1.41417e+11	9.2284e+10	-1.39249e+10	-1.34319e+10	5.52108e+10	-2.07344e+10	1.40302e+11	2.36627e+11
3.2e-10	3.94311e+10	1.85892e+11	-1.29764e+10	3.38081e+10	-2.48914e+11	2.36271e+11	-9.02918e+09	4.23456e+10	3.23167e+10	-8.07058e+09	1.09027e+11	1.34421e+11	-1.99309e+10	-8.85429e+10	1.19467e+11
3.25e-10	3.12377e+10	2.65935e+11	5.41134e+10	-1.23221e+10	2.96102e+10	6.50913e+09	1.60985e+10	5.51194e+10	-1.60673e+11	-1.45337e+10	-2.52155e+10	-1.06328e+11	-1.27745e+10	-1.53081e+10	-2.08709e+10
3.3e-10	5.47418e+10	3.30587e+11	-1.06475e+11	-9.44468e+09	-4.53528e+10	-5.35152e+10	6.32309e+09	-4.77696e+10	-3.08536e+11	-8.76448e+09	1.20587e+11	-4.4434e+10	-1.14463e+10	-6.53871e+10	3.36643e+10
3.35e-10	1.24029e+10	2.96387e+11	7.70649e+10	3.46848e+09	5.63963e+10	-4.78198e+10	-1.51486e+10	-1.22631e+11	3.43715e+10	6.27329e+09	1.43136e+11	4.12614e+10	-1.02939e+10	2.18885e+11	-8.3574e+10
3.4e-10	-4.40355e+09	1.61266e+11	7.93547e+10	5.99012e+09	-1.1266e+11	1.58519e+11	-4.2126e+09	-1.67608e+11	-1.34778e+11	8.48841e+09	1.74146e+11	-1.07132e+11	-2.071e+10	3.40666e+10	-2.01392e+11
3.45e-10	7.63793e+09	-6.4081e+10	-1.07268e+11	2.10589e+10	1.17559e+11	2.32634e+11	4.31663e+09	-9.35508e+10	-1.43669e+09	1.23228e+10	-1.56284e+11	-4.15609e+11	-6.46126e+09	1.09014e+10	1.39788e+11
3.5e-10	-5.41797e+09	-5.92362e+10	-1.0029e+11	-1.1235e+10	-2.73467e+08	-9.78104e+10	-4.20185e+09	-7.74063e+10	-2.63417e+11	-1.70956e+10	-1.12782e+11	-3.897e+11	-3.04433e+09	2.33954e+11	1.39909e+11
3.55e-10	2.20128e+09	-8.40675e+10	-3.09711e+10	1.40005e+10	3.0666e+11	8.71391e+10	2.09188e+10	-1.43475e+11	3.84102e+11	-1.74597e+10	1.17644e+11	-1.64724e+11	5.92213e+09	2.59117e+11	-1.51593e+11
3.6e-10	2.31011e+10	-3.44646e+11	-2.4663e+10	6.92767e+08	4.26735e+10	4.17144e+10	7.32472e+09	5.11535e+10	-3.41357e+10	4.35889e+09	-1.18559e+11	-1.43528e+11	-1.13873e+10	5.22435e+10	2.29085e+11
3.65e-10	2.87201e+10	-2.15748e+11	2.09986e+11	-2.59879e+10	2.04587e+10	6.92748e+10	-3.44334e+09	6.99719e+10	6.20058e+10	-8.44571e+09	-1.1981e+11	-1.91072e+10	-1.52128e+10	1.47813e+11	1.15896e+11
3.7e-10	2.54206e+10	-1.68764e+11	2.23107e+11	2.40411e+10	2.50705e+11	-1.26668e+11	1.05509e+10	2.12302e+11	1.88075e+10	-2.80828e+08	-1.54416e+10	-2.32771e+11	2.90137e+09	1.73448e+11	1.54298e+11
3.75e-10	5.80387e+10	2.32984e+11	2.34024e+11	-1.61588e+10	-1.80607e+11	9.25888e+10	2.28966e+09	1.02995e+10	-4.53054e+10	-8.22966e+09	2.34631e+11	-1.8531e+11	1.31142e+10	1.28432e+11	9.15321e+10
3.8e-10	5.88482e+10	-7.26297e+09	2.73734e+11	-5.80438e+09	1.06122e+11	-5.46034e+10	7.58015e+09	2.04329e+11	-2.4975e+11	1.55944e+10	-2.24265e+11	-2.26675e+11	-1.25083e+10	6.46226e+10	1.73437e+11
3.85e-10	1.18128e+09	-6.14913e+10	3.7937e+08	-6.60779e+09	3.13047e+10	3.46228e+10	1.143e+10	1.4922e+11	-2.37085e+11	-7.49515e+09	-2.98294e+11	-1.61717e+11	6.82605e+09	-2.41501e+11	-8.4878e+10
3.9e-10	3.41299e+10	1.48444e+11	9.30005e+10	5.73925e+10	-2.57408e+11	-4.14564e+11	1.69501e+10	5.83305e+10	-1.92085e+11	9.40267e+09	1.72851e+11	3.90466e+11	-1.73498e+10	2.49304e+10	-2.00757e+11
3.95e-10	2.58649e+10	9.56969e+10	-1.70361e+11	8.68904e+09	-1.70939e+11	-4.69163e+10	1.47321e+10	-1.50259e+11	1.17167e+11	7.07283e+09	-3.94944e+10	2.06508e+11	1.69716e+09	2.60817e+11	-2.17954e+10
4e-10	1.21162e+11	4.31084e+11	-1.67765e+11	-4.90748e+09	2.53106e+10	-1.27244e+11	4.99579e+08	9.92516e+10	-5.98548e+10	-2.45683e+10	2.72624e+11	4.62112e+10	-5.61819e+09	-1.22611e+10	4.96924e+10
4.05e-10	7.81171e+10	3.16243e+11	-1.0157e+11	2.99758e+10	9.65665e+09	3.00265e+11	-1.51282e+10	-5.112e+09	-8.51746e+10	1.6941e+10	-2.22799e+11	5.43875e+10	-8.24313e+09	4.61595e+10	-1.78787e+11
4.1e-10	7.89296e+10	8.5756e+09	-3.64598e+11	2.43523e+10	-4.2588e+10	3.23538e+11	-7.91753e+08	-3.4798e+10	-6.40139e+10	-1.06059e+09	-3.06895e+11	-1.26354e+11	-6.7911e+09	-9.80548e+10	-1.36424e+11
4.15e-10	3.06868e+10	-1.01534e+11	-1.5604e+11	1.42849e+10	-2.31865e+11	2.83458e+11	1.61376e+09	-1.08396e+11	-1.31698e+11	-1.99347e+09	8.76457e+10	3.32025e+10	-6.36944e+09	-1.64135e+11	1.20677e+10
4.2e-10	9.26514e+10	-1.47838e+11	-3.80069e+11	1.71851e+10	-4.97964e+10	3.56771e+11	-3.29561e+10	1.81126e+11	-8.87787e+10	-7.35826e+09	-2.93779e+10	-5.66419e+10	-8.009e+09	-6.45399e+10	-2.00704e+10
4.25e-10	1.84746e+11	-3.73686e+11	-3.52311e+11	-3.11613e+10	-8.7174e+10	-1.88335e+11	-6.121e+09	-3.47005e+10	-1.94081e+10	-1.21816e+08	1.81778e+11	-5.38698e+10	-1.23898e+09	-7.16146e+10	4.54369e+10
4.3e-10	-2.82864e+10	1.49674e+11	-6.40641e+10	2.60906e+10	2.89203e+11	1.50406e+11	8.54756e+09	-5.54401e+10	2.82956e+11	8.86868e+08	7.28864e+10	4.4299e+10	-1.66869e+10	3.06456e+10	-1.20018e+11
4.35e-10	9.13558e+10	-4.45429e+11	-1.53027e+11	9.41518e+10	4.14133e+11	1.36127e+11	1.71025e+10	-1.75569e+11	3.01112e+11	2.95746e+10	-2.14136e+11	2.1097e+11	-3.58266e+09	-2.02306e+11	-3.0885e+10
4.4e-10	2.51835e+10	-1.12906e+11	-5.54906e+10	4.08226e+10	1.16005e+11	-2.87217e+11	1.35039e+10	1.20488e+11	2.67006e+11	-1.17477e+10	1.33241e+10	-3.03848e+11	-4.20119e+09	-1.43725e+11	8.90538e+10
4.45e-10	3.76692e+10	-2.75739e+11	-8.50134e+10	-2.57599e+10	-2.00118e+11	-2.54158e+11	1.98322e+10	3.36017e+11	3.04662e+11	-1.82158e+10	7.51288e+10	1.60753e+10	-5.68653e+09	1.19547e+11	8.33893e+10
4.5e-10	2.17564e+10	-2.11633e+11	-2.94987e+10	-1.7333e+10	5.23098e+10	7.68883e+10	-3.40794e+09	2.93762e+11	1.14393e+11	2.56254e+10	3.06591e+10	4.75055e+11	4.95127e+09	-1.25439e+11	-4.28819e+10
4.55e-10	7.20032e+10	-2.71571e+11	2.5168e+11	1.16641e+10	-8.86318e+10	-1.31986e+11	-1.55185e+10	-1.51188e+10	2.37954e+11	1.6584e+10	1.32411e+11	1.11745e+11	7.8408e+09	-9.71417e+09	1.29706e+11
4.6e-10	4.23701e+10	-1.36498e+11	1.40104e+11	1.1439e+10	-9.89779e+10	-8.47313e+10	-5.27758e+09	-4.23592e+10	1.14423e+11	5.11005e+09	1.7193e+10	5.86841e+10	1.92989e+10	-1.04751e+11	7.70818e+09
4.65e-10	5.23332e+10	-1.24068e+11	4.71523e+11	-4.72171e+10	-2.97399e+11	3.47549e+11	-6.34666e+09	1.83535e+11	-3.79479e+09	2.98218e+08	-1.49386e+10	2.35657e+11	1.41226e+10	-1.0966e+11	-2.09917e+11
4.7e-10	-1.0041e+10	-1.36056e+10	-4.66899e+09	-8.55235e+09	-2.4444e+11	8.54685e+10	-1.66497e+10	1.12189e+10	9.65119e+10	2.20541e+10	2.72971e+11	-5.40729e+10	-1.02145e+09	-1.01211e+11	-8.61545e+10
4.75e-10	1.99604e+10	-1.02158e+11	1.88111e+11	1.53422e+10	-1.72713e+11	2.14357e+11	-2.5503e+10	9.09753e+10	1.19409e+11	-3.77829e+09	-7.39341e+10	2.06889e+11	7.7737e+08	-1.03437e+11	1.27474e+11
4.8e-10	3.77231e+10	2.39071e+11	2.5344e+11	-9.69273e+09	2.16411e+10	-1.41868e+11	5.23427e+09	-1.04583e+11	-1.10951e+11	-1.41241e+10	1.15205e+10	2.67751e+11	8.17162e+08	-1.34185e+11	-1.9277e+10
4.85e-10	5.09851e+09	1.72443e+11	1.43641e+11	-5.41347e+09	8.88305e+10	2.00694e+11	7.52289e+09	1.75959e+11	-2.08982e+11	-1.45042e+09	-8.46778e+10	2.94712e+10	9.61753e+09	-2.5587e+11	9.20423e+10
4.9e-10	5.90685e+09	6.41178e+10	-9.3084e+10	-1.44339e+09	-2.91741e+10	-6.61015e+10	-1.74372e+10	-6.66547e+10	8.97239e+10	-3.42066e+09	6.64289e+10	2.30265e+10	6.13751e+09	2.66225e+11	2.80141e+11
4.95e-10	7.75517e+09	2.54123e+11	-6.63531e+10	-2.23818e+09	-1.37726e+11	-1.22346e+11	-1.31026e+10	-1.57774e+11	1.23453e+11	1.09218e+10	-1.91748e+10	-1.38108e+11	9.15702e+09	2.46219e+11	1.45161e+11
5e-10	4.22559e+09	3.9669e+10	-7.36236e+10	1.04312e+10	6.67031e+10	2.52927e+11	1.95181e+10	-1.98592e+11	-8.53813e+10	2.41064e+09	2.86583e+11	-1.53552e+11	-2.01557e+10	4.87663e+11	1.99053e+11
5.05e-10	2.81158e+10	-1.34979e+10	-3.18035e+11	3.06769e+08	-6.99341e+10	1.46305e+11	-4.67989e+09	-7.19039e+10	7.98028e+10	5.06859e+09	-2.04701e+11	-9.17449e+10	-1.10901e+10	2.25048e+11	1.00333e+11
5.1e-10	1.28567e+10	3.20641e+10	-1.51774e+11	-2.87677e+10	-8.48463e+10	-1.25953e+11	-6.81502e+09	-2.36316e+11	1.18875e+11	-1.08199e+10	-1.67489e+10	1.74389e+11	9.18038e+09	-1.40682e+10	-1.4936e+11
5.15e-10	-2.2649e+08	-9.53313e+10	-9.45319e+10	1.99412e+10	1.91172e+11	2.25461e+11	-9.24782e+09	-1.83486e+10	9.79527e+10	1.3095e+10	1.88763e+11	-2.13825e+11	1.48537e+10	9.53196e+10	-1.2014e+11
5.2e-10	-1.66951e+10	8.29236e+10	-5.97533e+10	4.8826e+09	1.76843e+11	-3.83322e+09	-5.57835e+09	2.96944e+09	-8.95256e+10	1.16346e+09	-1.34471e+11	-5.28059e+10	-2.1182e+10	8.51666e+10	8.71677e+10
5.25e-10	-2.43641e+10	1.27195e+11	-3.43992e+10	1.63213e+10	2.60482e+11	-3.90329e+10	-8.41016e+09	2.50797e+11	1.48563e+11	-1.31771e+10	1.79783e+11	1.15814e+10	-1.25294e+10	1.0625e+11	-3.0745e+11
5.3e-10	1.86162e+10	-1.79391e+11	1.82443e+11	3.77405e+09	-8.06167e+10	8.64904e+09	-1.70538e+10	-1.38496e+11	-1.31866e+11	-1.31511e+10	1.61382e+11	-2.40699e+11	-7.76039e+09	-1.06236e+09	-1.19105e+11
5.35e-10	8.85117e+07	1.96647e+08	5.02883e+09	-1.21216e+10	-1.92275e+10	-2.44742e+10	1.29294e+09	9.37053e+09	-2.52712e+11	7.66366e+08	-1.55369e+11	-7.09434e+10	-3.44203e+10	-2.13933e+11	2.98786e+11
5.4e-10	1.83307e+10	-5.33192e+10	1.77383e+11	-9.51515e+09	-2.05135e+11	-1.96752e+11	1.71101e+09	8.96449e+10	-3.13321e+10	-1.03661e+10	1.24687e+11	-1.27729e+11	-2.88836e+09	-4.86666e+10	-2.29049e+09
5.45e-10	7.43345e+10	-6.6885e+10	4.51373e+11	6.6492e+09	2.24059e+10	-8.88936e+10	-2.49064e+10	-1.42531e+11	-6.4016e+10	9.74692e+09	1.9285e+11	-2.31156e+11	-1.23249e+10	-7.24674e+09	-9.77605e+10
5.5e-10	1.68892e+10	2.16535e+11	1.84307e+11	7.30007e+09	-8.16052e+10	-2.37866e+10	-4.77185e+09	4.8037e+10	-1.23791e+10	-1.21996e+10	6.44881e+10	2.92883e+11	-2.62991e+10	-1.2708e+11	-2.15325e+11
5.55e-10	3.88017e+10	2.00714e+11	6.98414e+10	2.29058e+10	-1.70449e+11	-1.8837e+11	6.34324e+09	-8.42832e+10	-6.76457e+10	-1.6454e+09	-1.56464e+11	9.86862e+10	1.04037e+10	6.73926e+10	4.18447e+11
5.6e-10	-1.05569e+10	2.4032e+10	-2.00862e+11	4.23853e+10	-1.56512e+11	2.5428e+11	-2.79704e+09	3.93906e+10	-5.4112e+10	-4.68901e+09	6.43395e+10	-4.59962e+10	-6.32568e+08	1.26046e+11	-1.45773e+11
5.65e-10	6.4292e+08	8.92257e+10	-8.80236e+10	2.37242e+10	-1.83321e+11	-1.02033e+09	1.18936e+10	-8.20608e+10	-2.60134e+10	-1.343e+09	-3.17445e+10	-3.45349e+10	-1.12236e+10	-1.06997e+11	2.11678e+10
5.7e-10	2.74161e+10	-9.89468e+10	-1.69951e+11	1.97931e+10	-1.6937e+11	3.34513e+10	-2.28976e+10	5.0854e+10	-2.96695e+08	-2.63078e+09	-4.56025e+10	1.85932e+11	-7.51934e+09	-1.34607e+11	5.61943e+10
5.75e-10	7.5521e+10	2.67984e+11	-2.46789e+11	1.06356e+10	1.56252e+11	1.70599e+11	1.71943e+10	-2.04857e+11	-5.43733e+10	1.03921e+09	5.17253e+10	1.12166e+10	-1.57531e+10	-1.42094e+11	2.36381e+10
5.8e-10	8.75122e+10	-1.43408e+11	-4.2422e+11	3.13595e+10	-1.05124e+11	3.38979e+11	2.4113e+10	-1.92093e+11	-1.16458e+10	-2.71177e+10	6.6882e+10	1.90861e+11	5.12411e+09	1.10531e+11	-5.22271e+09
5.85e-10	-1.2496e+10	2.47667e+10	-3.71215e+10	4.55447e+10	1.68342e+11	8.26833e+10	5.51938e+09	-1.59559e+10	8.33293e+10	-1.78744e+10	8.18624e+10	-9.05617e+09	9.17655e+09	5.56482e+10	6.8564e+10
5.9e-10	5.00732e+10	-2.82591e+11	-2.03331e+11	1.31897e+10	2.25632e+10	2.24075e+11	-2.25395e+10	1.52478e+11	-6.78236e+10	-9.93372e+09	1.75915e+11	-3.32057e+11	-2.06344e+10	-3.32182e+10	2.88694e+11
5.95e-10	-3.02836e+09	-3.43676e+09	2.18238e+11	7.32994e+10	4.54709e+11	1.03656e+11	-5.17576e+09	-1.20347e+11	-8.71476e+10	1.87977e+09	-2.54931e+11	-2.14384e+11	-4.55451e+09	1.03066e+11	-4.81684e+10
6e-10	4.72888e+09	-2.08401e+10	1.14315e+11	2.87389e+10	1.84667e+11	-1.83101e+11	1.07206e+10	2.85181e+11	6.51894e+10	-2.52908e+09	6.28719e+10	-9.83983e+10	-1.77248e+10	3.61109e+11	-1.34042e+11
6.05e-10	3.08311e+10	-2.63637e+11	1.07351e+11	-6.62215e+09	7.05433e+10	5.60862e+10	1.7976e+10	-1.05896e+11	4.48232e+11	2.81646e+09	-1.06819e+11	4.94788e+10	-6.32306e+09	-1.16952e+11	-2.2455e+11
6.1e-10	3.65137e+09	-1.29709e+11	-2.86114e+11	-4.50117e+09	-1.09328e+10	-1.30536e+11	-2.0837e+10	-1.40221e+11	-2.38555e+10	-4.51502e+07	2.01714e+10	7.97466e+10	9.47857e+08	-2.59263e+11	2.7574e+11
6.15e-10	3.41297e+10	-4.04186e+11	-3.55516e+10	2.53178e+10	7.45133e+10	-1.56129e+11	-4.32133e+09	5.06372e+10	-5.64039e+10	6.79071e+10	1.79401e+10	3.73855e+11	-2.17209e+09	3.69447e+10	-5.47393e+10
6.2e-10	1.4535e+10	-4.59186e+10	-4.62089e+10	-2.88297e+09	1.30849e+11	-2.38695e+11	-1.46525e+10	-1.52787e+10	2.7156e+11	-6.46464e+09	-1.31179e+11	1.31026e+11	1.55249e+10	2.83171e+11	1.46578e+11
6.25e-10	2.88965e+10	-4.50261e+10	-1.87191e+11	-9.27373e+09	7.29599e+10	-4.79976e+10	-2.74906e+10	-1.08982e+11	1.18015e+11	9.97339e+09	1.01033e+11	1.31799e+11	1.27586e+10	-2.29539e+11	-1.49831e+11
6.3e-10	-3.40653e+09	2.55407e+10	4.05688e+10	3.18313e+09	-2.57332e+11	-5.1672e+10	2.12823e+10	2.25749e+11	4.83041e+10	-1.83674e+10	-1.73155e+11	-1.72309e+11	-3.11877e+09	-4.77606e+10	2.07784e+11
6.35e-10	9.47447e+08	-1.25928e+11	-9.91507e+10	7.87463e+09	5.82479e+10	-8.43963e+10	1.67934e+10	1.16156e+11	-1.97233e+11	1.36663e+08	4.73009e+10	9.80318e+10	1.68646e+09	-2.31552e+11	1.26042e+11
6.4e-10	-1.98502e+09	-1.0309e+11	-1.73482e+11	-6.73426e+09	-6.96812e+10	-3.28282e+10	5.30655e+08	1.10221e+11	3.34122e+10	1.54137e+10	2.57919e+11	9.57478e+10	2.51616e+09	-4.33819e+10	1.85057e+11
6.45e-10	-1.47036e+10	2.28178e+10	-4.81255e+10	-1.68442e+09	4.55533e+10	-1.79172e+10	-1.7394e+10	9.75043e+10	2.25669e+11	-1.59434e+10	-7.90593e+10	-1.06911e+10	-2.18605e+10	2.04021e+11	3.13778e+10
6.5e-10	2.3016e+10	3.17842e+10	2.2113e+11	-2.23007e+10	2.54783e+11	-1.85104e+11	1.70299e+10	-3.28404e+11	8.16201e+10	3.88088e+10	4.26912e+11	6.54834e+10	-1.30628e+10	9.03243e+10	7.88482e+10
6.55e-10	1.70308e+10	-2.01972e+10	2.21773e+11	-1.09583e+10	-1.41876e+11	1.72365e+11	-2.20116e+09	-9.74075e+10	-3.57307e+10	-1.03825e+10	-1.29309e+11	1.38989e+11	-1.13168e+10	2.43391e+11	-5.56025e+09
6.6e-10	4.73428e+10	8.64444e+10	3.4063e+11	-2.2087e+10	8.99232e+10	-1.6957e+11	-1.26889e+09	1.42747e+11	1.05089e+11	-1.01021e+10	-9.60109e+10	-4.96219e+10	-1.1658e+10	3.23075e+10	-2.08747e+11
6.65e-10	2.33742e+10	1.61224e+11	-8.12948e+08	3.08399e+08	-2.36509e+11	-2.45657e+11	-1.37165e+10	2.06748e+11	1.73396e+11	-5.8069e+09	7.94477e+10	7.35859e+10	-1.12416e+10	1.02123e+11	5.3058e+10
6.7e-10	1.44023e+10	1.37911e+11	3.24106e+11	-2.18961e+10	-8.78173e+10	-2.55268e+11	-8.21271e+09	-1.19415e+11	-1.87399e+10	2.15313e+10	-2.39375e+11	-1.49859e+11	5.43197e+08	4.93521e+10	2.74054e+09
6.75e-10	-2.99488e+09	-2.78026e+11	1.69322e+11	-1.93783e+09	3.89901e+10	1.05075e+11	4.87512e+09	1.79062e+10	6.66269e+10	-8.31711e+09	-3.99775e+10	-1.23601e+11	-1.16391e+10	9.53651e+10	5.44043e+10
6.8e-10	4.26487e+09	-5.0876e+10	-1.79651e+11	6.86497e+09	-6.1963e+10	8.8273e+10	2.01663e+10	-2.69488e+11	-1.8863e+11	1.05152e+09	-4.19331e+09	5.87153e+10	-1.92208e+10	-1.79995e+09	-2.1211e+11
6.85e-10	1.15291e+10	1.03204e+11	1.52517e+11	1.74486e+09	-9.96063e+09	-1.94585e+11	3.75269e+10	-2.9484e+11	-1.80229e+11	-9.59702e+09	-3.08613e+11	1.81643e+11	-6.83194e+09	6.75764e+10	-6.23634e+10
6.9e-10	2.01811e+09	1.27353e+11	-1.67927e+11	-5.5427e+08	-7.75932e+10	1.54214e+11	3.97844e+09	-2.58122e+11	-8.6405e+10	-6.18327e+09	1.61836e+10	5.0154e+10	-1.96942e+10	4.36537e+10	8.55682e+10
6.95e-10	9.03514e+08	1.30728e+11	-4.36367e+10	-1.28309e+10	2.36481e+10	1.87779e+11	-1.99928e+10	1.4057e+11	-3.00276e+11	-1.09775e+10	1.99461e+11	-1.32043e+11	5.62988e+09	5.96062e+10	-2.65644e+11
7e-10	2.25593e+10	-1.42917e+11	-1.46651e+11	-7.40532e+09	7.51137e+10	-6.66037e+09	7.60329e+09	-9.14734e+10	-6.11123e+10	-4.10232e+09	3.05828e+10	1.73636e+11	-9.01273e+09	2.1913e+10	1.42339e+11
7.05e-10	4.53405e+10	-2.09033e+11	2.08192e+11	-7.50387e+08	-6.11838e+10	1.4294e+11	-3.50448e+08	8.16673e+10	1.75973e+11	-1.20884e+10	-7.17451e+10	-5.64432e+10	-4.30136e+09	-2.65557e+10	-1.07353e+11
7.1e-10	4.78758e+10	-3.60113e+11	1.13511e+11	3.37166e+09	-4.5838e+10	2.14417e+11	-1.19017e+10	4.74553e+10	-8.44403e+10	-1.74054e+10	-1.46562e+11	-2.25517e+11	-1.64552e+10	-2.71316e+11	-3.9498e+09
7.15e-10	1.57353e+10	-1.89255e+11	1.24176e+11	-1.47638e+10	1.10655e+11	-1.97017e+11	1.5982e+10	-2.62419e+10	-8.06307e+10	2.06679e+10	-2.18092e+11	6.54723e+10	-1.18914e+10	-9.50171e+10	1.20556e+11
7.2e-10	1.76481e+10	6.63608e+10	1.45009e+11	1.62028e+10	1.37195e+11	-2.30735e+11	-7.35426e+09	-2.62978e+10	-2.54051e+10	-1.54168e+09	-9.59621e+10	-1.15419e+11	-1.11411e+10	8.71807e+10	-9.42743e+10
7.25e-10	4.41228e+10	1.91376e+11	2.57886e+11	3.19666e+10	2.0734e+11	-3.75131e+11	1.36457e+10	-1.94908e+11	7.43752e+09	-1.00025e+10	-5.8464e+10	1.31252e+10	1.28585e+09	6.69705e+10	5.36876e+09
7.3e-10	3.31458e+10	2.66335e+11	1.62394e+11	8.13614e+09	-1.02149e+11	-2.57049e+11	-1.50604e+10	1.10766e+11	-2.02593e+11	-6.35039e+09	-4.24478e+10	-3.16641e+11	-4.85005e+09	1.92308e+11	-1.69369e+11
7.35e-10	-2.94985e+09	7.76383e+10	-1.35735e+11	3.01252e+10	-1.96982e+11	8.01562e+10	-1.61057e+10	-9.29939e+10	1.87201e+11	-6.20357e+09	-1.84442e+11	-1.08692e+11	-3.1668e+09	-2.20183e+11	1.22995e+11
7.4e-10	4.45704e+10	2.04344e+11	-1.1876e+10	5.13497e+10	-2.98283e+11	1.619e+11	1.3e+09	1.57314e+11	-5.80859e+10	5.73001e+09	7.68155e+10	-1.11767e+11	-5.11359e+09	4.98329e+10	1.71823e+11
7.45e-10	1.28987e+10	1.06826e+11	-8.91797e+10	4.02756e+09	-1.501e+11	-8.51839e+10	1.13484e+10	-2.27501e+11	-9.99974e+10	-5.31184e+09	6.84855e+10	6.09881e+09	-4.79216e+08	-1.28048e+11	3.23916e+10
7.5e-10	1.93745e+10	1.27864e+11	-2.70343e+11	1.71702e+10	-1.83346e+11	1.34496e+11	6.75635e+06	-6.06172e+10	-1.27645e+11	-2.03057e+10	2.51447e+11	-2.02304e+10	5.2345e+09	4.71195e+10	1.24477e+11
7.55e-10	-2.91511e+09	-2.74409e+10	2.8933e+10	-2.38156e+10	-5.98565e+10	-2.7903e+11	-3.57975e+09	-8.19631e+09	-1.19733e+11	9.75385e+09	-1.42643e+11	1.11406e+11	-2.19778e+10	-3.90319e+11	-2.42441e+10
7.6e-10	-1.26521e+10	-5.58225e+10	2.11827e+11	2.56562e+09	-6.13045e+10	2.46771e+11	1.70473e+10	-8.45447e+10	6.67776e+10	-6.5927e+09	-2.53468e+11	-1.19129e+11	-8.17133e+08	3.94647e+11	-3.46785e+11
7.65e-10	-1.37653e+09	-2.98882e+11	-1.85386e+11	-1.82671e+10	-1.50757e+11	4.27522e+10	8.32058e+09	-4.84325e+10	5.29293e+10	3.89627e+10	-2.58062e+11	-3.93591e+11	-1.26041e+10	-3.08844e+10	-6.52441e+10
7.7e-10	1.61341e+10	-2.31221e+11	9.77272e+10	2.999e+09	8.10909e+10	-2.10675e+10	2.95094e+09	-7.83621e+10	2.7012e+11	-9.39442e+09	-2.25681e+11	1.43308e+11	-1.18411e+10	1.07315e+11	7.27151e+10
7.75e-10	-8.74916e+09	1.37345e+11	-7.2414e+07	-8.72429e+09	-3.31694e+10	-5.81063e+10	-3.64413e+09	1.37508e+11	3.90947e+10	-4.75148e+09	3.54437e+10	-1.26439e+10	-1.1713e+10	-1.29229e+11	-6.10394e+10
7.8e-10	2.22166e+09	-9.27438e+10	4.21593e+10	6.40653e+09	-8.78158e+10	-2.44516e+11	-1.05499e+10	1.55245e+11	-9.16054e+10	-8.36249e+09	-3.09815e+10	1.19244e+10	-1.28574e+10	-9.09703e+10	1.16194e+11
7.85e-10	4.43923e+10	-4.03139e+10	1.61169e+11	1.07001e+10	-1.6434e+11	-1.29153e+11	1.53308e+09	1.32601e+11	9.65512e+10	1.62792e+10	-2.46263e+11	-3.39309e+10	9.77333e+09	-1.42339e+11	-8.24457e+09
7.9e-10	2.27135e+10	-2.12017e+11	1.22286e+11	3.15031e+09	8.39907e+09	-2.46135e+10	1.24203e+10	4.57739e+10	3.71758e+11	-7.04474e+08	-3.63241e+10	4.1918e+10	1.12116e+10	-6.93489e+10	-1.19354e+11
7.95e-10	1.18172e+10	5.49653e+09	7.19727e+10	1.09275e+10	-3.90686e+11	-7.17941e+10	3.97984e+09	3.78375e+11	-2.1027e+11	-1.79822e+10	1.34285e+11	-5.27436e+10	-1.58875e+09	-7.71408e+10	-7.66771e+10
8e-10	9.97833e+09	6.72165e+10	1.31294e+11	-2.06029e+10	3.8923e+10	-6.89934e+10	-1.4067e+10	-1.17422e+11	1.02571e+11	-2.2621e+09	-8.00969e+10	4.11414e+10	-5.66871e+07	1.53936e+11	-2.39977e+11
8.05e-10	6.96539e+10	2.83437e+11	2.68459e+11	1.6738e+10	-1.99125e+11	-1.20453e+11	-2.94124e+09	4.1446e+10	6.34074e+10	-2.77936e+09	8.74696e+09	-2.35729e+11	-1.23705e+10	-1.5536e+11	2.07525e+10
8.1e-10	3.28605e+10	-5.93822e+10	2.12405e+11	1.50479e+10	-2.62877e+11	7.98506e+10	-4.61107e+09	-2.42777e+11	-1.15728e+11	-3.38174e+10	9.66882e+10	3.17673e+11	5.41392e+09	1.56978e+11	1.42553e+11
8.15e-10	2.12596e+10	1.62482e+11	6.24844e+10	-8.0228e+09	5.9792e+10	-9.29051e+08	3.22958e+09	-2.69629e+10	-6.13236e+10	8.20891e+09	-1.92444e+11	-3.7222e+10	4.17264e+09	2.95846e+11	2.2508e+10
8.2e-10	2.29522e+10	1.78122e+11	7.15997e+10	2.79436e+10	-2.78001e+11	1.9153e+11	-1.50384e+10	-1.07069e+11	-2.99805e+11	-1.8612e+10	3.44485e+11	-4.2362e+10	2.96449e+10	6.60222e+10	-1.59057e+11
8.25e-10	1.53387e+10	1.14025e+11	-7.87901e+10	1.82255e+10	-8.61077e+09	1.47842e+11	-6.57089e+09	-6.26038e+10	-1.99855e+11	1.23078e+10	9.25843e+10	-3.2664e+11	2.2202e+10	2.2615e+11	-1.49654e+11
8.3e-10	6.41088e+09	1.64503e+11	1.10059e+11	1.18073e+10	-1.70647e+10	1.74984e+11	-1.42593e+10	6.16885e+10	1.65626e+10	1.50749e+09	1.41048e+11	5.01469e+10	-2.29576e+10	2.65786e+11	3.12988e+10
8.35e-10	9.58414e+09	2.44763e+11	8.56731e+09	4.95514e+10	3.04602e+10	3.36994e+11	-2.60949e+09	-2.22002e+11	-1.20137e+11	-1.98495e+10	1.25072e+10	2.92077e+11	-3.85985e+09	-2.4688e+10	1.90746e+10
8.4e-10	3.98155e+10	-3.35909e+11	-1.49203e+11	-2.90367e+09	1.6022e+11	8.12583e+09	-2.01314e+10	3.97239e+10	1.31734e+11	-1.09562e+10	-8.15472e+10	1.4137e+10	-1.15399e+09	-5.31851e+10	3.81202e+10
8.45e-10	1.04448e+11	-6.32716e+11	2.78788e+11	-2.31205e+10	-1.97686e+11	6.70957e+10	3.9428e+09	-4.93279e+10	-3.30145e+10	6.58727e+09	1.31821e+11	3.14305e+10	3.9713e+09	-1.48035e+11	4.92019e+09
8.5e-10	6.14275e+10	-2.58396e+11	5.66744e+10	9.29834e+08	8.10613e+10	5.05275e+10	1.0996e+10	-1.56191e+11	-2.07525e+11	-9.66027e+09	4.26197e+10	-2.2785e+11	-1.31596e+10	-8.23601e+10	2.93762e+10
8.55e-10	5.25532e+10	-1.94558e+11	-6.20923e+10	3.61354e+10	2.36265e+11	-1.41052e+11	1.69198e+10	-1.15363e+11	3.04636e+11	-8.34499e+09	-2.42597e+09	3.47452e+11	-1.81593e+10	1.96876e+11	-3.47469e+10
8.6e-10	3.73875e+10	-2.21249e+11	8.95195e+10	-7.32617e+09	-2.83243e+10	2.27792e+11	1.17757e+10	5.82285e+10	1.83026e+11	-3.44592e+09	-8.5179e+10	-1.3351e+10	5.76876e+09	-2.31807e+11	-6.11032e+10
8.65e-10	6.1894e+10	-9.27116e+10	2.25958e+11	3.08329e+10	3.49763e+11	-2.51161e+11	-4.76517e+09	2.41681e+11	-1.91691e+10	-1.56648e+10	-1.01138e+11	1.65856e+10	-4.63953e+09	1.28123e+11	-1.12918e+11
8.7e-10	2.16218e+10	-2.04609e+10	9.18233e+10	1.81202e+10	3.08523e+10	-1.76704e+11	-6.65625e+09	1.65883e+11	6.85497e+10	1.04482e+10	-2.55904e+11	1.11784e+11	4.61062e+09	3.02399e+10	-3.60757e+10
8.75e-10	2.64767e+10	-1.685e+11	9.34258e+10	-3.92214e+10	7.2693e+10	2.22713e+11	-9.17151e+08	1.45584e+11	-9.74889e+10	-6.70303e+09	-1.6573e+11	-7.08773e+10	5.16221e+08	-7.28025e+10	1.67109e+11
8.8e-10	-1.79465e+10	-1.93398e+11	-1.32799e+11	1.86187e+10	-1.37214e+11	-8.43924e+10	2.57973e+09	-2.44807e+11	-1.45462e+11	4.1063e+09	2.4385e+10	4.49223e+08	-2.55382e+09	-5.28494e+10	5.81279e+10
8.85e-10	9.67955e+09	-2.5679e+10	8.47706e+10	3.15622e+10	-1.38112e+11	-1.91787e+11	3.97613e+09	2.87303e+11	-9.57781e+10	-8.97584e+09	1.84623e+11	-1.82354e+11	1.37044e+09	-2.2246e+11	8.26749e+10
8.9e-10	-2.76914e+09	4.29478e+10	1.80002e+11	2.29137e+10	-1.06223e+11	1.46692e+11	-4.30458e+09	-5.81167e+10	-1.1047e+11	1.26411e+10	4.66098e+11	-1.05894e+11	-9.65061e+09	2.0119e+11	-2.00192e+10
8.95e-10	-2.05014e+10	-1.22568e+11	-8.07005e+10	-2.61121e+10	8.32783e+10	-1.77107e+11	3.15115e+10	-3.0134e+11	-1.26006e+11	-2.64241e+09	2.73622e+09	6.60057e+10	1.03314e+10	-1.03503e+11	5.31451e+10
9e-10	4.71018e+09	1.23352e+11	2.81459e+10	9.03183e+09	-3.75744e+11	2.27426e+11	-2.00409e+09	-3.99997e+10	-7.84304e+10	-3.66207e+09	2.38874e+08	1.74182e+11	1.13361e+10	-3.57645e+11	2.6226e+11
9.05e-10	6.27013e+09	-3.24521e+11	2.15901e+11	4.1188e+09	-1.18482e+11	3.61425e+10	-1.37192e+10	-2.16404e+11	-2.10019e+11	-1.82569e+10	8.17127e+09	8.17862e+10	6.75457e+09	-4.92466e+10	3.396e+09
9.1e-10	8.26681e+09	5.78981e+10	-9.43752e+09	-9.89053e+09	-4.80573e+10	1.65262e+11	-1.25805e+10	-1.89722e+11	-9.16398e+10	-1.33794e+10	-2.94094e+10	1.36137e+11	3.74501e+09	6.72409e+10	9.11231e+10
9.15e-10	2.99932e+08	9.69105e+10	-1.69933e+11	-1.19901e+10	1.36347e+11	-1.21128e+11	-1.70017e+10	-3.81834e+09	1.44834e+11	4.48328e+09	-9.54418e+10	-1.39163e+11	-2.25781e+10	-4.13815e+10	-1.18378e+11
9.2e-10	-8.16556e+08	-2.12243e+10	-1.38675e+11	-9.12301e+09	-1.37823e+11	7.52243e+10	-1.59054e+10	9.88684e+10	-1.20222e+11	2.01975e+10	1.08536e+11	-2.87849e+11	-1.27816e+10	2.05407e+11	1.081e+11
9.25e-10	-1.12862e+10	7.18505e+10	-3.46091e+10	1.27358e+10	-1.074e+10	-8.38606e+10	-1.74654e+09	-1.86798e+11	7.55559e+10	-2.32833e+10	-2.7679e+11	7.69358e+09	1.82001e+10	7.2954e+10	-1.62216e+11
9.3e-10	1.26833e+10	-2.14182e+11	-1.27342e+11	-4.16454e+09	6.15575e+09	1.83662e+11	-3.60792e+09	3.987e+10	-7.44593e+10	-1.46351e+10	-4.63041e+10	1.76553e+11	-2.67581e+10	-1.98599e+11	2.49312e+11
9.35e-10	1.36907e+10	6.30475e+10	-1.828e+11	4.0419e+09	6.6664e+10	-6.13816e+10	-8.14133e+09	-1.9692e+11	-4.90924e+10	-1.18065e+10	1.43098e+11	4.37735e+10	6.31753e+09	4.22777e+10	-4.69881e+10
9.4e-10	2.58328e+10	-6.35899e+10	-4.30616e+11	-4.03459e+09	-2.69293e+11	-2.62814e+11	-7.46102e+09	-3.36286e+10	3.61179e+11	1.08653e+10	7.3783e+10	2.20897e+11	-2.69434e+09	-1.71296e+10	4.33148e+10
9.45e-10	9.73214e+09	-1.44093e+11	-1.83313e+11	2.47784e+10	3.57351e+11	9.1899e+10	-5.50128e+10	1.50874e+11	1.80643e+11	-4.29688e+09	1.80586e+11	-2.07332e+11	-5.97682e+09	-4.37678e+10	-8.27415e+10
9.5e-10	-9.59769e+09	2.51341e+11	-1.10575e+11	-3.2548e+10	-1.2706e+11	-1.50393e+11	-2.92363e+10	-1.46564e+11	2.31686e+11	7.56967e+09	-4.46216e+10	-1.50971e+11	-8.0905e+09	4.24995e+09	6.2026e+09
9.55e-10	5.19961e+09	4.17254e+10	-1.71657e+11	-1.44551e+09	5.53034e+10	2.97487e+11	-2.03263e+10	9.1173e+09	-9.09223e+10	-9.61756e+09	-2.02983e+11	5.28055e+10	2.1406e+10	-3.32747e+11	9.58819e+10
9.6e-10	-1.6391e+10	1.48476e+11	4.30601e+10	2.85546e+10	3.18468e+11	-2.38926e+10	1.48295e+10	-2.76751e+11	1.84082e+11	-1.583e+10	1.66358e+10	9.36249e+10	9.35866e+09	-2.56523e+11	1.34178e+11
9.65e-10	-1.38456e+10	-9.20646e+10	3.31485e+10	1.34781e+10	2.01784e+11	-1.31698e+10	1.25275e+10	2.22425e+11	2.02487e+11	-1.03586e+10	3.69707e+11	1.88315e+11	5.11213e+09	-1.24672e+11	-1.8746e+11
9.7e-10	3.25823e+09	-1.83624e+11	3.13441e+10	-1.78228e+10	-4.22808e+10	-1.59516e+11	7.41095e+09	-2.61348e+11	2.54638e+11	3.23908e+09	6.43654e+10	7.64158e+10	-4.01409e+09	-3.26181e+10	1.16895e+11
9.75e-10	-4.01534e+09	-2.91881e+11	3.11229e+09	-6.68334e+09	-1.20119e+10	-8.29028e+10	1.53894e+10	7.50558e+10	3.6813e+09	-2.19297e+09	-1.17396e+10	2.35491e+10	1.12664e+10	7.92539e+10	2.28462e+11
9.8e-10	1.94558e+09	8.22362e+10	-1.1998e+11	2.68308e+10	2.2116e+11	-3.69218e+11	3.64573e+09	1.01048e+11	-1.50549e+10	3.40412e+08	-2.43794e+10	-2.75427e+09	-8.09031e+08	-7.08895e+10	1.20513e+11
9.85e-10	-1.50563e+10	8.21867e+10	-4.51588e+10	3.2709e+09	8.16031e+10	-1.95023e+11	-8.69621e+09	-1.40847e+11	-1.95584e+11	-3.06224e+10	5.98057e+10	-2.58081e+11	-9.81179e+09	-1.17992e+11	-1.57333e+11
9.9e-10	-1.45512e+09	-1.35403e+11	-4.01096e+10	1.87018e+10	7.17596e+10	-2.52665e+11	7.46773e+09	6.73307e+10	-2.01704e+11	-1.5334e+09	-1.33671e+11	5.44652e+10	-4.66368e+09	-2.12306e+11	2.54224e+11
9.95e-10	2.54562e+10	-1.62265e+11	2.78051e+11	-1.81552e+10	-1.20541e+11	1.89775e+11	-1.1229e+10	1.17276e+10	2.20042e+11	-1.85203e+09	-8.72631e+10	2.61832e+09	-4.5974e+09	-1.76364e+08	-8.14987e+10
1e-09	9.28098e+09	1.36669e+11	6.91936e+10	-3.35709e+08	-1.15417e+11	3.91354e+10	-1.69328e+10	6.02432e+10	7.93597e+10	3.10276e+10	1.26595e+10	3.80469e+11	3.07327e+09	2.22329e+10	-1.07541e+11
1.005e-09	1.24979e+10	1.81722e+10	1.15169e+11	-3.89439e+09	1.27406e+11	3.94032e+09	-8.93241e+09	-1.62703e+09	-1.91178e+11	-1.84563e+09	9.26165e+10	-9.13843e+10	-5.10371e+09	2.21849e+11	-2.36933e+11
1.01e-09	-1.30081e+10	2.25441e+10	-1.80797e+11	-9.14398e+09	5.79306e+10	-4.13666e+10	-4.00337e+09	-1.30736e+11	-5.10943e+09	6.66033e+09	3.18366e+11	-5.84663e+10	1.77276e+09	1.55633e+11	2.9062e+09
1.015e-09	-2.47799e+09	-1.51493e+11	1.34469e+11	-9.12046e+08	-1.7347e+11	1.84331e+11	-1.10048e+09	-1.05693e+11	5.32104e+10	-1.28676e+09	-7.15573e+10	2.01895e+11	1.6527e+09	1.36861e+11	1.43768e+11
1.02e-09	1.76906e+10	3.41406e+11	-2.07508e+10	2.79604e+10	-1.75787e+11	1.3216e+11	-2.16612e+09	-1.62923e+11	-1.15181e+11	3.60938e+09	-1.68177e+11	-7.7326e+10	-2.24694e+09	7.85866e+10	1.41768e+11
1.025e-09	-5.23922e+09	-6.43199e+10	-3.47003e+10	8.60135e+09	2.42563e+11	1.84848e+11	-4.46606e+08	1.29459e+11	-5.31807e+10	-3.83835e+09	3.45881e+10	2.21859e+11	-7.9144e+09	-3.7287e+11	1.00624e+11
1.03e-09	-3.06401e+09	5.38618e+10	2.07769e+11	2.54092e+09	-1.61051e+11	-2.60769e+10	3.10093e+09	9.57456e+10	1.18626e+11	-2.41661e+10	-1.15378e+11	1.7302e+11	-2.17211e+10	-1.00924e+11	1.37768e+11
1.035e-09	-4.18298e+08	-1.62921e+11	-1.49801e+10	-6.48027e+09	-8.33149e+10	-1.54617e+11	-9.17516e+09	9.92767e+10	1.77854e+10	-1.20005e+10	1.23061e+11	-6.44257e+10	-5.07745e+09	-2.10199e+11	-2.56541e+10
1.04e-09	-1.22755e+09	-2.30351e+11	9.79209e+10	-7.63124e+09	-1.75053e+11	3.47261e+10	1.5927e+10	-9.4501e+10	3.6145e+11	-8.30602e+09	1.46459e+10	-6.66208e+10	-6.31532e+09	5.17949e+10	1.36708e+11
1.045e-09	-2.08422e+10	-2.75642e+10	-4.47945e+10	-1.33601e+10	1.45673e+11	5.38313e+09	-1.0525e+10	-3.41781e+10	-4.23461e+09	-4.38729e+09	-1.13218e+11	-1.07381e+11	-9.95226e+09	3.61213e+10	1.6422e+11
1.05e-09	1.38961e+10	1.28457e+11	2.83955e+11	-1.38075e+10	6.06795e+10	2.1056e+10	6.12328e+09	-1.12689e+11	5.42324e+10	4.55491e+09	1.21761e+10	1.16027e+11	-2.15667e+10	-1.98008e+11	3.07865e+11
1.055e-09	5.36619e+10	3.44566e+11	6.03866e+10	-5.67516e+09	5.30736e+09	-4.65648e+10	-1.16702e+10	-1.37828e+11	1.8099e+10	-2.84897e+10	-9.29062e+10	-3.43945e+11	2.92684e+09	8.58313e+10	1.6089e+11
1.06e-09	7.98476e+10	2.55605e+11	2.44829e+11	1.02538e+10	-3.38395e+10	-3.25548e+10	2.43464e+10	-1.41827e+11	-1.3128e+10	1.9984e+09	9.10636e+08	2.82872e+11	-1.96867e+10	-8.66856e+10	1.82101e+11
1.065e-09	2.39841e+10	3.8626e+10	-3.78177e+11	-1.67745e+10	5.36782e+10	-3.11048e+11	-7.35113e+09	3.83306e+11	9.90773e+10	1.70405e+09	9.24639e+10	-3.44871e+10	-1.97491e+09	-1.01427e+11	-9.47696e+10
1.07e-09	3.65875e+10	2.93132e+11	-1.73584e+11	1.4622e+10	1.05942e+11	2.13406e+11	-1.60918e+10	1.09767e+10	-6.26873e+10	-3.0742e+10	2.29738e+11	1.59308e+11	3.09617e+09	-2.27992e+11	-2.88703e+11
1.075e-09	-1.08327e+10	-7.33276e+10	1.4636e+11	1.95767e+10	1.23058e+11	9.35373e+10	-1.1088e+10	5.77746e+10	-1.66387e+11	-2.17584e+09	1.42945e+11	1.73011e+09	7.05953e+09	2.04924e+11	-9.67011e+10
1.08e-09	6.41255e+10	-2.45716e+11	-2.54217e+11	4.06237e+10	-1.13416e+11	3.29229e+11	-1.34985e+10	1.29322e+11	6.53746e+10	1.50865e+08	-9.73808e+10	1.50602e+11	-1.62662e+08	1.45038e+11	-1.05245e+11
1.085e-09	-1.04949e+10	6.1742e+10	-6.78057e+10	8.00447e+09	1.36225e+11	-1.34369e+11	-1.12685e+10	-1.61472e+11	2.60416e+11	5.79513e+09	1.89504e+11	-1.6145e+11	-1.37122e+10	2.79677e+10	-2.56698e+11
1.09e-09	1.38481e+09	5.57667e+10	-6.36942e+10	1.55978e+10	1.73232e+11	-1.59496e+11	5.06445e+09	-7.23441e+10	5.8169e+10	-1.11805e+10	4.5146e+10	-1.14768e+11	-6.73443e+09	2.40369e+10	-1.41058e+11
1.095e-09	2.67264e+10	-7.89487e+10	-6.43729e+09	1.39928e+10	2.63187e+11	-1.65954e+11	1.11847e+10	-2.2536e+11	1.21253e+11	-4.38888e+09	7.29004e+09	-8.84797e+10	1.91277e+10	1.20007e+11	-2.44159e+11
1.1e-09	-5.86281e+09	-6.8044e+10	1.83417e+10	1.47235e+10	2.53427e+11	-8.67145e+10	-1.44774e+09	-2.83629e+10	1.83439e+11	-3.36435e+09	1.51185e+11	-1.17534e+11	5.45992e+09	-1.26682e+11	-1.1379e+10
1.105e-09	1.60018e+10	-3.59262e+10	8.71956e+08	1.23656e+10	9.49439e+10	-2.05887e+11	-6.93033e+09	9.98994e+10	-2.58147e+10	4.00164e+08	-2.49139e+11	8.84252e+10	-8.21356e+09	-7.17393e+10	1.31942e+11
1.11e-09	4.01284e+10	-1.17688e+11	2.36707e+11	-1.10783e+10	-3.48413e+10	8.13327e+10	7.91007e+09	7.59244e+10	6.24004e+10	1.07494e+10	-1.12518e+11	-5.94745e+10	-6.02456e+09	-3.72428e+10	2.95959e+11
1.115e-09	3.67283e+10	8.99919e+10	2.61179e+11	2.23064e+10	-4.35907e+10	-1.54195e+11	6.90461e+09	2.85781e+11	-7.57433e+10	-1.31134e+09	8.76579e+10	-7.7541e+10	1.22665e+09	-3.01439e+11	6.06454e+10
1.12e-09	-6.3527e+09	-4.647e+10	2.85107e+10	1.30473e+10	-2.99368e+11	-1.04659e+11	-1.31252e+10	-1.08847e+11	5.79525e+10	-2.48061e+10	4.14553e+11	1.53133e+11	1.02859e+10	-7.41446e+10	-1.03017e+11
1.125e-09	9.34532e+10	2.67959e+11	3.71145e+11	-8.73175e+09	-4.40524e+10	-1.38836e+11	1.58952e+10	2.02637e+11	-8.57481e+10	-3.80923e+09	7.58664e+10	-8.41922e+10	-1.2541e+10	1.47165e+11	3.5905e+10
1.13e-09	1.65475e+10	2.5619e+11	-3.44931e+11	-3.77645e+09	-7.70726e+10	-2.48707e+11	-1.50627e+10	-3.78378e+10	-7.50179e+10	8.52512e+09	2.74287e+10	3.85977e+09	5.47768e+09	-1.18432e+11	2.13054e+09
1.135e-09	3.5987e+10	2.54596e+11	5.11999e+10	-4.00331e+10	2.00965e+11	-1.79116e+11	1.64471e+10	1.53945e+11	-2.72268e+11	-1.10775e+10	1.32419e+10	5.2697e+10	-8.21881e+09	-1.50271e+11	-1.03527e+11
1.14e-09	8.15037e+10	2.49625e+11	-1.41191e+11	2.04089e+08	2.68243e+10	2.59599e+11	1.11839e+10	-1.77801e+11	-1.03919e+11	2.71367e+09	1.93504e+11	-1.60162e+11	1.07053e+10	1.71504e+11	1.14917e+11
1.145e-09	7.32354e+10	1.14468e+11	-2.86902e+11	2.68784e+10	-1.97175e+11	1.6582e+11	-1.94436e+10	1.05371e+10	1.36537e+10	1.36648e+09	1.74926e+11	9.40986e+10	7.15639e+08	-4.81234e+10	-1.06164e+10
1.15e-09	5.00987e+10	2.67126e+09	-4.02561e+11	4.87808e+10	-4.72676e+10	3.59836e+11	-6.71296e+08	-2.77251e+10	-4.16853e+10	4.43518e+09	8.54607e+10	-2.52582e+10	3.90771e+09	2.67752e+11	-1.21092e+10
1.155e-09	2.42772e+10	9.05684e+10	-2.08938e+11	6.94964e+10	2.46469e+11	2.41622e+11	2.71146e+09	-1.44664e+11	-5.05638e+09	1.31491e+10	2.86288e+10	-1.5713e+11	-2.71098e+10	-1.93616e+10	-2.73366e+11
1.16e-09	4.18766e+10	-2.0468e+11	-5.3073e+10	3.60692e+10	2.6885e+11	4.72144e+10	4.24402e+09	-1.04292e+11	9.71038e+10	1.07123e+10	-5.12724e+10	-1.9116e+11	6.45561e+09	2.53092e+11	1.04058e+10
1.165e-09	1.6514e+11	-5.46378e+11	-3.16275e+11	3.70993e+10	2.25601e+11	3.28192e+11	-1.79327e+10	2.13176e+11	-5.05418e+10	-1.60223e+10	-1.02544e+11	-5.16092e+10	-5.90325e+08	-1.41161e+11	2.93005e+08
1.17e-09	9.7637e+10	-3.26743e+11	-9.15738e+10	3.57208e+09	2.12877e+11	5.64958e+09	3.35403e+10	-1.95897e+10	2.3221e+11	-6.094e+09	-1.46179e+11	3.95016e+10	-2.84914e+09	1.47861e+11	-1.3053e+11
1.175e-09	5.35694e+10	-1.71073e+11	1.49735e+11	5.97184e+10	3.2927e+11	-1.83609e+11	6.54633e+09	9.50927e+10	1.96635e+11	1.42222e+10	9.7634e+09	1.85651e+11	1.44446e+10	1.25337e+11	5.33947e+10
1.18e-09	1.37492e+11	-1.41008e+11	4.29194e+11	1.51967e+10	-2.86033e+10	-1.84122e+11	1.0816e+10	1.16493e+11	7.12387e+10	-7.24211e+08	-2.59356e+11	1.66044e+11	8.23166e+09	9.74353e+10	-7.55074e+10
1.185e-09	1.27086e+11	1.74744e+10	5.02916e+11	1.14368e+10	-2.21613e+09	-1.28328e+11	-8.11931e+08	3.95279e+10	-3.20236e+11	-1.02428e+10	-3.15965e+10	-1.33494e+11	-3.45813e+09	3.29079e+10	-4.16357e+10
1.19e-09	7.18753e+10	-1.11377e+10	2.32499e+11	4.49554e+10	-1.92721e+11	-1.85479e+11	1.75888e+10	1.51965e+11	-6.12858e+10	-4.96855e+09	-1.37947e+11	-1.75005e+11	5.13999e+09	-1.05009e+11	1.48358e+09
1.195e-09	4.36169e+09	-1.0054e+11	8.3563e+10	3.70759e+10	-1.95993e+11	-1.47619e+11	-1.56288e+09	-2.10593e+11	6.30907e+10	3.84565e+09	5.12914e+09	3.90889e+10	-2.32187e+10	-1.49201e+11	-1.97817e+11
1.2e-09	1.33482e+11	4.39002e+11	2.37916e+11	6.0957e+10	-4.13389e+11	-6.36984e+10	9.43586e+09	4.58381e+10	-1.47611e+11	-3.49013e+09	-1.01813e+11	-1.50083e+11	-3.08561e+10	7.85133e+10	-3.49311e+11
1.205e-09	1.10218e+11	2.21494e+11	4.43457e+11	1.80017e+10	-8.34719e+10	6.74387e+10	1.52587e+10	4.18292e+10	-9.27358e+10	-1.29002e+10	2.69958e+11	-1.70451e+11	-2.68197e+10	2.15625e+11	-6.45091e+10
1.21e-09	1.18244e+11	4.42425e+11	-3.12958e+10	1.9784e+10	-1.14299e+11	1.59486e+11	-2.86137e+10	1.12854e+11	1.44118e+11	-1.0116e+09	3.85585e+10	9.8693e+09	-1.46491e+10	-1.79979e+11	3.07151e+11
1.215e-09	4.68067e+10	1.26852e+11	2.72649e+11	-4.54164e+08	5.69131e+10	2.61622e+11	-2.3e+10	-1.98098e+11	3.64634e+10	1.37599e+10	1.01111e+11	-1.45812e+11	-1.14582e+10	9.86219e+10	3.74878e+11
1.22e-09	1.91367e+10	1.09228e+11	-2.7816e+10	4.86515e+10	-1.24582e+11	2.20682e+11	2.48867e+10	-1.97067e+11	-1.26807e+11	-2.31852e+10	3.05022e+10	2.11192e+11	-8.06955e+09	-8.59724e+10	3.93842e+10
1.225e-09	6.35023e+10	2.51338e+11	-1.52521e+11	-3.39807e+10	1.16238e+11	6.04257e+09	1.14558e+10	-7.03662e+10	5.04553e+10	2.17641e+10	-1.38516e+10	-2.48645e+11	-3.36343e+10	-2.77443e+11	2.10283e+10
1.23e-09	9.39664e+09	-1.21401e+10	-7.22292e+10	8.11907e+10	-2.2176e+11	4.67017e+11	4.56924e+10	-2.62272e+11	3.41288e+10	2.46797e+10	1.45614e+11	-1.41966e+11	1.97725e+09	2.27593e+11	5.80528e+10
1.235e-09	6.13002e+09	6.51978e+10	-1.01891e+11	-8.70312e+09	2.16844e+11	3.29231e+10	3.46765e+10	-2.11915e+11	1.37914e+11	-3.29356e+10	1.74405e+11	9.80206e+10	1.2811e+09	1.86976e+11	-2.64673e+10
1.24e-09	2.46209e+10	4.14797e+11	-1.02446e+10	3.90401e+10	-2.55447e+09	2.15604e+11	2.77999e+10	-1.51906e+11	2.92929e+11	-3.72467e+09	5.35925e+10	-4.24068e+10	-9.82043e+09	-6.85956e+10	1.26001e+10
1.245e-09	1.11595e+10	8.6909e+10	-8.54261e+10	6.47271e+09	-1.62304e+11	1.48009e+11	3.27881e+09	-2.80445e+11	3.99779e+10	1.45838e+08	8.70845e+10	-1.74162e+11	-2.7481e+09	1.52853e+11	-9.0754e+10
1.25e-09	1.40625e+10	-1.14474e+11	-1.35555e+11	8.76747e+07	5.63796e+10	6.82242e+10	-1.80459e+10	-4.10662e+11	-5.5372e+10	-1.36742e+10	1.35274e+11	-3.26279e+11	-4.83837e+09	-1.81955e+10	1.95361e+11
1.255e-09	4.1964e+09	-1.11894e+11	-6.14085e+08	-1.17695e+10	2.29118e+11	9.55007e+10	-1.66938e+10	4.77699e+10	3.41121e+10	-8.98187e+09	-3.86493e+10	-2.99503e+11	-2.71321e+10	-1.56324e+11	3.42113e+11
1.26e-09	2.91862e+10	-1.80434e+11	-3.4361e+11	-2.05513e+08	7.77088e+10	1.01681e+11	-3.24294e+09	-7.03688e+10	1.28734e+11	-1.43954e+10	1.27628e+11	9.90541e+10	8.77993e+08	-3.08545e+10	-1.72165e+11
1.265e-09	-2.18799e+09	-1.54213e+11	-6.21748e+10	1.18782e+10	2.76318e+11	2.1854e+11	7.38462e+09	-5.81795e+09	7.08046e+10	5.35318e+09	-1.35936e+11	-3.0669e+11	-1.70177e+10	2.53406e+11	-3.57598e+11
1.27e-09	1.45845e+09	3.98557e+10	6.65919e+10	-9.93085e+09	1.15098e+11	2.26414e+11	2.48655e+10	1.6693e+11	2.71607e+11	-1.48315e+10	3.30334e+10	4.60369e+09	-1.10906e+10	-6.06882e+10	-1.94312e+11
1.275e-09	-4.19288e+08	-6.98958e+10	1.00149e+10	3.23326e+10	1.77387e+11	-2.04729e+11	-1.94483e+10	-1.43897e+10	-8.74955e+10	9.63898e+09	-9.86342e+10	1.29567e+11	-2.06745e+10	1.82552e+11	1.66111e+11
1.28e-09	4.916e+10	-1.75513e+11	2.18635e+11	-1.56427e+10	-4.54931e+10	-1.0749e+09	-6.58233e+09	-1.45655e+10	5.95276e+10	1.17247e+10	5.88456e+10	2.36042e+11	-1.97514e+10	5.80162e+10	-5.78717e+10
1.285e-09	-8.61476e+09	2.38675e+11	1.57181e+10	-2.26553e+10	-3.21713e+10	4.2832e+10	-4.61342e+09	3.77734e+11	-3.19748e+11	2.29478e+09	-1.626e+11	1.21121e+11	1.74591e+10	-5.69784e+10	2.21059e+09
1.29e-09	2.61825e+10	3.76897e+10	2.92464e+11	4.42023e+09	-1.44826e+11	-1.16959e+11	1.16216e+09	-6.47218e+10	-2.17888e+10	1.51727e+09	6.02239e+10	1.1162e+11	3.56273e+09	3.59597e+10	2.35773e+11
1.295e-09	4.68383e+10	1.12144e+11	3.17291e+11	-9.82813e+09	-7.2463e+10	-2.79519e+11	1.9339e+10	2.45895e+11	1.09913e+11	-1.20663e+10	1.78802e+11	-1.19549e+11	-7.41317e+09	1.21765e+11	-1.44819e+11
1.3e-09	1.97645e+10	5.16064e+10	3.15388e+10	6.33366e+09	-1.21534e+11	1.33088e+10	-4.14709e+09	-1.67615e+10	-2.41606e+11	1.5249e+09	-1.23733e+11	-1.3874e+11	-8.14344e+09	2.22689e+11	-1.86285e+11
1.305e-09	2.9516e+10	1.87782e+11	1.65874e+11	2.72851e+10	-2.04378e+11	2.45221e+10	1.63222e+10	7.15272e+10	-2.71957e+11	-2.07038e+10	-1.6724e+11	-4.09174e+11	-2.32566e+09	-1.66935e+11	1.13159e+10
1.31e-09	3.7991e+10	2.7694e+11	1.33527e+10	-4.8258e+09	-1.14299e+11	9.69552e+10	-1.22791e+10	4.54957e+10	2.68798e+10	-3.20118e+10	-1.95228e+11	-1.47018e+11	-2.89512e+09	2.99696e+10	1.49678e+11
1.315e-09	3.54202e+10	1.51203e+11	-2.19663e+11	1.72639e+10	-1.78237e+11	2.22182e+10	5.93218e+09	-1.7865e+11	-2.37013e+10	1.8502e+10	2.69887e+11	-7.04401e+10	-8.25118e+09	1.53273e+11	3.88429e+10
1.32e-09	8.85621e+09	-3.56351e+11	-1.63496e+10	6.73588e+10	-3.55644e+11	5.22634e+11	-3.15081e+09	-5.42821e+10	4.6168e+10	-1.07232e+10	1.55746e+10	7.37384e+10	-7.78291e+09	-1.2765e+11	-7.19591e+10
1.325e-09	-4.45556e+09	-9.077e+10	1.12418e+11	1.21839e+10	6.93582e+10	1.48698e+11	-2.89191e+09	-5.17586e+10	3.08471e+11	1.574e+10	1.25048e+11	-2.49902e+11	-3.25852e+08	4.50206e+10	-4.69527e+10
1.33e-09	3.58641e+10	-1.79314e+11	-3.2588e+10	-9.76117e+08	-4.20031e+10	-2.07735e+11	3.89348e+09	-9.93881e+10	1.97971e+11	1.81451e+10	-7.88975e+10	-2.62573e+11	-9.9964e+09	-1.20916e+11	-2.66705e+10
1.335e-09	-1.01768e+10	-2.53791e+10	-4.70761e+10	-3.86744e+10	1.73656e+11	-4.60034e+11	8.05389e+09	-5.25345e+10	3.44998e+11	-2.42854e+10	2.39841e+11	-1.20319e+11	-8.71351e+08	-9.22338e+10	-1.19241e+11
1.34e-09	8.9805e+10	-3.99074e+11	1.97571e+11	-2.45996e+10	3.29149e+11	-5.01073e+11	-1.6754e+10	7.79097e+10	3.85528e+10	-1.68922e+09	-4.65121e+10	3.47243e+10	-2.12881e+08	-8.63089e+10	-2.35601e+11
1.345e-09	1.37601e+10	2.15582e+10	2.11368e+11	8.77083e+09	-3.67205e+10	-1.62929e+11	5.46392e+08	-1.86309e+11	3.27343e+10	-1.23178e+10	1.73097e+11	-1.48972e+11	-7.51075e+09	3.33697e+10	2.72975e+11
1.35e-09	4.22105e+10	-3.20167e+11	3.13621e+09	3.57049e+10	4.55985e+10	-2.93762e+11	3.70859e+09	1.03946e+11	2.10247e+11	-3.65351e+09	4.49279e+10	-8.52705e+10	-4.81996e+09	-2.24618e+10	6.48525e+09
1.355e-09	9.68045e+08	1.44224e+10	2.67925e+10	1.38938e+10	-1.57971e+11	-4.36775e+10	-7.54095e+09	-8.6819e+10	-4.91654e+10	-5.18571e+09	9.97938e+10	-1.31706e+11	3.12141e+10	-1.80877e+11	-1.92185e+11
1.36e-09	3.20854e+10	-4.86032e+10	2.00362e+11	2.41018e+10	-1.76823e+11	-5.55427e+10	-1.06718e+10	-7.90251e+10	-1.43652e+11	-2.33967e+10	8.42353e+10	7.77607e+10	1.01626e+10	-3.19136e+11	-4.45636e+10
1.365e-09	1.22637e+10	-2.83408e+10	2.7796e+11	7.67522e+09	-5.34894e+10	-1.3192e+11	3.62554e+08	3.14199e+11	1.273e+10	2.8409e+09	-5.18812e+10	-2.57587e+10	-4.1607e+09	6.06998e+10	1.06031e+11
1.37e-09	2.35604e+10	6.44146e+11	8.9302e+10	3.28965e+09	-5.69782e+10	8.27175e+09	2.78543e+10	3.78325e+10	-2.49062e+11	4.62448e+09	-1.56928e+11	-2.60296e+10	-1.10476e+10	8.95527e+10	-5.71151e+10
1.375e-09	-1.3509e+10	1.53197e+11	-5.67942e+10	2.57899e+10	-2.27527e+11	9.18118e+09	-3.61407e+09	1.2102e+11	3.60984e+10	9.1818e+09	-1.14995e+11	2.84291e+11	-1.29464e+10	-3.16456e+10	-1.47025e+11
1.38e-09	1.86429e+10	1.92601e+11	-1.62589e+11	6.33065e+09	-5.33016e+10	-1.38364e+11	7.34522e+09	3.02284e+09	-8.48727e+10	-2.91618e+09	9.31989e+10	-8.45628e+10	-2.25459e+10	-2.13462e+11	2.5943e+11
1.385e-09	-1.62786e+10	9.74896e+09	1.03231e+11	-1.27572e+10	-3.16471e+11	-1.62197e+11	2.63811e+09	-3.47906e+11	-3.89174e+09	1.74651e+09	1.50762e+11	-3.45813e+10	-3.38127e+09	-1.00676e+11	-1.2024e+10
1.39e-09	-5.39217e+09	1.28214e+11	8.91721e+10	-1.91946e+10	-1.01617e+11	-1.10167e+11	-1.90662e+09	1.80173e+11	-1.04685e+11	-2.10168e+09	8.66861e+10	-4.96575e+09	-1.20078e+10	1.62978e+11	-1.65218e+11
1.395e-09	2.31797e+09	5.69035e+10	-6.42801e+10	-1.91347e+10	1.23332e+11	-8.98677e+10	9.68006e+09	-4.7578e+10	-2.81537e+11	2.04974e+08	8.39525e+10	3.17825e+10	1.43583e+09	1.83603e+11	1.48248e+11
1.4e-09	-7.93181e+08	1.26624e+11	4.04039e+10	1.07999e+10	-1.40381e+11	2.25791e+11	7.24842e+09	-1.34737e+11	-2.63964e+11	1.59838e+10	2.2124e+11	-1.62307e+11	-1.06473e+10	2.33193e+10	2.22048e+10
1.405e-09	3.01135e+10	1.23329e+11	4.16224e+11	6.48542e+09	-1.92133e+10	-1.29208e+11	-1.32291e+10	2.52781e+11	-3.32601e+10	-8.65829e+09	2.75399e+10	2.05379e+11	1.28158e+10	3.86806e+10	2.04272e+11
1.41e-09	-6.00523e+07	-1.7494e+10	-1.29976e+10	-5.76782e+09	2.96726e+10	-1.6661e+10	6.25109e+09	-9.2867e+10	2.098e+11	-2.32132e+10	-1.31001e+11	2.38775e+10	-1.06889e+10	-2.56765e+11	-8.06308e+10
1.415e-09	-5.37185e+09	1.66522e+10	-3.59749e+11	4.67192e+09	-1.36019e+11	7.86778e+10	8.10762e+09	-3.47075e+11	7.43389e+10	1.34229e+10	-2.10959e+11	-1.64549e+11	2.82447e+09	-1.82087e+11	-2.28693e+11
1.42e-09	5.50365e+09	1.10922e+11	-2.19113e+10	-4.14941e+10	3.88293e+11	-1.40667e+11	3.21171e+09	-5.30287e+10	1.31558e+11	-4.22258e+09	-8.79798e+10	-3.25224e+10	-3.7399e+09	2.95435e+09	-8.64024e+09
1.425e-09	2.69617e+10	2.30671e+11	-3.41188e+11	-8.2814e+09	-9.00445e+10	9.26124e+10	6.38541e+09	7.93009e+09	5.91482e+10	1.1625e+10	-3.01359e+11	2.49184e+10	-7.0473e+09	-1.7557e+11	-5.24339e+10
1.43e-09	1.97317e+10	1.97778e+11	-1.9869e+11	-1.13015e+10	-1.29813e+11	1.29272e+11	7.02177e+09	5.33987e+10	4.99144e+10	-6.93959e+09	7.48401e+10	4.38188e+10	-1.99247e+10	6.10049e+10	1.69373e+11
1.435e-09	-6.10918e+09	1.00161e+11	5.22138e+09	-5.67051e+09	-3.9342e+10	9.51811e+10	7.60024e+09	9.74912e+09	-2.82122e+10	-3.63534e+09	-1.7563e+11	1.59426e+11	-7.38905e+09	-1.62785e+11	1.35103e+11
1.44e-09	3.52972e+09	2.09954e+11	-6.28409e+10	1.08344e+10	1.16235e+10	9.03975e+10	7.88032e+09	-9.02088e+10	2.39056e+10	4.23929e+09	-7.94722e+10	2.20302e+11	-1.00769e+10	3.65298e+09	-3.00131e+10
1.445e-09	2.52633e+10	-1.82123e+11	-2.87532e+11	4.68163e+09	5.65871e+10	1.9355e+11	-2.33761e+10	9.60187e+10	4.08452e+11	1.02663e+10	1.71751e+11	-1.59136e+11	-1.24263e+10	1.22043e+11	4.09798e+10
1.45e-09	2.42527e+10	1.69477e+10	-1.81277e+11	-8.78398e+09	-5.72923e+10	1.54871e+11	6.33138e+09	-1.61214e+11	2.22824e+11	-6.06362e+09	-1.07847e+11	1.04356e+10	-1.07498e+10	-7.96439e+10	-1.06159e+10
1.455e-09	9.00335e+09	-1.55769e+11	-2.84828e+11	1.71367e+10	2.73031e+11	-2.37148e+11	1.66575e+10	3.83961e+10	6.07136e+10	1.33558e+09	6.00523e+10	-1.43836e+11	-6.75186e+09	-3.68869e+11	-4.44073e+10
1.46e-09	1.46152e+10	9.03497e+10	-3.30682e+11	-2.7842e+09	1.80585e+11	-1.65424e+11	-6.23866e+09	1.95036e+11	1.76375e+10	-1.18027e+10	3.96491e+09	7.85045e+10	1.22931e+10	-2.53512e+10	-1.25464e+11
1.465e-09	2.36936e+10	-1.24012e+11	-2.96881e+11	3.4399e+08	3.4161e+10	1.32132e+11	4.94376e+09	1.56004e+11	6.31196e+10	-6.55939e+09	8.16434e+10	-1.23085e+10	8.20642e+09	-9.86989e+10	-7.68965e+09
1.47e-09	7.65636e+09	-1.52851e+11	-1.59288e+11	-1.22503e+10	-1.11369e+11	-1.06313e+11	4.8277e+09	1.45874e+11	1.83681e+10	2.2472e+10	9.52286e+10	1.02869e+09	-2.6754e+10	1.6504e+11	6.70893e+10
1.475e-09	3.47809e+10	2.88456e+10	-2.36724e+11	-1.43963e+10	2.90471e+11	-1.61902e+11	-2.39203e+09	1.41895e+11	1.60546e+11	-2.02898e+09	-1.50255e+11	-1.34012e+11	-2.04081e+10	-6.61895e+09	3.34152e+11
1.48e-09	1.1356e+10	-5.99872e+10	-1.31991e+11	-3.39125e+09	-1.0111e+11	-4.04846e+11	1.53984e+10	-2.71224e+10	3.29218e+11	4.2269e+09	2.56871e+11	5.04126e+10	-1.28266e+10	-5.96506e+10	-7.74303e+10
1.485e-09	1.25307e+10	-1.50531e+11	-1.27642e+10	3.93243e+09	2.12787e+09	-2.93581e+11	-9.37794e+09	5.72378e+10	8.69028e+10	-7.76217e+09	-2.82121e+11	1.57826e+11	-3.19366e+10	-1.05487e+11	2.19464e+11
1.49e-09	7.906e+10	-5.02734e+11	-9.18725e+10	1.06829e+10	6.81202e+10	2.02226e+11	-4.17467e+09	1.38746e+11	-2.48687e+10	-9.96358e+09	-1.39439e+11	4.63551e+10	-4.1778e+08	3.53713e+10	-7.43063e+10
1.495e-09	4.43455e+10	-2.57451e+11	-3.09241e+11	1.1525e+10	1.17984e+11	-1.07675e+11	2.87717e+10	3.72542e+11	1.44452e+11	1.60987e+10	-2.5122e+11	4.74e+10	1.92838e+08	7.05922e+10	1.92685e+11
1.5e-09	1.04013e+11	-5.02038e+11	-1.2687e+11	2.37541e+10	1.57503e+11	-1.76849e+11	-7.72852e+09	2.17134e+11	1.93451e+11	-2.72919e+10	-1.48601e+11	-2.10461e+11	-3.2605e+10	2.14821e+11	2.19098e+11
