Tue Oct 22 17:21:35 2024

<base> : Rectangle : 0m, 0m, 0m; 7um, 50nm, 5nm. Cells : 1400, 10, 1. Cellsize : 5nm, 5nm, 5nm
<supermesh> : Rectangle : 0m, 0m, 0m; 7um, 50nm, 5nm. Cells : 1400, 10, 1. Cellsize : 5nm, 5nm, 5nm

Saved data (dataname (unit) <meshname> (cells_rectangle)) : 

time (s)	<mxdmdt> (1/s) <base> (3.6um, 0m, 0m; 3.61um, 50nm, 5nm)			<mxdmdt> (1/s) <base> (4um, 0m, 0m; 4.01um, 50nm, 5nm)			<mxdmdt> (1/s) <base> (4.5um, 0m, 0m; 4.51um, 50nm, 5nm)			<mxdmdt> (1/s) <base> (5.5um, 0m, 0m; 5.51um, 50nm, 5nm)			<mxdmdt> (1/s) <base> (6.5um, 0m, 0m; 6.51um, 50nm, 5nm)			

0	51595.9	-22223.4	560498	18077.1	1.10166e+06	-470926	36288.3	679197	553155	7991.6	255455	-925803	9613.39	-189311	-190667
5e-12	1.13164e+10	-4.52433e+10	8.65699e+10	-8.60175e+07	6.70206e+10	1.98157e+11	-9.5238e+09	-1.91824e+11	5.71215e+10	-1.82346e+10	-4.32109e+10	7.13983e+10	-3.53555e+09	3.24619e+10	2.13804e+11
1e-11	-5.80888e+09	2.19056e+11	-9.81989e+10	-3.71366e+09	8.20268e+10	2.27346e+11	-1.30532e+10	5.20251e+10	6.02456e+10	-1.57724e+10	-1.17144e+11	1.10378e+11	6.72292e+09	1.46107e+11	-5.29756e+10
1.5e-11	2.66394e+10	1.57566e+11	-3.12541e+11	9.15629e+09	2.34462e+11	-3.30547e+09	-7.51597e+09	1.12548e+11	-1.6316e+11	-1.46784e+10	-6.42134e+10	2.06649e+10	-5.83914e+09	8.86094e+10	-3.12401e+11
2e-11	1.71079e+10	8.07261e+10	-1.28164e+11	1.48681e+09	1.06025e+11	1.66767e+10	-6.06005e+08	3.24841e+11	8.81995e+09	-1.95603e+10	3.73568e+11	-2.68452e+10	-1.11455e+10	1.80199e+11	-5.50232e+10
2.5e-11	2.53253e+10	-7.03143e+10	-1.19361e+11	1.27988e+10	1.26554e+11	2.04439e+10	4.99274e+09	-2.03177e+10	-1.57018e+11	-6.56531e+09	9.28506e+10	-1.4241e+11	-9.41502e+09	8.43066e+10	-3.37811e+10
3e-11	5.76929e+08	2.17166e+10	-4.78844e+10	7.26138e+09	-1.19886e+11	1.26478e+11	1.91447e+09	1.87415e+11	1.48076e+10	-1.65121e+10	-1.72226e+11	-4.60252e+10	-8.83226e+09	5.40774e+10	1.33354e+11
3.5e-11	8.17358e+10	3.16766e+10	-5.57158e+11	-1.42885e+10	-1.17409e+11	1.94277e+10	-2.10781e+10	-9.65721e+10	-1.79596e+11	-4.21143e+09	-2.46593e+10	4.31556e+10	-6.71767e+09	-1.3347e+11	-1.57536e+09
4e-11	3.73993e+10	-3.62047e+11	-1.77967e+11	3.39275e+10	4.72093e+11	9.31201e+09	-1.12291e+10	6.64318e+10	9.22756e+10	-1.70197e+09	1.22261e+11	1.25546e+11	-3.74944e+09	2.02084e+11	-2.3532e+11
4.5e-11	1.87428e+10	8.27938e+10	-1.22641e+11	1.50647e+10	1.2353e+11	-3.99037e+10	6.36486e+09	2.46794e+11	-2.33582e+11	-1.28748e+10	-1.27277e+10	-2.48201e+10	-3.5616e+10	-1.03954e+10	-2.20577e+11
5e-11	3.26138e+10	-1.33855e+11	2.01961e+10	4.72362e+10	4.21464e+11	-2.77805e+11	-1.97136e+09	-4.29965e+10	1.62777e+11	-2.25027e+10	-4.22412e+10	3.19419e+11	-7.37256e+09	7.4958e+10	1.96702e+11
5.5e-11	1.07247e+11	-3.91199e+11	2.63532e+10	-1.29779e+10	-1.45022e+10	-1.09298e+11	-3.76976e+09	-1.38309e+11	4.54064e+10	-1.72298e+10	-3.19595e+10	-9.45566e+10	-9.24604e+09	1.03956e+11	-1.14257e+10
6e-11	1.04826e+11	-2.33484e+11	-8.54299e+10	4.27025e+10	3.81482e+11	6.97891e+10	3.30556e+09	-9.48102e+10	-2.4103e+10	-3.73248e+10	1.95241e+11	-2.07261e+10	2.03889e+10	-1.67865e+11	2.36034e+11
6.5e-11	2.02938e+11	-4.77228e+11	-3.01584e+11	8.66356e+10	3.74265e+11	-2.1382e+11	-1.8647e+10	-1.91691e+11	-1.47928e+08	-5.90987e+09	9.22056e+10	-2.83557e+11	-1.46431e+10	1.88455e+10	-1.02746e+11
7e-11	2.37458e+11	-4.87394e+11	-2.01834e+10	3.94377e+10	-1.57988e+10	-4.37009e+11	1.5032e+10	1.07375e+11	1.09193e+10	-1.80861e+10	-2.20167e+11	-6.74934e+10	-2.44002e+09	-7.63567e+10	2.62296e+11
7.5e-11	2.85118e+11	-6.52189e+11	3.17988e+10	7.97489e+10	2.95902e+11	-3.28233e+11	4.34232e+10	3.49592e+11	-1.46803e+11	-2.99149e+10	-1.46659e+11	1.45111e+11	2.96674e+09	2.66297e+11	4.76156e+10
8e-11	1.92958e+11	-3.92771e+11	3.09422e+10	7.06464e+10	-7.92196e+10	-2.56188e+11	-9.26084e+09	-3.18989e+09	1.66698e+11	-6.69275e+09	9.71998e+10	2.1572e+11	-7.35179e+09	7.82273e+10	3.01362e+10
8.5e-11	1.55309e+11	-3.10907e+11	5.85693e+10	9.62846e+10	8.1939e+10	-2.53867e+11	2.6552e+10	1.49608e+11	-6.86498e+10	7.28574e+09	1.30518e+11	1.0774e+10	-2.0078e+08	1.40243e+11	-2.29698e+11
9e-11	2.95077e+11	-5.2037e+11	8.28195e+10	1.20511e+11	4.55775e+10	-3.42012e+11	6.55875e+10	3.2894e+11	-1.39757e+11	-9.82785e+09	5.31811e+10	-4.33088e+10	-1.26324e+10	-1.35903e+11	4.41817e+10
9.5e-11	3.16802e+11	-6.09418e+11	1.22595e+11	2.17204e+11	2.10989e+11	-5.73596e+11	6.5917e+10	3.67312e+11	-2.24558e+11	-9.14123e+09	-5.48812e+10	2.54647e+11	4.30283e+09	-1.45503e+11	1.0294e+11
1e-10	1.55738e+11	-2.87017e+11	2.50727e+11	5.93953e+10	6.6429e+09	-2.17863e+11	1.12719e+10	5.64624e+10	-1.91523e+11	-9.20684e+09	5.28259e+10	-1.18306e+11	-1.60889e+10	2.04469e+11	-6.2672e+10
1.05e-10	1.49804e+11	-2.29001e+11	1.84318e+11	6.64556e+10	-2.00191e+11	-2.06681e+11	2.22107e+10	1.98991e+11	1.25333e+11	-1.86773e+10	3.40714e+10	-2.18217e+11	-3.90032e+09	-3.87249e+10	-7.47781e+10
1.1e-10	2.57788e+11	-5.68223e+11	2.54115e+11	1.75967e+11	-5.94816e+10	-4.21982e+11	7.2559e+10	2.70154e+11	-1.22534e+11	-3.75818e+09	1.04295e+10	3.61556e+10	-1.01454e+10	-3.70139e+11	2.00839e+11
1.15e-10	4.0606e+11	-2.5209e+11	6.73454e+11	8.6039e+10	-9.62498e+10	-1.81486e+11	3.71527e+10	2.16628e+11	-1.25673e+11	5.51341e+10	1.9873e+11	4.26347e+11	8.23106e+09	-1.33879e+11	-2.71924e+11
1.2e-10	3.77078e+11	-2.0563e+11	6.04568e+11	1.83601e+11	-2.71714e+11	-3.83459e+11	1.55659e+10	3.8534e+10	-2.15629e+11	-1.40895e+09	-9.37342e+10	1.5806e+09	-1.65985e+09	-1.30141e+11	3.21341e+10
1.25e-10	2.65478e+11	-1.98242e+11	4.12382e+11	1.99077e+11	-2.94582e+11	-4.05425e+11	4.15753e+10	2.63352e+11	-2.09811e+11	8.36621e+09	-4.85989e+10	1.95872e+11	-4.86032e+09	5.9418e+10	2.48367e+11
1.3e-10	2.28031e+11	-9.11801e+10	3.82416e+11	1.81467e+11	-3.01797e+11	-3.50898e+11	-1.35082e+09	1.87722e+11	-4.40029e+10	-9.65613e+09	6.02977e+10	1.26009e+11	-1.65592e+10	-2.13579e+11	1.49801e+11
1.35e-10	2.85945e+11	-1.2248e+10	5.85117e+11	2.06781e+11	-4.26462e+11	-2.90857e+11	1.01355e+11	9.59156e+10	-4.6844e+11	3.12741e+10	3.66246e+11	2.44487e+11	-6.94022e+09	-2.44662e+11	-1.51577e+11
1.4e-10	2.92223e+11	1.70056e+11	5.79471e+11	1.37276e+11	-2.5275e+11	-1.56737e+11	2.47039e+10	-2.57112e+11	-2.09741e+11	-2.41923e+10	-2.9876e+11	-2.33474e+11	-3.87446e+09	1.47446e+11	-1.8171e+11
1.45e-10	2.70934e+11	1.4703e+11	4.66927e+11	1.40081e+11	-4.77785e+11	-1.06946e+11	6.19113e+10	-2.26079e+11	-2.27517e+11	3.3735e+09	-1.01522e+11	1.52304e+11	5.17775e+09	1.37594e+11	-2.64147e+11
1.5e-10	2.96544e+11	5.59041e+11	4.71134e+11	7.62085e+10	-3.72588e+11	-3.43792e+10	6.1475e+10	-6.52917e+09	-1.85602e+11	-2.26888e+10	-1.54301e+11	9.12966e+10	-1.52201e+10	6.48993e+10	8.52498e+10
1.55e-10	3.94575e+11	3.44901e+11	5.99165e+11	1.70822e+11	-3.6673e+11	2.41926e+11	1.9196e+10	1.50563e+11	-2.33639e+11	1.05457e+10	1.70132e+11	2.50179e+11	-1.89038e+10	-1.20554e+11	2.28956e+11
1.6e-10	1.7972e+11	1.64272e+11	2.8615e+11	1.49212e+11	-4.31536e+11	3.04146e+11	3.15444e+10	-2.18335e+11	-2.37085e+10	1.73253e+10	4.15343e+11	-2.63457e+11	-5.11517e+09	-2.24084e+11	6.49773e+10
1.65e-10	2.1606e+11	3.527e+11	2.14026e+11	1.29154e+11	-3.70678e+11	1.6759e+11	2.03612e+10	-2.88624e+10	-2.11832e+11	7.39172e+07	1.29889e+11	-2.13669e+08	-2.4476e+10	-8.81457e+10	2.68588e+11
1.7e-10	2.28771e+11	4.74058e+11	3.68783e+11	-2.69795e+10	3.02194e+10	1.94718e+10	1.53445e+10	-1.0474e+11	-2.92606e+10	1.58952e+10	1.83487e+11	7.46201e+10	-1.27999e+10	-3.15881e+11	1.43149e+11
1.75e-10	2.24212e+11	4.16729e+11	4.70732e+10	1.83145e+10	-2.39974e+11	-1.44948e+11	3.08176e+10	-2.19783e+11	-1.27523e+10	-3.4961e+10	4.61382e+09	3.82312e+11	7.85362e+08	-1.60924e+11	2.85508e+10
1.8e-10	2.37015e+11	3.79973e+11	1.80155e+11	1.18946e+11	-1.66634e+11	3.11103e+11	8.67687e+09	-6.82401e+10	8.0199e+10	7.71893e+09	-2.84474e+10	-2.82643e+11	-2.71324e+09	-2.38854e+10	2.44533e+11
1.85e-10	3.80115e+11	6.70221e+11	4.83947e+10	7.68269e+10	9.00153e+10	4.72344e+11	2.27083e+10	-2.16264e+11	-1.22922e+11	-1.22986e+10	-4.51055e+10	-6.94213e+10	4.74426e+09	-5.22674e+10	-4.24738e+10
1.9e-10	4.50072e+11	5.41179e+11	2.34418e+11	1.03407e+11	-5.88197e+10	3.41407e+11	2.48839e+10	-1.86572e+11	1.48432e+11	1.18697e+10	1.44373e+10	-3.87628e+10	-9.87416e+08	-2.33643e+10	3.20557e+10
1.95e-10	4.9672e+11	7.14062e+11	2.14553e+11	1.83297e+11	-4.23739e+11	3.7677e+11	9.92041e+10	-4.85708e+11	1.64282e+11	4.89505e+09	4.47063e+10	-1.24382e+10	-3.07984e+10	1.19867e+11	1.02183e+09
2e-10	6.70567e+11	6.91246e+11	-1.26348e+11	1.98992e+11	-7.24046e+10	5.60417e+11	5.42082e+10	-2.19578e+11	1.35423e+11	6.80437e+08	1.54731e+11	-8.1552e+10	-1.14817e+10	8.50601e+10	-7.30448e+10
2.05e-10	3.36489e+11	5.35849e+11	8.94764e+10	1.95232e+11	-1.55938e+11	4.93499e+11	3.0329e+10	-3.16964e+10	1.68052e+11	1.06826e+10	-2.22125e+11	-1.08142e+11	-1.28874e+10	3.02548e+11	-1.79347e+11
2.1e-10	5.34759e+11	6.17745e+11	-1.46909e+11	2.047e+11	-9.43316e+10	4.33578e+11	3.19957e+10	-1.17025e+11	9.70797e+10	3.10129e+09	-1.22581e+11	7.47904e+10	4.01041e+09	1.01501e+10	1.23493e+11
2.15e-10	3.80079e+11	4.38348e+11	-3.05022e+11	2.02853e+11	-2.5073e+11	4.20893e+11	3.88509e+10	-3.57442e+10	2.18256e+11	-2.52317e+09	-6.73579e+10	-8.84041e+08	-1.40615e+10	1.40996e+10	3.74098e+10
2.2e-10	4.24656e+11	6.61652e+11	-1.89755e+11	1.12996e+11	2.36256e+10	2.18527e+11	1.14251e+11	-1.24003e+11	3.99501e+11	8.36503e+09	1.68418e+11	-1.51732e+11	-3.30918e+10	1.01885e+11	-7.5859e+10
2.25e-10	2.04508e+11	2.63669e+11	-2.86655e+11	1.88552e+11	3.01925e+11	3.68663e+11	-2.00747e+10	9.66113e+10	-5.47643e+10	-2.21054e+10	5.22706e+10	-1.00482e+10	1.19727e+09	1.35938e+11	1.50933e+11
2.3e-10	4.14794e+11	5.47947e+11	-1.78427e+11	2.30616e+11	1.70758e+11	5.06376e+11	7.00904e+10	-3.50109e+10	2.53271e+11	-4.0902e+09	1.63862e+11	-9.85123e+10	1.43659e+10	1.97287e+11	7.5339e+10
2.35e-10	4.51239e+11	6.00503e+11	-3.52112e+11	2.48673e+10	-1.31059e+10	9.3874e+10	4.04926e+10	-4.65826e+10	1.39701e+11	7.49839e+09	2.45504e+10	-1.28751e+11	1.13649e+10	1.66115e+11	-2.10018e+10
2.4e-10	3.90104e+11	2.93281e+11	-4.07878e+11	1.90122e+11	4.63193e+11	2.62453e+11	7.57716e+10	1.79664e+11	2.72944e+11	3.8963e+10	-3.21686e+11	6.77952e+09	-1.60609e+10	7.37183e+09	1.17912e+11
2.45e-10	4.14329e+11	3.24351e+11	-4.94784e+11	1.22148e+11	-5.76274e+10	4.61331e+11	-1.16995e+10	9.69862e+10	3.20187e+10	1.8279e+10	-2.35849e+11	-2.80402e+10	4.58985e+09	-1.76044e+11	-3.13093e+09
2.5e-10	5.79802e+11	4.05468e+10	-6.5318e+11	1.7812e+11	3.57382e+11	2.13546e+11	7.23821e+10	-1.2604e+10	3.18589e+11	9.95519e+09	-2.82802e+11	3.66351e+10	1.55021e+10	2.63602e+11	-1.54609e+10
2.55e-10	6.3529e+11	3.6916e+11	-6.77208e+11	1.32507e+11	2.57246e+11	2.22012e+11	6.59666e+08	-1.84419e+11	5.14798e+10	-1.2502e+10	9.16346e+10	1.59188e+11	-2.41447e+09	1.35339e+11	1.32598e+11
2.6e-10	6.29885e+11	1.71492e+11	-6.43737e+11	6.97607e+10	3.48753e+10	1.96374e+11	9.48122e+10	-2.08731e+11	3.44279e+11	-2.10745e+10	8.88969e+10	-9.07173e+10	6.36864e+09	1.89655e+11	-1.1188e+11
2.65e-10	6.81707e+11	-2.49052e+10	-7.86256e+11	2.83434e+11	3.92163e+11	4.15423e+11	8.78747e+10	5.12723e+10	4.03287e+11	-3.85752e+10	1.10291e+11	1.14292e+11	-1.59121e+09	3.08212e+11	1.86141e+11
2.7e-10	4.11228e+11	-5.0715e+10	-5.67024e+11	2.65742e+11	3.8475e+11	3.48256e+11	5.80327e+10	4.0882e+10	3.81383e+11	2.68778e+10	-1.80386e+11	-5.63355e+10	-1.13315e+10	2.59432e+11	1.19103e+11
2.75e-10	4.05481e+11	-1.14303e+11	-5.30253e+11	2.81015e+11	5.10256e+11	2.90605e+11	6.21289e+10	1.53762e+11	1.67702e+11	1.90244e+10	-2.19273e+11	1.06706e+11	-4.63368e+09	-9.5333e+10	-1.69309e+11
2.8e-10	4.92602e+11	-1.45633e+11	-5.20058e+11	2.73127e+11	5.20472e+11	2.98947e+11	1.44444e+11	2.73718e+11	3.4114e+11	8.22861e+09	8.23521e+10	3.21797e+11	-1.25289e+10	-1.58318e+11	-2.06065e+11
2.85e-10	4.91721e+11	-4.26762e+11	-3.87176e+11	1.30053e+11	2.70569e+11	-4.75666e+10	9.12126e+10	2.796e+11	1.84693e+11	3.16678e+10	-3.79785e+11	1.32063e+11	-2.30133e+10	-2.40768e+11	1.84499e+11
2.9e-10	6.00628e+11	-6.74111e+11	-2.50714e+11	2.94019e+11	6.86805e+11	-7.54698e+10	1.23481e+11	-1.04683e+10	6.28697e+11	1.1105e+10	-6.33126e+10	2.93506e+10	-8.14946e+09	5.5616e+10	-2.7384e+11
2.95e-10	5.7007e+11	-4.53265e+11	-3.49593e+11	2.92582e+11	6.20052e+11	-2.34651e+11	4.27817e+10	2.69396e+11	3.72918e+10	3.56555e+10	-1.36931e+11	1.59963e+11	9.04566e+09	-1.36935e+11	-2.69693e+11
3e-10	3.99733e+11	-4.17396e+11	-2.59838e+11	2.20878e+11	4.28813e+11	-7.31351e+10	9.74076e+10	3.68125e+11	1.71958e+11	-1.76848e+10	1.89196e+11	1.14545e+11	-4.72917e+09	-1.34357e+11	4.01206e+11
3.05e-10	5.24998e+11	-5.7428e+11	-3.14881e+11	2.42218e+11	3.43529e+11	-3.37652e+11	1.09773e+11	3.90965e+11	1.15902e+11	2.98925e+10	-3.76785e+11	1.43949e+11	-1.22151e+10	-1.10946e+10	2.6746e+11
3.1e-10	7.82173e+11	-8.14199e+11	-4.7693e+11	2.08058e+11	2.29566e+11	-4.25553e+11	1.4305e+11	4.82029e+11	7.70966e+10	1.08026e+10	1.13272e+11	2.47511e+11	-2.28618e+10	-3.84312e+11	-1.62099e+11
3.15e-10	6.40581e+11	-5.86026e+11	-4.89704e+11	2.39519e+11	2.06689e+11	-5.16037e+11	1.69793e+11	4.48032e+11	7.78877e+10	2.77715e+10	-1.1865e+11	9.87356e+10	-2.28317e+10	2.21013e+11	-3.38802e+11
3.2e-10	5.29389e+11	-5.91176e+11	-9.17611e+10	2.89189e+11	2.18969e+11	-4.97416e+11	1.55958e+11	5.35068e+11	2.7514e+10	3.68605e+10	9.84658e+10	3.96803e+11	-2.04922e+10	2.1231e+11	-2.19171e+11
3.25e-10	4.73648e+11	-5.55419e+11	-2.56599e+11	4.23448e+11	3.25975e+11	-7.39407e+11	9.74331e+10	3.30945e+11	-2.20987e+10	4.18599e+09	-1.37288e+11	1.46616e+11	-1.95459e+10	2.75966e+11	2.50589e+11
3.3e-10	4.28928e+11	-5.48021e+11	-1.13313e+11	2.05555e+11	2.64503e+11	-4.60861e+11	8.00578e+10	3.22202e+11	1.68444e+11	1.36302e+10	3.94164e+10	1.61152e+11	1.39238e+09	-3.11985e+10	-1.39122e+10
3.35e-10	3.8016e+11	-5.19445e+11	-5.20128e+10	1.91645e+11	2.32771e+11	-4.89365e+11	1.30297e+11	5.42326e+11	2.03068e+10	2.2908e+10	1.66354e+11	2.25598e+11	8.49555e+08	4.89084e+10	-1.26453e+11
3.4e-10	3.67575e+11	-5.09116e+11	1.98105e+11	2.05881e+11	1.85406e+11	-4.89041e+11	8.90205e+10	2.50635e+11	-3.89708e+11	-2.28887e+10	2.00404e+11	-3.3142e+10	-4.88959e+09	-8.09662e+10	8.7299e+10
3.45e-10	3.681e+11	-4.95492e+11	9.09599e+10	2.98261e+11	3.1436e+10	-6.17668e+11	8.06136e+10	4.41883e+11	-1.0281e+10	3.00053e+10	1.55682e+11	1.2962e+11	2.53258e+10	-6.86825e+10	-2.87201e+11
3.5e-10	4.52797e+11	-5.88324e+11	2.30004e+11	2.46792e+11	-2.55558e+11	-4.88354e+11	2.23039e+10	1.94882e+11	3.36147e+10	1.04943e+10	1.88227e+10	2.70934e+11	5.86926e+09	5.35128e+10	9.62827e+10
3.55e-10	5.78491e+11	-5.81136e+11	4.61704e+11	3.1519e+11	-2.35746e+11	-5.51346e+11	2.61299e+10	7.27416e+10	-7.32551e+10	1.47846e+10	7.07886e+10	1.65835e+11	1.30359e+10	-4.20225e+10	7.5803e+09
3.6e-10	5.73056e+11	-5.81618e+11	3.27327e+11	2.18859e+11	-3.39413e+10	-4.86821e+11	6.24632e+10	2.04717e+11	-1.43135e+11	-1.62427e+10	1.70744e+11	-3.03826e+10	-2.07221e+10	2.85144e+11	2.27286e+10
3.65e-10	6.16664e+11	-6.78306e+11	2.4968e+11	2.88189e+11	-2.34746e+11	-6.00162e+11	1.31046e+11	2.27871e+11	-4.42389e+11	-4.76031e+09	9.16342e+10	-3.42504e+10	-6.60051e+09	-2.06089e+10	-1.95333e+11
3.7e-10	4.49455e+11	-2.50357e+11	3.04046e+11	3.06711e+11	-1.42175e+11	-5.39884e+11	8.63075e+10	2.57877e+11	-2.84135e+11	1.01797e+09	1.09919e+11	1.14636e+11	4.5671e+09	-3.21872e+11	-3.17045e+10
3.75e-10	5.69651e+11	-5.8772e+11	4.0635e+11	2.40895e+11	-2.90386e+11	-3.67846e+11	2.43192e+10	5.04618e+10	-1.00978e+11	2.28132e+10	1.46142e+11	-4.63345e+10	-1.59814e+07	-1.5876e+11	-9.03441e+10
3.8e-10	4.62195e+11	-5.25671e+11	3.86484e+11	3.32861e+11	-4.97663e+11	-6.21128e+11	3.15636e+10	7.98417e+10	-9.08828e+10	1.96961e+10	5.25679e+10	2.13187e+11	2.41396e+09	-2.08525e+11	-8.8956e+10
3.85e-10	5.79087e+11	-4.02413e+11	6.33735e+11	2.2437e+11	-3.46871e+11	-3.18309e+11	7.56263e+10	1.6521e+11	-2.63709e+11	4.51488e+10	4.06274e+11	9.82524e+10	8.72121e+09	1.25705e+11	1.42177e+11
3.9e-10	3.41905e+11	-3.18287e+11	4.47624e+11	3.53936e+11	-4.48062e+11	-4.51724e+11	1.17111e+11	-8.03353e+08	-3.71624e+11	2.80005e+10	2.92375e+11	1.17833e+11	4.21848e+09	1.66202e+10	1.86976e+11
3.95e-10	5.61517e+11	-1.8345e+11	7.60977e+11	2.62302e+11	-3.59911e+11	-4.45999e+11	8.79373e+10	-7.21157e+10	-3.14008e+11	1.63597e+10	8.57903e+10	-7.90993e+10	8.66422e+09	-1.65164e+11	8.09524e+10
4e-10	4.60938e+11	-4.8664e+10	5.51729e+11	2.38587e+11	-4.25681e+11	-3.01878e+11	3.24381e+10	-8.43772e+09	-8.93526e+10	-1.01374e+10	8.65665e+07	1.67919e+11	-2.02733e+10	4.1356e+10	-1.59059e+11
4.05e-10	2.51944e+11	1.14425e+11	3.6352e+11	1.79907e+11	-2.63057e+11	-4.71373e+11	4.75741e+10	-4.09284e+10	-1.89786e+11	2.8545e+09	5.46639e+10	2.53709e+11	1.4435e+10	-8.67029e+10	2.09007e+11
4.1e-10	5.26853e+11	-3.28476e+11	7.46018e+11	2.235e+11	-3.9287e+11	-3.40258e+11	4.99562e+10	-1.39355e+11	-1.98863e+11	2.53127e+10	2.0443e+11	-1.884e+11	-9.3139e+09	2.50111e+10	2.10074e+10
4.15e-10	3.0182e+11	7.19422e+10	4.09428e+11	2.86686e+11	-5.5293e+11	-2.18617e+11	9.61411e+10	-1.51849e+11	-2.38848e+11	9.43006e+09	7.05474e+10	-7.90866e+09	-2.65411e+10	4.7212e+10	-9.59773e+10
4.2e-10	3.04301e+11	3.25299e+11	4.2653e+11	1.66426e+11	-3.16093e+11	-2.54503e+11	2.17218e+11	-2.85249e+11	-5.56415e+11	3.05887e+10	2.09684e+11	-5.65846e+10	1.04179e+10	1.24398e+11	-2.12731e+09
4.25e-10	4.28125e+11	3.33864e+11	6.69855e+11	2.21515e+11	-4.75777e+11	-3.14249e+11	3.99534e+10	-2.94683e+11	-2.34474e+11	5.06895e+09	8.34801e+10	2.3193e+11	4.80267e+08	-1.06669e+10	9.24494e+10
4.3e-10	3.49063e+11	1.20733e+11	5.83837e+11	2.67836e+11	-5.51748e+11	-3.21085e+10	-4.43852e+09	4.65437e+10	-4.27867e+10	-1.42249e+10	-8.61411e+10	-1.2203e+11	-1.39171e+10	1.50933e+11	-2.1102e+10
4.35e-10	4.04735e+11	3.47807e+11	4.52912e+11	1.74145e+11	-4.59411e+11	-3.19355e+11	5.14056e+10	-2.51062e+11	-1.85304e+11	2.55534e+10	2.33479e+11	6.96488e+10	1.82363e+10	-1.3792e+11	2.42105e+11
4.4e-10	3.06101e+11	2.75675e+11	3.7751e+11	1.48419e+11	-4.8885e+11	-2.90653e+10	8.28083e+10	-2.30066e+11	-2.65954e+11	-2.26135e+10	6.5424e+10	3.36892e+11	-2.56755e+10	2.23192e+11	5.66917e+10
4.45e-10	2.68933e+11	1.41824e+11	4.60402e+11	1.79045e+11	-3.67835e+11	3.20742e+11	7.20736e+10	-2.44766e+11	-1.1809e+11	1.48709e+10	3.33724e+11	-3.49805e+10	9.31712e+09	1.14701e+11	1.974e+11
4.5e-10	2.67126e+11	5.20569e+11	1.52469e+11	1.90451e+11	-5.21477e+11	2.99071e+11	1.51881e+11	-7.05673e+11	-3.31443e+11	-2.57435e+09	1.51278e+11	4.36262e+10	7.11918e+09	2.37355e+11	2.37152e+11
4.55e-10	1.96036e+11	3.41504e+11	1.97506e+11	1.24784e+11	-3.31989e+11	1.14244e+11	8.90026e+10	-2.47289e+11	-1.36769e+11	5.45389e+10	3.03517e+11	-1.71548e+11	-8.16674e+09	1.53707e+10	1.24671e+11
4.6e-10	2.22515e+11	2.87501e+11	3.03987e+11	2.6817e+11	-3.70949e+11	6.12544e+11	4.37044e+10	-2.16879e+11	1.82341e+11	1.86597e+10	1.41737e+11	-2.25576e+11	5.06179e+09	-7.35696e+10	1.90155e+11
4.65e-10	3.51351e+11	5.12345e+11	3.0728e+11	1.27881e+11	-2.13328e+11	2.09702e+11	5.06821e+10	-3.42096e+11	-8.10235e+10	-1.25467e+10	-1.39981e+11	-7.06319e+10	-7.44207e+09	-7.30938e+10	-1.13763e+11
4.7e-10	3.49739e+11	4.55937e+11	3.05674e+11	1.99631e+11	-9.29879e+10	6.30325e+11	1.40404e+11	-4.50524e+11	1.37254e+11	1.06025e+09	-1.5871e+11	-1.6964e+11	9.74175e+09	2.26302e+11	9.83247e+10
4.75e-10	3.56004e+11	5.65242e+11	1.92671e+10	2.00435e+11	-4.83349e+11	4.87492e+11	4.83657e+10	-1.97992e+11	8.24458e+10	-8.40315e+09	-1.56211e+11	-1.07544e+11	-2.77926e+09	2.42898e+11	1.24393e+11
4.8e-10	2.65963e+11	4.81935e+11	6.90691e+10	1.4216e+11	-1.32194e+10	4.4971e+11	1.31165e+10	-1.24364e+11	8.32737e+10	-1.08132e+10	-5.5781e+10	-1.26696e+11	-7.24038e+09	1.05232e+11	-1.18893e+10
4.85e-10	3.60627e+11	7.47927e+11	1.4613e+11	1.58867e+11	1.05817e+11	5.80679e+11	4.59778e+10	-1.55112e+11	1.86665e+11	-8.24107e+09	-1.7795e+11	-4.88883e+10	5.08347e+09	7.09635e+10	-5.33206e+10
4.9e-10	2.18298e+11	3.07306e+11	-3.79821e+11	1.69079e+11	5.75478e+10	5.5951e+11	6.82135e+10	-3.53404e+11	6.83981e+10	2.5195e+10	3.05541e+11	-2.11852e+11	-5.45099e+08	2.39278e+11	-1.48519e+11
4.95e-10	3.43599e+11	5.21347e+11	-1.6225e+11	1.01664e+11	-8.30531e+08	3.00031e+11	4.2815e+10	-2.96063e+11	1.05536e+10	9.91712e+09	-1.69293e+10	-7.44094e+10	-1.0762e+10	-1.37111e+11	1.6618e+10
5e-10	4.07215e+11	3.36888e+11	-4.55583e+11	6.8813e+10	-1.62257e+11	2.62311e+11	9.43962e+10	-2.50898e+11	3.19027e+11	3.84047e+10	-1.84193e+11	-3.69093e+11	1.28382e+09	1.75711e+10	-3.82686e+10
5.05e-10	2.61559e+11	2.006e+10	-5.1015e+11	2.46304e+11	2.10207e+11	5.09626e+11	7.11928e+10	-1.76723e+11	3.9897e+11	2.71987e+10	-2.69997e+11	2.29412e+10	2.69269e+08	1.76263e+11	8.64747e+10
5.1e-10	3.58458e+11	4.54879e+11	-2.56771e+11	3.05949e+11	-1.7476e+10	6.615e+11	5.66115e+10	-2.14403e+11	3.04896e+11	3.0777e+10	-3.19366e+11	-1.62411e+11	-1.11091e+10	-5.10838e+10	3.32383e+10
5.15e-10	4.43283e+11	3.35446e+11	-3.76235e+11	1.75913e+11	-1.76936e+11	4.69665e+11	3.56411e+10	-9.02164e+10	1.53509e+11	1.92664e+10	-2.54873e+11	-1.14471e+11	2.37531e+10	1.76626e+11	-2.36123e+10
5.2e-10	3.65076e+11	2.31944e+11	-3.87404e+11	8.74817e+10	1.99488e+11	1.40906e+11	2.69856e+10	-1.0984e+11	4.81743e+10	6.93183e+09	-1.30131e+10	-9.06337e+10	1.81731e+09	-1.08118e+11	2.32244e+11
5.25e-10	6.36274e+11	3.15958e+11	-7.72931e+11	1.68457e+11	1.92229e+11	3.58661e+11	4.92447e+10	5.70782e+09	2.64155e+11	1.60189e+10	-2.21872e+11	-6.95507e+10	-8.94406e+09	-8.21718e+10	1.56058e+11
5.3e-10	4.83413e+11	2.48231e+10	-6.38823e+11	3.26919e+11	2.3764e+11	6.11458e+11	1.66812e+10	-3.58059e+10	9.14368e+10	2.55298e+09	-1.92589e+11	1.45204e+11	-2.24315e+09	-3.92906e+10	-1.2982e+11
5.35e-10	3.52534e+11	2.38297e+11	-4.53887e+11	3.19408e+11	5.56165e+11	3.1089e+11	9.2205e+09	-5.18546e+10	7.19925e+10	-1.42065e+10	8.47005e+10	-8.09601e+10	-1.09315e+10	4.47292e+10	9.14881e+10
5.4e-10	4.79646e+11	9.71842e+10	-5.64613e+11	2.57513e+11	4.78549e+11	2.8881e+11	9.60373e+10	3.10405e+10	3.9384e+11	3.8935e+10	-2.84077e+11	-1.15144e+10	-2.29995e+10	-3.05348e+10	-8.55323e+10
5.45e-10	4.26457e+11	8.17406e+10	-5.30999e+11	2.0455e+11	3.87243e+11	3.76647e+11	4.18493e+10	2.03584e+11	1.05851e+11	7.58067e+09	-1.51879e+11	-7.35101e+10	-2.29874e+10	-1.30571e+11	-3.24962e+11
5.5e-10	5.37399e+11	-1.50905e+11	-5.55706e+11	2.70395e+11	6.27887e+11	-7.46563e+09	7.14061e+10	1.57626e+11	3.34252e+11	8.78663e+08	-1.50608e+11	-2.78124e+11	4.85619e+09	1.5625e+09	-9.27578e+10
5.55e-10	4.50517e+11	-1.70531e+11	-5.69308e+11	1.78717e+11	3.33233e+11	2.34145e+10	4.13432e+10	-5.31277e+10	2.16566e+11	1.23157e+10	-1.67931e+11	-2.51938e+11	1.5697e+09	3.95376e+10	-5.06029e+10
5.6e-10	4.99496e+11	-3.02934e+11	-6.5341e+11	1.829e+11	4.19137e+11	-5.06348e+09	8.70983e+10	2.84406e+11	2.66987e+11	-3.04526e+10	1.57221e+11	-6.15036e+10	-9.50766e+09	5.06705e+10	-2.31991e+11
5.65e-10	3.78505e+11	-3.54639e+11	-3.13751e+11	1.85192e+11	4.05022e+11	1.68562e+11	5.49337e+10	1.68063e+11	2.52188e+11	5.2992e+10	-2.35028e+11	2.58995e+11	5.06404e+09	-1.00232e+09	-1.08629e+11
5.7e-10	4.21055e+11	-5.46673e+11	-3.41622e+11	2.9657e+11	5.44251e+11	-1.46714e+11	1.09244e+11	2.10166e+11	3.65441e+11	4.57661e+10	-2.99763e+11	2.17637e+11	-9.17267e+09	1.52532e+11	1.84119e+10
5.75e-10	5.04519e+11	-5.06825e+11	-4.10383e+11	2.81228e+11	4.11941e+11	-4.42415e+11	1.57894e+11	3.56806e+11	2.52311e+11	2.37047e+10	-3.2285e+11	-8.50103e+10	-2.1996e+09	1.14002e+10	-3.17115e+10
5.8e-10	4.15703e+11	-6.406e+11	-1.15141e+11	2.5267e+11	4.3434e+11	-1.86874e+11	9.38627e+10	2.87694e+11	6.04289e+10	2.87e+10	-1.45089e+11	2.49135e+11	-1.39538e+10	3.85017e+11	2.67041e+11
5.85e-10	3.89195e+11	-4.07988e+11	-3.906e+11	2.32002e+11	4.94728e+11	-1.90255e+11	1.1591e+11	3.15466e+11	3.98153e+11	6.46153e+09	6.96746e+10	1.63194e+11	-3.70165e+10	-8.38123e+10	2.19231e+11
5.9e-10	4.27471e+11	-6.18584e+11	-3.84635e+10	2.53991e+11	3.95505e+11	-4.61409e+11	1.04576e+11	4.62614e+11	-6.5473e+10	8.49685e+09	-1.80386e+11	5.72276e+10	-6.64405e+09	5.61163e+09	-1.37509e+11
5.95e-10	3.91865e+11	-6.07096e+11	-1.35893e+11	8.86393e+10	3.06633e+10	-2.60934e+11	1.38557e+11	5.46571e+11	-4.71534e+10	2.37402e+10	-2.55156e+11	1.14788e+11	-7.07782e+09	-6.85424e+10	1.0862e+11
6e-10	5.00788e+11	-6.23541e+11	6.74418e+10	1.79556e+11	2.37184e+11	-3.69554e+11	1.09377e+11	4.0114e+11	1.20758e+11	-1.09023e+10	-3.77118e+10	2.29917e+10	-4.27935e+09	3.94406e+10	2.06293e+11
6.05e-10	5.20162e+11	-6.76712e+11	7.78188e+10	1.84974e+11	2.34979e+11	-4.15372e+11	7.08687e+10	3.55346e+11	-2.39241e+10	-1.77579e+09	-4.4175e+10	1.13132e+11	2.15581e+10	-6.05289e+09	-3.0511e+11
6.1e-10	4.75957e+11	-6.5398e+11	2.80962e+10	2.07572e+11	3.56096e+11	-3.63335e+11	1.12716e+11	3.84087e+11	-5.6747e+10	-1.21343e+10	-8.52227e+10	-1.01898e+11	-7.7996e+09	-8.62304e+10	2.28484e+11
6.15e-10	1.58119e+11	-2.54296e+11	4.98643e+10	3.21866e+11	1.92337e+11	-6.12354e+11	6.84383e+10	3.21058e+11	-1.20321e+11	2.37647e+10	-2.65802e+11	2.41123e+11	-6.79199e+09	1.95444e+11	-1.6593e+11
6.2e-10	3.11413e+11	-5.91797e+11	1.7732e+11	2.54564e+11	8.11544e+10	-5.30775e+11	1.414e+11	4.22135e+11	-1.99448e+11	5.29783e+10	-1.05748e+11	5.15568e+11	3.59458e+09	-1.15128e+11	-4.61971e+10
6.25e-10	2.39374e+11	-4.03936e+11	1.39894e+11	1.9601e+11	1.34403e+10	-5.8244e+11	6.4763e+10	1.3905e+11	-2.18653e+11	-1.52121e+10	-2.02044e+11	-2.31922e+10	-1.74362e+10	1.33248e+11	7.78697e+10
6.3e-10	2.16142e+11	-2.25634e+11	3.19387e+11	1.3295e+11	-1.14544e+11	-3.95851e+11	3.46738e+10	5.20695e+10	-1.46281e+11	-1.96382e+10	-5.87337e+09	-8.51619e+10	-2.17544e+09	1.24609e+10	-3.59743e+10
6.35e-10	2.99698e+11	-1.85021e+11	4.34449e+11	7.34655e+10	-2.91268e+09	-2.04816e+11	1.26138e+11	2.42371e+11	-4.5935e+11	9.27189e+09	-9.82938e+09	6.41053e+10	-7.99041e+09	5.13609e+10	-3.55407e+11
6.4e-10	2.15306e+11	-1.54297e+11	3.56043e+11	1.41102e+11	-1.45208e+11	-3.78635e+11	1.95744e+10	1.71904e+10	-1.66671e+11	5.38178e+09	-1.23272e+11	2.96987e+11	-1.10362e+10	1.70484e+11	-6.29014e+10
6.45e-10	3.95215e+11	4.10616e+10	6.48186e+11	7.75136e+10	-1.02412e+11	-1.60576e+11	1.06593e+11	1.91953e+11	-5.18757e+11	-2.02738e+10	-9.27683e+10	1.94517e+11	5.2367e+09	-1.62852e+10	-9.22224e+10
6.5e-10	3.31299e+11	9.66228e+10	5.70791e+11	1.82052e+11	-4.75684e+11	-1.25222e+11	5.86363e+10	1.36363e+11	-2.43157e+11	3.57897e+10	1.5299e+11	3.02275e+11	-5.26295e+07	-1.04731e+11	1.49603e+11
6.55e-10	4.55233e+11	-2.04522e+10	6.08086e+11	1.85571e+11	-4.68321e+11	-3.03739e+11	2.82931e+10	1.25528e+11	-1.396e+11	-3.40343e+10	-1.35491e+11	-1.05369e+11	1.64846e+10	-3.76655e+11	-5.55132e+10
6.6e-10	5.56078e+11	2.16757e+11	7.36922e+11	1.85556e+11	-3.64005e+11	-2.69116e+11	4.74034e+10	-2.53975e+11	-2.7425e+11	-3.23835e+09	1.76514e+10	4.70086e+10	-1.22053e+10	-1.9066e+11	-9.95846e+10
6.65e-10	2.60863e+11	2.88237e+11	3.29146e+11	2.13336e+11	-4.35218e+11	1.2328e+10	3.23437e+10	-1.29261e+11	-2.26457e+11	1.1368e+10	3.27189e+11	1.1633e+11	-5.46457e+09	1.12963e+11	1.30357e+11
6.7e-10	3.97028e+11	2.57189e+11	5.79477e+11	1.89393e+11	-4.86708e+11	-3.28266e+11	1.11972e+11	-3.74245e+11	-2.49046e+11	-1.39281e+09	-4.02044e+10	1.56616e+11	1.54314e+09	-9.98249e+10	1.69719e+11
6.75e-10	4.50101e+11	4.13991e+11	4.65814e+11	1.20074e+11	-2.83562e+11	1.09525e+11	4.83225e+10	8.00697e+10	-2.16411e+11	1.01589e+10	9.39869e+09	-2.039e+11	-6.52867e+09	-1.83637e+11	-1.11338e+11
6.8e-10	3.69826e+11	2.75453e+11	4.14554e+11	2.04028e+11	-5.72626e+11	1.9348e+11	1.38885e+11	-1.88187e+11	-4.26039e+11	1.04893e+10	1.86051e+11	-1.50977e+11	-1.44881e+10	-7.554e+10	-1.01307e+11
6.85e-10	2.74008e+11	4.60154e+11	1.49824e+11	1.74335e+11	-4.22804e+11	1.24547e+11	4.61378e+10	-2.28242e+11	-4.32928e+10	1.15473e+10	1.60973e+11	-1.85274e+11	-4.38194e+09	-1.04853e+11	2.73462e+11
6.9e-10	2.87826e+11	2.96159e+11	3.22141e+11	1.9791e+11	-5.81042e+11	9.76241e+10	2.02607e+10	-2.07181e+11	6.39808e+10	-2.54695e+09	-1.16116e+10	-1.20221e+10	8.08912e+09	-1.76509e+10	2.48447e+10
6.95e-10	2.79801e+11	3.97316e+11	3.18616e+11	2.34896e+11	-5.48365e+11	6.56492e+10	8.1905e+10	-2.38324e+11	-1.47868e+11	-1.089e+10	2.17319e+11	9.71768e+10	-7.3499e+07	1.23743e+11	-4.28267e+09
7e-10	4.69582e+11	6.41181e+11	3.99042e+11	2.07268e+11	-4.36481e+11	1.75589e+11	1.2669e+11	-4.84679e+11	-2.51223e+11	-1.23228e+10	-5.68636e+10	4.72126e+10	-2.02281e+09	1.29908e+11	-2.76799e+09
7.05e-10	4.23367e+11	5.51169e+11	1.94919e+11	1.63616e+11	-2.94643e+11	2.61104e+11	2.33404e+10	-1.49173e+11	-7.42573e+09	1.31466e+10	-2.89827e+10	-2.51767e+11	6.53164e+09	1.17582e+11	1.41225e+11
7.1e-10	4.82297e+11	6.75525e+11	1.46345e+11	2.66927e+11	-2.57215e+11	4.46721e+11	1.59818e+10	-1.79098e+11	-1.61158e+08	-2.03044e+09	7.04808e+10	1.83357e+10	-1.82934e+10	2.2941e+11	1.62341e+11
7.15e-10	3.22996e+11	4.6449e+11	-1.47643e+11	2.14337e+11	-4.05861e+11	4.22355e+11	1.24872e+10	-8.08827e+10	-1.61923e+10	3.62058e+10	-2.68323e+10	-3.34485e+11	7.80508e+09	2.43336e+11	3.89084e+11
7.2e-10	5.27378e+11	6.47406e+11	2.1714e+11	1.57258e+11	-1.4711e+11	4.45891e+11	3.79075e+10	-1.10403e+11	1.21518e+11	2.31005e+10	9.10152e+10	-1.30016e+11	2.57406e+09	6.51352e+10	5.91179e+10
7.25e-10	5.38484e+11	5.83441e+11	-1.3412e+10	2.38856e+11	-9.84127e+10	4.60998e+11	4.02086e+10	-1.38476e+11	1.16816e+11	-1.10152e+08	1.6417e+10	-2.7922e+10	-2.4079e+10	-1.84973e+10	-2.31149e+10
7.3e-10	4.26568e+11	6.50858e+11	-8.3837e+10	2.0548e+11	6.57311e+10	4.09737e+11	9.11294e+10	-2.89952e+11	1.14606e+11	1.36356e+10	1.7615e+11	-9.08731e+09	-9.63248e+09	-5.52847e+10	5.23948e+10
7.35e-10	2.93226e+11	4.10412e+11	-1.49076e+11	2.70538e+11	-2.5734e+11	4.87581e+11	8.37472e+10	-1.47902e+11	1.90508e+11	-6.57281e+09	4.44204e+10	9.74158e+10	-1.53365e+10	3.68312e+10	2.16696e+11
7.4e-10	4.44537e+11	5.28556e+11	-2.95141e+11	1.32106e+11	9.26687e+10	2.92937e+11	-2.98803e+09	-1.11315e+10	-9.79573e+09	4.8529e+10	-6.99139e+10	-2.8807e+11	-1.14174e+09	-3.11445e+11	6.54816e+10
7.45e-10	2.06343e+11	2.45926e+11	-2.65597e+11	2.46892e+11	7.34233e+10	5.76617e+11	7.35352e+10	-1.14274e+11	3.43998e+11	2.54823e+10	-5.49009e+10	-1.79859e+11	-4.25393e+09	1.54514e+10	7.60907e+10
7.5e-10	2.69601e+11	1.95378e+11	-3.1761e+11	1.59847e+11	-1.54174e+11	4.97982e+11	5.3559e+10	-2.4209e+11	1.3928e+11	1.13531e+10	-2.18871e+10	-1.3337e+11	-1.6827e+10	8.5596e+10	-2.85809e+11
7.55e-10	4.19829e+11	3.65533e+11	-4.90384e+11	8.3542e+10	1.15155e+11	1.83125e+11	-3.99015e+10	3.0619e+11	6.22799e+10	1.2691e+10	2.02288e+11	-2.77461e+11	7.3561e+09	2.1666e+10	-3.63248e+10
7.6e-10	4.94531e+11	3.29885e+11	-6.09143e+11	1.11444e+11	2.65472e+11	2.2605e+11	5.67327e+10	-5.42363e+10	2.2229e+11	1.96662e+08	1.07257e+11	-2.4097e+11	2.22292e+10	3.24255e+11	7.51957e+10
7.65e-10	5.13659e+11	2.72119e+11	-6.24178e+11	1.50943e+11	2.0724e+11	3.43307e+11	7.97137e+09	-6.79483e+10	1.83631e+10	-2.46117e+10	-7.7608e+10	1.67051e+11	3.21888e+09	7.21543e+10	-7.65992e+10
7.7e-10	4.99362e+11	1.29482e+11	-6.43465e+11	8.61603e+10	1.0262e+11	1.43633e+11	1.38077e+11	-1.09177e+11	5.47051e+11	-2.78207e+10	2.80583e+10	1.51653e+11	2.39333e+09	1.11201e+11	-2.19743e+10
7.75e-10	4.91942e+11	-1.55363e+11	-6.40382e+11	2.63032e+11	3.89253e+11	3.72793e+11	9.31745e+10	-1.87003e+11	4.04373e+11	1.32191e+10	-2.61005e+11	-1.05073e+10	-2.26383e+10	-2.40383e+11	-2.11341e+11
7.8e-10	3.03437e+11	-1.0217e+11	-4.9216e+11	9.63628e+10	2.45743e+11	-2.84689e+10	4.77453e+10	1.89381e+11	1.72603e+11	4.26559e+09	-2.908e+11	-2.28028e+10	-1.15903e+10	-4.36031e+09	1.25401e+11
7.85e-10	4.11705e+11	3.96372e+10	-6.92637e+11	9.58511e+10	2.28877e+11	-2.7989e+10	4.89163e+10	4.40289e+11	2.31811e+11	2.9034e+10	-1.29235e+11	-3.69113e+11	6.63835e+09	9.77389e+10	-8.08173e+10
7.9e-10	4.21626e+11	6.14733e+10	-5.68172e+11	1.01539e+11	2.527e+11	1.37244e+11	5.92389e+10	8.00139e+10	2.71627e+11	1.49381e+10	-1.04267e+11	-7.91375e+10	-5.20296e+09	5.9098e+10	4.77246e+10
7.95e-10	5.22475e+11	-3.48626e+11	-6.81441e+11	2.344e+11	5.4607e+11	1.29944e+10	5.89954e+10	-2.67126e+09	3.00602e+11	6.28423e+08	-5.23304e+10	2.73235e+11	2.6629e+09	9.26737e+10	-1.43506e+11
8e-10	3.9229e+11	-1.54198e+11	-4.91298e+11	2.84422e+11	6.28089e+11	-3.67054e+10	7.28202e+10	3.74292e+11	1.21484e+11	4.51959e+10	-2.46849e+11	1.80234e+11	4.81816e+09	1.06874e+11	-1.50098e+11
8.05e-10	4.62777e+11	-3.70503e+11	-5.01341e+11	1.54856e+11	3.5091e+11	-1.75696e+11	4.6022e+10	2.69524e+11	1.37274e+11	2.28959e+10	-1.72486e+11	3.78141e+10	3.85345e+09	1.11204e+11	-1.62691e+11
8.1e-10	5.83561e+11	-3.21821e+11	-6.28067e+11	1.8135e+11	3.39792e+11	-4.10824e+11	8.76058e+10	3.73689e+11	1.19904e+11	1.21432e+10	4.56704e+10	2.10466e+11	-6.84759e+09	6.87807e+10	-1.73499e+11
8.15e-10	3.01935e+11	-3.33426e+11	-2.30364e+11	2.73862e+11	5.55453e+11	-1.46897e+11	7.52582e+10	2.78751e+11	3.96333e+10	-5.50922e+09	-1.92443e+11	-8.32568e+10	7.29837e+09	2.15583e+11	-1.1455e+11
8.2e-10	4.43664e+11	-4.42165e+11	-5.85672e+11	3.54758e+11	7.78264e+11	-8.49508e+10	8.61809e+10	4.20447e+11	-1.56236e+11	1.03949e+10	4.25052e+10	1.89368e+11	3.91002e+09	-4.48637e+10	-2.87997e+11
8.25e-10	3.99856e+11	-3.92325e+11	-4.41829e+11	3.07146e+11	5.96084e+11	-3.59599e+11	5.14814e+10	3.2533e+11	-1.3433e+10	4.39661e+09	-6.81432e+09	2.57431e+10	6.2174e+09	-2.13764e+10	-2.14885e+11
8.3e-10	4.10139e+11	-6.70173e+11	-1.3345e+11	2.02507e+11	3.4662e+11	-2.83664e+11	6.0029e+10	2.17614e+11	-9.74895e+10	-4.73769e+09	-1.18927e+11	-4.71971e+09	5.98981e+09	2.97335e+10	-6.07642e+10
8.35e-10	3.00637e+11	-5.76389e+11	-1.37282e+11	2.5195e+11	3.2179e+11	-5.19661e+11	8.29441e+10	2.57353e+11	1.74088e+10	-9.40287e+09	-1.08904e+11	-2.48977e+10	-1.41259e+09	-2.39421e+11	-7.00003e+10
8.4e-10	2.08174e+11	-3.86016e+11	-8.57422e+10	9.89262e+10	1.33165e+11	-2.55561e+11	6.47458e+10	1.94447e+11	2.01991e+11	7.70091e+10	-7.55703e+10	3.53221e+11	-2.81096e+10	1.42476e+11	-2.70884e+11
8.45e-10	2.70059e+11	-4.37268e+11	-3.04476e+11	1.56512e+11	3.58497e+11	-2.75693e+11	1.23328e+11	5.0184e+11	3.01914e+11	2.85364e+10	-1.74368e+11	2.05278e+11	-1.23826e+09	-8.16554e+09	-1.31463e+11
8.5e-10	3.35457e+11	-5.70632e+11	-2.16944e+11	1.27542e+11	3.72653e+10	-4.86033e+11	1.0001e+11	3.21489e+11	-2.32499e+11	-1.81146e+10	4.05443e+10	-7.71965e+10	3.00783e+08	-9.35652e+10	2.83909e+11
8.55e-10	4.62791e+11	-6.08222e+11	7.28808e+10	1.34155e+11	4.28514e+10	-4.89514e+11	4.60106e+10	2.07339e+11	-8.81216e+09	-9.3868e+06	-1.28547e+11	1.52572e+11	2.30257e+08	-5.42756e+10	2.78135e+10
8.6e-10	4.58384e+11	-6.99112e+11	7.34245e+09	1.31334e+11	-6.81048e+09	-4.55276e+11	3.23782e+10	2.3987e+11	1.38104e+11	-8.15703e+09	-1.25021e+11	-1.73403e+09	-4.09881e+09	-2.1435e+11	3.8648e+11
8.65e-10	5.06479e+11	-6.70852e+11	2.17466e+11	9.79517e+10	9.92562e+09	-3.08773e+11	7.02976e+10	2.97965e+11	-3.358e+11	3.79538e+10	3.44606e+09	3.11345e+11	5.31746e+09	-4.55266e+11	1.73338e+11
8.7e-10	4.88477e+11	-4.27999e+11	4.92444e+11	2.65202e+11	-3.51226e+11	-5.58108e+11	-1.04008e+10	-3.21133e+09	-5.95132e+10	2.99036e+10	7.03575e+10	2.25831e+11	-1.35629e+10	-2.522e+11	-2.38985e+10
8.75e-10	5.03797e+11	-7.18682e+11	1.22042e+11	1.88029e+11	-3.32974e+11	-4.43359e+11	1.83088e+09	-5.40727e+10	-2.02427e+11	2.34894e+09	-2.86427e+11	2.67322e+11	1.6632e+10	4.17113e+10	-7.31716e+10
8.8e-10	4.2962e+11	-3.86221e+11	2.96582e+11	1.14228e+11	5.42232e+10	-3.99106e+11	3.91356e+10	3.25739e+11	-7.67027e+10	2.01009e+09	1.37716e+11	-8.97742e+09	-1.30408e+10	-2.07424e+11	-2.27098e+11
8.85e-10	6.72925e+11	-4.80232e+11	5.27769e+11	2.10591e+11	-9.38134e+10	-4.81259e+11	6.0978e+10	-1.09903e+11	-3.32856e+11	1.2786e+10	1.64034e+11	7.37099e+10	-6.26394e+09	-2.0794e+11	1.20726e+10
8.9e-10	5.1168e+11	-2.30863e+11	6.22613e+11	1.73126e+11	6.20843e+10	-4.21342e+11	2.52799e+10	-4.69848e+10	-2.00447e+11	-9.95538e+08	5.095e+10	-1.38761e+11	-1.24932e+10	4.78453e+10	-2.6357e+10
8.95e-10	4.55479e+11	-3.42373e+11	4.62012e+11	3.53377e+11	-1.66717e+11	-6.71665e+11	8.52061e+10	-8.01701e+10	-4.21099e+11	1.99042e+10	1.74876e+11	8.37796e+10	4.05337e+09	-1.09047e+11	-3.83097e+10
9e-10	4.00743e+11	-1.80552e+11	5.05953e+11	3.01259e+11	-3.02484e+11	-4.30714e+11	8.14745e+10	2.41964e+11	-3.49899e+11	-2.65489e+09	6.42465e+10	1.60865e+10	3.50613e+10	-2.18196e+11	1.6492e+11
9.05e-10	5.57439e+11	-6.01107e+11	6.25772e+11	3.14895e+11	-3.35018e+11	-5.23916e+11	9.04057e+10	7.80101e+10	-3.31067e+11	-1.0235e+10	-3.67901e+10	2.74e+10	-8.66655e+09	7.70123e+10	9.82145e+10
9.1e-10	3.13074e+11	-3.50093e+11	3.51397e+11	2.75892e+11	-3.96584e+11	-3.50974e+11	3.92398e+10	4.25742e+11	-3.68995e+10	2.32494e+10	3.72475e+11	-1.38762e+11	4.38827e+10	-4.25872e+11	6.14393e+09
9.15e-10	2.93849e+11	-4.04787e+10	4.04894e+11	2.47793e+11	-3.67523e+11	-4.11542e+11	-6.13406e+09	1.06255e+11	-9.49714e+09	5.09723e+09	-5.81657e+10	2.61444e+11	-1.48888e+09	2.58602e+10	-5.93996e+10
9.2e-10	5.98323e+11	-8.10204e+10	8.0274e+11	1.9205e+11	-4.79244e+11	-7.95463e+10	1.04384e+11	1.46388e+11	-4.33708e+11	-1.08057e+10	5.75085e+10	9.93616e+10	-1.01284e+10	-5.27139e+10	-1.79815e+10
9.25e-10	4.20966e+11	3.325e+10	5.02976e+11	1.24989e+11	-3.23381e+11	2.51672e+10	3.74133e+10	3.26088e+11	-2.52676e+11	1.90448e+10	3.32903e+11	-2.13287e+11	1.87773e+09	8.53803e+10	2.0125e+11
9.3e-10	4.72279e+11	2.52936e+11	5.46654e+11	1.40477e+11	-4.21089e+11	1.83737e+10	5.04936e+10	-1.10435e+11	-1.91372e+11	2.43971e+10	1.85004e+11	-1.71079e+11	6.99933e+09	-1.89288e+11	-1.20328e+11
9.35e-10	4.53901e+11	7.53388e+10	6.8936e+11	2.43903e+11	-4.01402e+11	-3.16741e+10	7.54614e+10	-1.51285e+11	-2.39289e+11	-1.01045e+10	-6.52272e+10	-1.80654e+11	-2.10146e+10	1.88153e+11	8.8538e+09
9.4e-10	6.27916e+11	6.68924e+11	4.39924e+11	2.53085e+11	-4.43664e+11	-2.74728e+10	9.77861e+10	-3.17764e+10	-3.74156e+11	3.58846e+10	1.35498e+10	-4.04372e+11	-1.48172e+10	-5.2061e+10	-1.18678e+11
9.45e-10	5.24444e+11	4.4268e+11	4.22988e+11	2.05107e+11	-4.74849e+11	-5.67359e+09	6.60417e+10	-1.98542e+11	-1.66676e+11	-4.21116e+09	2.52502e+10	-3.67126e+10	-2.45942e+10	1.61355e+11	2.68408e+10
9.5e-10	5.75129e+11	5.58386e+11	5.12754e+11	2.56801e+11	-4.8721e+11	1.68773e+11	1.34998e+11	-2.93879e+11	-4.32377e+11	-7.21453e+09	1.4953e+11	1.07428e+11	-1.42834e+10	-1.8576e+11	-2.4379e+11
9.55e-10	6.02078e+11	5.65636e+11	3.22476e+11	2.6935e+11	-6.40572e+11	5.46913e+10	6.11278e+10	-2.30548e+11	-1.92448e+11	-1.37889e+10	6.68296e+10	-1.53746e+11	1.87494e+10	1.82581e+11	2.37595e+11
9.6e-10	5.1393e+11	6.23876e+11	2.45622e+11	2.17834e+11	-4.67086e+11	1.04685e+11	7.5332e+09	-8.1692e+09	-9.56126e+10	2.09106e+10	3.0516e+11	-1.69872e+11	-2.22615e+10	3.17918e+10	-1.32123e+11
9.65e-10	4.14889e+11	4.57972e+11	2.55702e+11	2.28774e+11	-2.68195e+11	4.39356e+11	3.10999e+10	-9.11317e+10	-7.42498e+10	3.02454e+10	4.2093e+11	6.64455e+10	-1.06667e+10	-5.5013e+10	2.69573e+11
9.7e-10	5.17755e+11	5.94139e+11	2.50329e+11	2.32805e+11	-3.38045e+11	3.35168e+11	8.5903e+10	-3.73905e+11	4.90189e+10	1.09303e+10	-1.25852e+11	-1.26825e+11	-1.62148e+10	1.20172e+11	6.16576e+10
9.75e-10	4.17316e+11	5.06149e+11	3.508e+11	3.23421e+11	-2.80265e+11	5.55634e+11	6.74772e+10	-2.99078e+11	4.16672e+10	-2.73698e+10	-8.03644e+10	-1.98517e+10	-2.91046e+10	-5.03148e+10	-1.81514e+11
9.8e-10	6.1725e+11	6.34693e+11	-5.9355e+10	2.49548e+11	-1.7566e+11	5.05426e+11	8.70775e+10	-2.8089e+11	1.27169e+11	9.33725e+09	-8.44409e+10	-2.3381e+11	1.39818e+09	-9.37513e+10	8.44001e+10
9.85e-10	4.37979e+11	4.53877e+11	-3.00387e+10	2.11348e+11	-3.75203e+10	4.88403e+11	8.57936e+10	-3.39147e+11	-1.4886e+11	1.53733e+10	8.58003e+10	-2.87467e+11	-1.9701e+10	3.43704e+11	-1.15159e+11
9.9e-10	5.37217e+11	5.31241e+11	-1.95267e+11	3.04588e+11	-2.8301e+11	6.56768e+11	1.04372e+11	-2.7693e+11	2.32585e+11	-9.76697e+09	3.54528e+10	3.28079e+10	-8.60563e+08	-2.59084e+10	2.15879e+09
9.95e-10	6.08308e+11	5.88132e+11	9.63951e+10	1.80839e+11	-2.56342e+10	3.50646e+11	1.42965e+11	-5.27998e+11	1.83143e+11	2.77009e+10	2.42089e+11	-2.06509e+11	1.27784e+10	2.81616e+11	1.83837e+11
1e-09	5.15888e+11	5.82462e+11	-2.91316e+11	2.3748e+11	2.26857e+11	6.46708e+11	1.04735e+11	-3.0796e+11	6.45381e+10	4.32241e+10	-1.76041e+11	-3.63785e+11	1.05594e+10	-1.10809e+11	3.13811e+11
1.005e-09	3.82077e+11	4.51007e+11	-1.59516e+11	3.66027e+11	2.91131e+11	5.95369e+11	1.17768e+11	-3.06537e+11	3.47371e+11	2.295e+09	-6.00901e+10	-7.23779e+10	-8.74649e+09	-6.95131e+10	1.17309e+11
1.01e-09	4.63675e+11	5.81972e+11	-8.16456e+10	4.00267e+11	7.01439e+10	6.63842e+11	9.60223e+10	-2.85152e+11	2.03947e+11	5.56287e+09	1.78487e+11	-2.21849e+11	-1.31846e+10	-1.44495e+11	4.29376e+10
1.015e-09	3.48119e+11	4.38829e+11	-1.60936e+11	2.53384e+11	-5.45881e+10	4.76792e+11	2.72218e+11	-4.38683e+11	6.75381e+11	-3.71365e+09	-4.89975e+10	1.25512e+11	-9.24885e+09	5.36782e+09	-9.81866e+10
1.02e-09	4.80311e+11	4.96083e+11	-3.51631e+11	1.8045e+11	-1.021e+11	4.10195e+11	6.54702e+10	-1.81882e+11	7.78399e+10	4.07074e+09	-3.19939e+10	-9.59543e+10	-5.43621e+09	8.86231e+10	-2.57458e+10
1.025e-09	4.44695e+11	4.74806e+11	-2.76193e+11	2.27083e+11	1.3067e+11	5.22201e+11	8.68394e+10	-3.57584e+11	1.49537e+11	3.13647e+09	-6.39309e+10	-2.54253e+11	7.7811e+09	1.11749e+10	-1.54227e+11
1.03e-09	4.0828e+11	3.07125e+11	-4.27127e+11	1.78098e+11	6.99701e+10	4.18194e+11	1.18444e+11	-1.16321e+11	4.46258e+11	3.45689e+10	-1.34035e+11	-2.78928e+11	5.94962e+09	1.68341e+09	-5.2348e+10
1.035e-09	5.36116e+11	3.76793e+11	-6.5943e+11	3.75276e+11	5.05834e+11	5.27477e+11	7.02964e+10	-8.95657e+10	3.05486e+11	2.06332e+10	-1.80225e+11	-3.88542e+10	-2.37674e+10	-8.93188e+10	-8.75206e+10
1.04e-09	6.02904e+11	6.00744e+11	-5.15033e+11	2.66878e+11	2.03043e+11	5.42426e+11	1.01966e+11	7.13206e+10	4.7799e+11	2.0691e+10	-2.64961e+11	1.60529e+11	-2.00274e+10	-2.25112e+11	-2.54174e+10
1.045e-09	4.55715e+11	5.06894e+11	-3.43516e+11	2.96162e+11	4.1894e+11	4.91511e+11	1.69344e+11	-2.33661e+11	4.36614e+11	-1.06448e+10	2.11927e+10	-7.83107e+09	2.30972e+09	9.31027e+10	-6.4157e+09
1.05e-09	3.43217e+11	1.96674e+11	-4.36661e+11	2.25411e+11	1.82792e+11	4.38422e+11	1.1826e+11	-1.24661e+11	3.60063e+11	4.47953e+10	-2.91983e+11	1.86568e+10	1.67209e+09	9.35526e+10	-2.3329e+10
1.055e-09	5.80783e+11	9.86229e+10	-6.41219e+11	1.36783e+11	4.18287e+11	6.19268e+10	6.24025e+10	-5.00463e+10	2.26454e+11	6.61668e+09	-6.68258e+10	1.32102e+10	-4.73673e+09	-1.3585e+11	-2.31297e+10
1.06e-09	4.90378e+11	1.90437e+11	-6.20852e+11	3.60767e+11	4.88934e+11	3.44083e+11	1.04583e+11	-1.76736e+11	3.47777e+11	-1.39021e+10	-2.89183e+10	4.38193e+10	-1.14126e+09	2.22274e+11	2.35576e+11
1.065e-09	3.49324e+11	-1.18989e+11	-4.94301e+11	1.57464e+11	3.56765e+11	1.67705e+11	1.15056e+11	1.58445e+11	3.30173e+11	-2.13417e+10	-1.736e+11	2.29579e+11	-1.95764e+09	1.70698e+11	6.15995e+10
1.07e-09	5.20568e+11	-2.03035e+11	-6.90341e+11	2.84473e+11	5.54281e+11	3.88167e+11	5.71915e+10	2.51294e+10	2.32434e+11	-9.79499e+09	-3.75791e+10	1.29574e+11	3.76913e+09	8.08389e+09	2.66133e+10
1.075e-09	5.98033e+11	-3.15888e+11	-8.65046e+11	1.37604e+11	2.44386e+11	2.60019e+11	1.28042e+11	1.79263e+11	5.19761e+11	7.22026e+09	-1.04511e+11	1.34089e+11	-7.10929e+09	-8.88174e+10	-1.35055e+11
1.08e-09	4.11578e+11	-4.89191e+11	-4.30124e+11	9.0024e+10	2.17583e+11	-5.14945e+10	2.64493e+10	1.87995e+11	2.38253e+10	2.92279e+10	-2.42799e+11	-1.31349e+11	-1.88546e+10	-1.30742e+11	1.41744e+11
1.085e-09	4.77823e+11	-3.14936e+11	-4.3844e+11	1.90221e+11	4.31195e+11	-2.65541e+11	1.35895e+11	4.598e+11	2.34391e+11	1.9445e+10	-1.81905e+11	1.17534e+11	-6.91077e+09	-2.11656e+09	-7.53401e+10
1.09e-09	4.03545e+11	-5.10248e+11	-1.30847e+11	1.42085e+11	2.85076e+11	-2.223e+11	7.08187e+10	1.53365e+11	4.21301e+11	-8.47616e+09	-1.32137e+11	-1.45803e+11	-9.31389e+07	1.1974e+11	1.08842e+11
1.095e-09	5.66972e+11	-4.29771e+11	-3.48286e+11	2.23059e+11	4.8855e+11	-1.14296e+11	2.3743e+10	2.78012e+11	3.82456e+10	1.44142e+10	-4.13041e+10	7.91322e+10	-2.68483e+09	1.07988e+11	-2.58116e+10
1.1e-09	4.29273e+11	-5.37791e+11	-2.04921e+11	2.84732e+11	5.36602e+11	-3.26733e+11	2.71912e+10	1.37882e+11	6.0974e+10	7.07712e+09	-1.42418e+11	-1.40556e+11	-9.71436e+09	-4.39186e+09	2.86071e+09
1.105e-09	2.90886e+11	-3.87047e+11	-2.77143e+11	2.09967e+11	3.67478e+11	-1.5098e+11	3.86065e+10	2.41891e+11	1.13143e+10	7.67845e+09	-2.88561e+10	4.8139e+11	1.44365e+09	1.87749e+10	2.55816e+11
1.11e-09	7.76496e+11	-6.93848e+11	-1.68807e+11	3.30562e+11	2.70589e+11	-7.73241e+11	1.03902e+11	3.0702e+11	-8.34722e+10	6.95945e+09	-7.17696e+10	1.80371e+11	-1.47549e+10	1.92023e+11	1.69883e+10
1.115e-09	4.34453e+11	-5.72043e+11	1.69121e+11	2.38766e+11	1.53565e+11	-6.50064e+11	1.3336e+11	4.16069e+11	8.72433e+10	-9.93719e+09	4.45316e+10	-4.90288e+10	8.87496e+08	1.10012e+11	7.7798e+10
1.12e-09	4.88597e+11	-5.06905e+11	4.27119e+11	4.0283e+11	1.13353e+11	-7.72157e+11	1.04421e+11	4.34153e+11	1.72893e+11	-1.79741e+10	-5.50484e+09	8.63047e+10	-7.47348e+09	-1.82845e+11	-3.53116e+11
1.125e-09	4.87124e+11	-4.62364e+11	1.69439e+11	2.21662e+11	1.23444e+11	-5.37826e+11	-3.55023e+09	7.93882e+10	7.03595e+10	5.85201e+09	-8.43689e+10	-2.45573e+08	-4.28376e+09	4.40986e+10	6.62426e+10
1.13e-09	4.11359e+11	-4.68142e+11	5.01469e+11	3.57268e+11	1.16246e+11	-6.11632e+11	6.59841e+10	2.20371e+11	-1.46539e+11	1.65334e+09	2.18849e+11	3.17419e+10	-1.88369e+10	8.32558e+09	2.9136e+11
1.135e-09	4.59008e+11	-6.3013e+11	1.80767e+11	2.35739e+11	-4.53164e+10	-4.56524e+11	6.86623e+10	2.05439e+11	-2.75272e+11	3.63624e+10	-2.3248e+10	2.32127e+11	-1.00712e+09	1.43849e+11	-2.54413e+11
1.14e-09	6.41315e+11	-8.02196e+11	2.16794e+11	2.09382e+11	-1.98606e+11	-4.45097e+11	4.72035e+10	1.67699e+11	-1.49896e+11	3.38753e+10	1.06326e+11	1.69379e+11	-1.70912e+09	-5.14019e+10	-3.32623e+11
1.145e-09	2.99029e+11	-2.72143e+11	2.88428e+11	1.47735e+11	-1.37378e+11	-3.72125e+11	1.56249e+11	2.56116e+11	-5.52827e+11	1.2266e+10	-1.39952e+11	1.67303e+11	-3.39733e+10	3.62566e+10	-3.05476e+11
1.15e-09	5.00344e+11	-3.67951e+11	4.68702e+11	1.05887e+11	8.52425e+10	-2.85073e+11	1.16251e+11	1.20794e+11	-4.66551e+11	-5.24449e+09	-1.62081e+11	7.91349e+10	-1.30727e+10	-1.01628e+11	-9.65151e+10
1.155e-09	4.73523e+11	-5.36386e+11	4.91727e+11	1.23172e+11	-1.72935e+11	-2.68752e+11	9.45221e+10	1.96612e+11	-3.29655e+11	-7.34394e+09	8.89243e+10	-5.97444e+10	-2.5664e+10	-2.5792e+10	-9.3976e+10
1.16e-09	4.11318e+11	-3.7563e+11	3.68282e+11	2.89208e+11	-4.07268e+11	-4.55798e+11	8.88183e+09	3.155e+10	-1.304e+11	-2.48396e+08	1.06274e+11	4.95536e+10	-3.37754e+10	-1.86285e+11	-1.0117e+11
1.165e-09	3.38285e+11	-2.31121e+11	4.37208e+11	3.29764e+11	-6.61068e+11	-2.5544e+11	5.28445e+10	-2.17657e+11	-4.64747e+11	2.29068e+10	3.3472e+11	-1.99897e+11	6.1524e+09	-2.01061e+11	1.03835e+11
1.17e-09	5.53723e+11	-5.34716e+10	6.11556e+11	1.367e+11	-2.54739e+11	-1.243e+11	2.77755e+10	-9.47479e+10	-1.42319e+11	2.77181e+09	1.97021e+11	-1.49551e+11	-6.21988e+09	-1.18034e+11	1.56973e+11
1.175e-09	4.52759e+11	-1.02497e+11	4.81997e+11	2.25692e+11	-4.02594e+11	-3.34292e+11	1.17162e+11	-7.39347e+10	-4.8324e+11	8.97744e+09	1.67457e+10	7.99203e+10	-7.39749e+09	3.43846e+11	-1.45371e+10
1.18e-09	5.59312e+11	-7.8076e+09	7.60915e+11	2.38138e+11	-4.51178e+11	-1.55373e+11	3.18362e+10	-5.39662e+10	-1.74078e+11	-1.38042e+10	-5.65768e+10	3.40448e+10	-1.53681e+09	-5.53794e+10	1.67311e+11
1.185e-09	2.26565e+11	1.71271e+11	3.23672e+11	2.87881e+11	-5.41261e+11	-5.30774e+10	4.40601e+10	1.58902e+11	-3.13051e+11	2.6505e+10	3.35339e+10	2.49815e+11	-1.63761e+10	3.24881e+10	-3.69807e+10
1.19e-09	5.50134e+11	1.80256e+11	5.99375e+11	1.57216e+11	-2.90412e+11	-2.88178e+11	3.72147e+10	-1.43843e+11	-7.27235e+10	3.09814e+10	3.54902e+11	-4.80604e+10	1.05793e+09	-4.36889e+08	1.93489e+11
1.195e-09	4.12924e+11	6.08556e+10	5.00914e+11	3.00917e+11	-6.36353e+11	-1.57778e+11	1.16026e+11	-6.39223e+10	-3.06177e+11	2.07515e+10	1.34851e+11	4.92205e+10	6.40444e+08	-7.6575e+10	7.75091e+10
1.2e-09	4.62879e+11	4.49067e+11	3.915e+11	1.58629e+11	-3.24507e+11	-9.2202e+10	1.45191e+11	-2.97424e+11	-3.44762e+11	-1.83096e+10	-9.8875e+10	6.77546e+10	1.87159e+10	-3.47392e+11	-1.69191e+10
1.205e-09	3.50081e+11	6.08352e+10	5.2888e+11	1.6721e+11	-3.79819e+11	1.72792e+10	8.70609e+10	-2.43093e+11	-3.56698e+11	-3.33026e+09	1.04792e+10	1.33051e+11	-7.0942e+09	-1.46712e+11	5.59719e+10
1.21e-09	3.75014e+11	4.37899e+11	3.53306e+11	2.46991e+11	-4.19076e+11	1.44498e+11	7.29939e+10	-2.00151e+11	-6.60583e+10	1.08668e+10	1.48683e+11	-1.76836e+11	8.02011e+09	4.59263e+10	3.38341e+11
1.215e-09	3.93304e+11	4.98026e+11	2.65585e+11	2.2733e+11	-4.58158e+11	-4.87667e+10	8.13298e+10	-2.60797e+11	-2.97257e+11	-6.99644e+09	-8.03614e+10	-1.31533e+11	-6.2763e+07	-1.73748e+11	1.44815e+11
1.22e-09	4.32758e+11	3.38745e+11	5.25386e+11	2.05675e+11	-4.90675e+11	9.20758e+10	6.90772e+10	-2.06899e+11	-1.47345e+11	-3.31944e+09	1.35409e+11	-1.3037e+11	-1.44618e+10	-7.02222e+10	6.6014e+10
1.225e-09	4.1974e+11	4.6884e+11	1.50683e+11	1.61571e+11	-3.10645e+11	2.18085e+11	1.50512e+11	-4.75833e+11	-4.49635e+11	4.1291e+10	2.14139e+11	2.37008e+10	5.34827e+09	7.81303e+10	1.82114e+09
1.23e-09	5.15858e+11	5.28562e+11	3.56388e+11	1.586e+11	-3.34937e+11	3.17793e+11	8.61949e+10	-3.29561e+11	-2.36637e+11	1.83966e+10	2.70368e+11	1.38217e+11	7.47061e+09	-1.04642e+11	-1.33477e+11
1.235e-09	3.55523e+11	4.25572e+11	4.85292e+10	2.31391e+11	-1.45671e+11	4.38548e+11	1.7242e+10	-1.13597e+11	1.81101e+11	5.19607e+09	1.14575e+11	-2.09563e+11	-4.15378e+09	5.40271e+10	2.27988e+11
1.24e-09	4.08953e+11	4.5402e+11	-1.84468e+10	4.38436e+11	-5.73494e+11	5.8179e+11	4.43964e+10	-2.22283e+11	1.76954e+10	8.29369e+09	1.24139e+11	-1.12916e+10	-1.09871e+10	-1.23127e+11	1.40334e+09
1.245e-09	6.37945e+11	7.11968e+11	-2.46017e+10	1.00557e+11	-3.05846e+11	1.84687e+11	5.13157e+10	-1.31801e+11	1.62927e+11	3.0628e+10	7.22111e+09	-2.35677e+11	1.20985e+09	-1.28789e+11	1.99226e+11
1.25e-09	5.07562e+11	5.53815e+11	8.62266e+10	2.86606e+11	-2.55981e+11	4.80587e+11	1.32669e+11	-3.93872e+11	2.24416e+10	9.64495e+09	9.34299e+10	-1.90379e+11	5.30013e+08	1.33258e+11	1.7156e+11
1.255e-09	4.16e+11	5.04832e+11	-1.86499e+11	2.36561e+11	-2.71206e+11	3.93931e+11	8.48541e+10	-3.37642e+11	1.24357e+11	-1.4283e+10	9.2614e+10	1.28389e+11	-1.10399e+10	-1.14133e+11	2.10675e+11
1.26e-09	5.51974e+11	7.21595e+11	-7.6341e+10	2.10367e+11	-7.64751e+10	3.75278e+11	8.55152e+10	-3.43316e+11	1.1439e+11	-8.57966e+09	3.55e+11	-1.39282e+11	3.67829e+10	3.78913e+10	-2.67388e+11
1.265e-09	4.97291e+11	5.14858e+11	-3.28305e+11	2.40949e+11	-9.48775e+10	5.12538e+11	4.53216e+10	-1.46071e+11	1.13721e+11	-3.35382e+09	8.73648e+09	-1.43677e+11	-5.1516e+09	-6.208e+10	-2.82384e+11
1.27e-09	5.13916e+11	4.77228e+11	-4.08194e+11	2.86963e+11	9.72684e+10	5.30742e+11	8.79863e+10	-2.5153e+11	3.76408e+11	1.45268e+10	1.11019e+11	-3.35216e+11	1.37501e+10	1.14613e+11	8.7815e+10
1.275e-09	6.30682e+11	4.64982e+11	-4.6708e+11	2.70376e+11	2.89871e+11	5.66507e+11	1.20724e+11	-9.82885e+10	4.78807e+11	8.59168e+09	-2.49507e+11	-1.15147e+11	-1.68886e+10	6.835e+10	-1.31468e+11
1.28e-09	4.48565e+11	3.46401e+11	-4.4558e+11	2.41023e+11	2.8407e+11	4.22265e+11	8.76444e+10	-1.14985e+11	2.50474e+11	-9.92711e+07	9.1639e+10	-3.03247e+09	-7.91963e+09	1.08925e+11	1.59514e+11
1.285e-09	4.0975e+11	3.98074e+11	-3.83696e+11	2.35364e+11	3.01606e+11	3.86961e+11	1.13574e+11	-3.38513e+11	3.79326e+11	2.55003e+10	-2.25427e+11	-4.88916e+10	-1.33178e+10	5.59031e+09	1.16411e+11
1.29e-09	4.28151e+11	2.09363e+11	-5.25336e+11	2.0924e+11	1.01166e+11	3.87567e+11	4.21142e+10	-3.95907e+10	1.79906e+11	-5.49961e+09	-7.83789e+10	7.81154e+10	-1.47342e+10	-1.98958e+11	-2.5265e+10
1.295e-09	3.80385e+11	-1.13432e+10	-5.68149e+11	2.46078e+11	3.40845e+11	3.54311e+11	7.56886e+10	-1.26894e+10	3.17389e+11	-1.15575e+10	9.04147e+10	-3.8066e+11	7.95436e+09	-1.0163e+11	-6.17884e+10
1.3e-09	1.4937e+11	2.56391e+11	-2.65812e+11	3.2867e+11	3.00625e+11	4.68909e+11	1.4259e+11	-3.52604e+11	6.04694e+11	1.06779e+10	-1.04144e+10	-1.53421e+11	-5.92307e+09	-1.43779e+11	7.1332e+10
1.305e-09	3.65534e+11	-8.73928e+10	-5.93403e+11	2.00506e+11	3.52408e+11	2.79396e+11	4.37789e+10	-6.10421e+10	1.50782e+11	1.4067e+10	-1.09855e+11	-1.88532e+11	-1.43507e+10	4.47404e+10	-3.18e+11
1.31e-09	2.67666e+11	-1.92509e+10	-4.81634e+11	1.05466e+11	2.31929e+11	2.30927e+11	3.47086e+10	-1.3007e+11	1.7651e+11	-1.63799e+10	7.95093e+10	4.59062e+10	7.8179e+08	9.36285e+10	-4.88939e+11
1.315e-09	2.51657e+11	-3.01114e+11	-4.75334e+11	1.46221e+11	3.07605e+11	9.69972e+10	1.00766e+11	1.30001e+11	3.21882e+11	2.7001e+10	-2.93733e+11	-6.20173e+10	8.64251e+08	3.44534e+10	-1.23712e+11
1.32e-09	4.26081e+11	-5.18934e+11	-4.79116e+11	1.17276e+11	3.87186e+11	-1.21513e+11	4.16196e+10	1.36617e+11	1.5588e+11	1.31282e+10	-2.01857e+11	2.46956e+11	-5.42529e+09	2.14257e+10	6.24094e+10
1.325e-09	3.99835e+11	-4.35562e+11	-4.36034e+11	1.04443e+11	4.25429e+11	-1.13742e+11	-1.12938e+10	-1.96335e+11	1.27649e+11	8.02318e+09	-8.84776e+10	2.66758e+11	1.72398e+09	3.18804e+10	-7.3606e+10
1.33e-09	3.92799e+11	-3.43536e+11	-4.80867e+11	1.83236e+11	4.64759e+11	-1.3022e+11	1.14388e+11	2.65772e+11	2.83143e+11	2.46473e+10	-2.1444e+11	1.07598e+11	-9.34426e+08	-1.22023e+11	6.5749e+10
1.335e-09	3.79286e+11	-4.18752e+11	-2.41693e+11	1.66355e+11	2.59377e+11	-3.50278e+11	2.2843e+10	2.31876e+11	3.14458e+10	2.59358e+10	-3.16319e+11	1.77419e+11	8.47972e+09	-3.31946e+11	1.77426e+11
1.34e-09	2.67101e+11	-4.26955e+11	-4.54806e+10	1.9855e+11	4.50543e+11	-2.3068e+11	1.19311e+11	4.86011e+11	8.39175e+10	6.41602e+10	-4.27849e+11	1.22067e+11	-6.47638e+09	5.28384e+10	9.98087e+10
1.345e-09	3.52035e+11	-5.78398e+11	-3.18164e+11	2.12611e+11	2.75004e+11	-4.03619e+11	3.70134e+10	1.56636e+11	2.47436e+11	-1.1596e+10	-2.27822e+11	-1.84757e+11	2.09825e+09	-5.76394e+10	2.09372e+11
1.35e-09	1.30261e+11	-1.78761e+11	-1.42719e+11	1.4189e+11	1.33633e+11	-3.6517e+11	7.01274e+10	3.22161e+11	1.52669e+11	-1.91984e+10	1.40425e+11	9.23749e+10	5.47924e+09	-3.04171e+10	2.25817e+10
1.355e-09	2.67281e+11	-3.91079e+11	-2.84225e+11	2.30864e+11	5.92819e+11	-2.9337e+11	2.65856e+10	1.35674e+11	-5.92765e+09	4.39935e+09	6.46112e+10	9.82638e+10	-3.58107e+09	-3.05885e+09	-4.83618e+10
1.36e-09	3.33922e+11	-6.0236e+11	-1.50512e+11	1.78149e+11	1.89053e+11	-4.72021e+11	1.05349e+11	4.0028e+11	4.5362e+10	2.02735e+10	8.62188e+10	2.88678e+11	1.0128e+09	1.13206e+11	-1.19282e+11
1.365e-09	2.99328e+11	-4.70456e+11	1.57808e+11	2.02727e+11	3.19776e+11	-3.82393e+11	9.47225e+10	2.99725e+11	-1.15911e+11	2.8964e+09	-2.38146e+11	-1.23782e+10	-1.2587e+10	2.43209e+11	-5.92691e+10
1.37e-09	5.0799e+11	-6.78095e+11	1.5301e+11	8.85536e+10	1.56584e+11	-1.65353e+11	2.04148e+10	1.12358e+11	-1.22258e+11	-2.89104e+09	-9.15592e+10	-8.68231e+09	3.09099e+10	-1.70847e+11	-1.84623e+11
1.375e-09	4.37126e+11	-6.18065e+11	2.20288e+11	1.54886e+11	8.44345e+10	-3.33492e+11	-1.1355e+10	-1.59282e+11	-1.87575e+11	-7.33099e+09	-1.59996e+11	2.76993e+11	-2.42353e+10	1.63216e+11	5.90185e+10
1.38e-09	6.43572e+11	-7.34731e+11	2.97813e+11	2.64009e+11	-3.10635e+09	-7.22925e+11	4.78313e+10	2.28442e+11	-2.46506e+11	1.69147e+10	-2.13456e+10	1.69989e+11	-1.02923e+09	-5.30348e+10	4.32511e+10
1.385e-09	4.20083e+11	-5.65254e+11	1.39252e+11	2.029e+11	-8.67332e+10	-4.70707e+11	3.23575e+10	1.58727e+11	-1.65311e+11	7.53484e+08	1.26316e+11	1.35027e+11	2.14845e+09	1.0677e+11	-2.9277e+11
1.39e-09	4.07969e+11	-3.44046e+11	3.60541e+11	2.62837e+11	-2.20933e+11	-5.13591e+11	8.32162e+10	1.60413e+11	-2.67308e+11	8.61211e+09	-2.1711e+10	1.20585e+11	1.03423e+09	-4.67897e+10	1.64329e+11
1.395e-09	5.5841e+11	-5.68356e+11	3.43827e+11	3.35447e+11	-1.58271e+11	-7.80807e+11	-1.22438e+10	-4.79992e+10	-7.29419e+10	-2.44708e+10	-5.43563e+10	-9.88513e+10	-1.33966e+10	9.227e+10	-1.64256e+11
1.4e-09	5.28154e+11	-4.40414e+11	4.74346e+11	3.16537e+11	-2.71159e+11	-6.70832e+11	1.02779e+11	5.86291e+10	-4.18708e+11	2.45878e+10	2.04936e+10	2.58998e+11	1.08278e+09	6.70669e+10	-9.55821e+10
1.405e-09	6.65736e+11	-4.27182e+11	5.60686e+11	2.37307e+11	-1.28836e+11	-5.0785e+11	5.67663e+10	1.07556e+11	-2.00876e+11	-2.27985e+10	-2.25987e+11	1.20452e+11	-8.04435e+09	1.11984e+11	1.03181e+10
1.41e-09	6.03343e+11	-3.35553e+11	5.49687e+11	2.63378e+11	-4.57387e+11	-4.70566e+11	9.60515e+10	3.61748e+11	-3.69932e+11	4.62685e+09	1.37949e+11	2.12676e+10	-9.88958e+08	1.62706e+11	-7.57289e+10
1.415e-09	6.90711e+11	1.40682e+11	7.86493e+11	2.92009e+11	-5.10275e+11	-2.5954e+11	1.86405e+10	-8.86931e+10	-1.33553e+11	-2.95549e+10	-1.28048e+11	2.73937e+10	-1.13295e+10	-5.79218e+10	4.15234e+10
1.42e-09	7.08568e+11	-1.33709e+11	7.71981e+11	3.2075e+11	-7.27412e+11	-2.0642e+11	2.15363e+10	-2.46127e+11	-5.75841e+10	2.08099e+10	3.57785e+11	-6.58118e+10	-1.31546e+10	-3.61406e+10	-1.61965e+11
1.425e-09	6.84526e+11	-1.52553e+11	6.80093e+11	2.6788e+11	-4.28046e+11	-1.4538e+11	9.74175e+10	1.08835e+11	-3.67439e+11	1.08848e+10	2.53175e+11	6.05831e+10	-8.89192e+09	7.61321e+10	-6.95243e+09
1.43e-09	4.92194e+11	1.10277e+11	5.73375e+11	1.87832e+11	-3.1226e+11	-1.62305e+11	1.42893e+11	-1.38141e+11	-5.42396e+11	-7.85032e+09	-2.52091e+10	5.07658e+10	-1.18325e+08	1.51613e+10	1.35528e+11
1.435e-09	6.59686e+11	-1.0322e+11	8.9795e+11	1.47451e+11	-3.62427e+11	1.97109e+10	1.27381e+11	-2.26019e+11	-3.76683e+11	-1.57769e+10	-5.27744e+10	1.2022e+11	-1.39914e+10	-1.11709e+11	2.46078e+10
1.44e-09	4.37032e+11	-7.50325e+10	7.23718e+11	2.14035e+11	-4.21907e+11	3.00714e+11	1.91774e+11	-1.41889e+10	-5.96428e+11	3.58716e+09	6.84216e+10	6.50009e+10	2.78484e+09	-9.22668e+10	1.97134e+11
1.445e-09	5.59467e+11	2.19168e+11	6.43864e+11	9.32834e+10	-2.21965e+11	-1.15827e+11	1.00416e+11	4.26545e+09	-4.56949e+11	8.43842e+09	2.8033e+11	1.3966e+11	-1.55472e+10	3.51351e+10	9.68654e+10
1.45e-09	1.7704e+11	4.14748e+11	2.46989e+11	2.26411e+11	-5.99182e+11	1.15276e+11	1.83567e+11	-2.40676e+11	-6.80541e+11	1.40454e+10	2.07978e+11	1.24759e+11	2.1643e+08	5.57158e+10	6.12767e+10
1.455e-09	2.66301e+11	1.21325e+11	3.75447e+11	1.42131e+11	-3.73259e+11	-2.17722e+10	1.36942e+11	-3.82145e+11	-1.75878e+11	1.98e+10	2.43497e+11	8.94321e+10	-4.13083e+09	-1.61693e+11	1.95233e+11
1.46e-09	2.85858e+11	2.00743e+11	3.4687e+11	2.13109e+11	-5.33472e+11	3.17134e+11	7.47577e+10	-1.72547e+11	-2.49718e+11	-5.26837e+09	2.14507e+10	-7.12419e+10	-5.71902e+09	1.15545e+11	2.17484e+10
1.465e-09	4.10519e+11	3.31172e+11	4.89832e+11	1.54504e+11	-3.23735e+11	1.05137e+11	1.20631e+11	-3.18607e+11	-1.85444e+11	1.99633e+10	3.339e+11	-1.05042e+11	-6.69989e+09	1.64891e+11	3.09169e+11
1.47e-09	4.63042e+11	4.3877e+11	5.17122e+11	2.34597e+11	-3.26131e+11	5.30497e+11	7.25994e+10	-4.50255e+11	7.25418e+10	-7.40413e+09	-6.49968e+10	-3.84938e+10	-1.83924e+10	1.79313e+11	2.58057e+11
1.475e-09	4.20073e+11	4.51295e+11	4.233e+11	1.95636e+11	-4.41186e+11	1.01555e+11	4.82507e+10	-2.08658e+11	6.89783e+10	1.61392e+10	1.18684e+11	-2.71469e+11	3.09309e+07	1.44431e+11	2.64673e+11
1.48e-09	4.53211e+11	5.67551e+11	3.76432e+11	2.38108e+11	-6.18295e+11	7.06469e+10	2.49402e+10	-9.27614e+10	-1.61598e+10	1.39163e+10	1.9994e+11	-1.98083e+11	-1.13829e+10	-2.67847e+11	1.84801e+11
1.485e-09	3.38752e+11	3.05969e+11	4.78872e+11	1.1179e+11	-2.63859e+11	1.68693e+11	1.0599e+11	-5.72338e+11	-9.13263e+10	6.17312e+09	1.61969e+11	-1.8145e+10	1.37384e+10	2.88952e+10	7.82758e+10
1.49e-09	2.98603e+11	4.55725e+11	-5.12966e+09	1.93728e+11	-4.55056e+11	3.29685e+11	-5.96523e+09	-1.97377e+10	-3.22492e+11	2.81669e+10	2.18703e+11	-7.75839e+10	-1.13614e+10	4.349e+10	-5.69572e+10
1.495e-09	4.64143e+11	6.18196e+11	1.44723e+11	1.73837e+11	-2.95837e+11	4.37272e+11	9.93513e+10	-4.90093e+11	-3.19516e+11	2.62014e+10	1.64085e+11	-2.5079e+11	7.37175e+09	1.30716e+11	-4.73868e+10
1.5e-09	5.15676e+11	5.51161e+11	2.20402e+11	1.97814e+11	-1.00503e+11	4.78157e+11	1.13284e+11	-4.0982e+11	-1.17603e+11	3.7628e+09	6.0924e+10	-1.5759e+11	-3.0094e+10	-7.81619e+10	-1.90569e+11
