Fri Oct 18 15:54:19 2024

<base> : Rectangle : 0m, 0m, 0m; 1.5um, 50nm, 5nm. Cells : 300, 10, 1. Cellsize : 5nm, 5nm, 5nm
<supermesh> : Rectangle : 0m, 0m, 0m; 1.5um, 50nm, 5nm. Cells : 300, 10, 1. Cellsize : 5nm, 5nm, 5nm

Saved data (dataname (unit) <meshname> (cells_rectangle)) : 

time (s)	<mxdmdt> (1/s) <base> (300nm, 0m, 0m; 310nm, 50nm, 5nm)			<mxdmdt> (1/s) <base> (500nm, 0m, 0m; 510nm, 50nm, 5nm)			<mxdmdt> (1/s) <base> (700nm, 0m, 0m; 710nm, 50nm, 5nm)			<mxdmdt> (1/s) <base> (900nm, 0m, 0m; 910nm, 50nm, 5nm)			<mxdmdt> (1/s) <base> (1.1um, 0m, 0m; 1.11um, 50nm, 5nm)			

0	-17596.8	709988	809920	100904	-293118	1.84345e+06	24048.8	-589832	-757049	-52972.6	131640	-520642	523472	3.37247e+06	-3.49259e+06
5e-12	4.10011e+09	-1.01378e+11	-2.73487e+11	-1.86588e+08	1.33317e+11	-1.66946e+11	5.92644e+09	8.1309e+10	1.98465e+11	1.37884e+10	2.16781e+11	2.19605e+11	-1.89547e+10	1.68853e+11	3.48662e+10
1e-11	6.74531e+09	-8.39212e+10	2.35948e+10	-1.7455e+10	7.14431e+10	7.35966e+10	1.41997e+10	-1.61274e+11	-2.10234e+11	-1.22739e+10	-8.46019e+10	5.31054e+10	3.80899e+09	-2.73479e+11	1.20719e+11
1.5e-11	1.66843e+10	6.09785e+10	2.30146e+11	2.6851e+09	1.84457e+10	-3.29709e+10	1.57161e+10	3.09519e+10	-1.83457e+11	-3.77772e+10	1.57158e+11	3.05364e+10	-1.33759e+10	-1.6206e+11	6.54083e+10
2e-11	-2.48478e+10	-5.40833e+10	-2.83554e+10	1.17893e+10	1.05222e+11	7.52086e+10	1.23534e+10	1.10882e+11	-9.71883e+10	4.84788e+09	-1.55669e+09	1.40133e+11	-2.64354e+10	8.2492e+10	-1.79285e+11
2.5e-11	1.66184e+10	1.26767e+11	-2.81859e+11	4.56545e+09	-1.58844e+11	-1.00061e+11	1.09305e+10	1.28037e+11	-2.0919e+11	-1.83846e+10	-1.09718e+11	3.79076e+10	-5.6036e+09	-5.13036e+10	1.52741e+11
3e-11	2.53893e+10	1.77794e+11	-7.21639e+09	4.46701e+09	9.28993e+10	-2.08031e+11	3.39584e+10	-2.88157e+11	6.31474e+10	1.34566e+10	-1.40749e+11	-9.28918e+10	-4.89682e+09	5.03849e+10	3.33193e+11
3.5e-11	1.95116e+10	-1.7535e+10	-2.61688e+11	1.16011e+09	-1.0377e+10	-9.87859e+10	4.37168e+09	-2.72007e+11	1.99799e+11	4.24639e+09	-1.30089e+11	1.57481e+11	-1.54906e+10	3.92211e+09	2.14361e+11
4e-11	6.28671e+10	5.08584e+09	-3.48103e+11	3.70907e+10	-2.47095e+11	-1.47217e+11	4.95575e+10	-3.61758e+11	2.10066e+11	1.15956e+10	6.96038e+10	1.83617e+11	-1.43787e+10	1.26148e+10	5.72315e+09
4.5e-11	3.87031e+10	-2.65931e+11	-1.71984e+11	1.05735e+10	-1.92464e+11	-1.54413e+10	2.75626e+10	-1.5124e+11	2.58297e+11	1.21584e+10	6.01884e+10	7.70104e+10	-5.25038e+09	4.21841e+10	1.36546e+09
5e-11	7.78061e+10	-3.08246e+11	-3.93636e+10	-6.7369e+09	-1.06558e+11	-3.73161e+10	2.49714e+10	1.97851e+11	2.50894e+11	8.69315e+09	2.43273e+11	-1.46468e+11	4.83115e+09	-1.90582e+10	-9.5496e+10
5.5e-11	-8.25919e+08	-5.73677e+09	1.06012e+11	-8.39773e+09	1.42742e+11	-1.91535e+10	1.71508e+10	1.84381e+11	1.64694e+10	5.96747e+10	4.69187e+11	9.67151e+10	2.09866e+09	6.98627e+10	-1.42893e+11
6e-11	1.35938e+11	-3.94302e+11	-3.9793e+10	6.5738e+09	-8.9403e+10	1.81857e+10	8.61235e+09	1.18269e+11	7.30071e+10	4.51616e+09	1.46932e+11	4.74639e+10	2.65606e+10	-6.2625e+10	-2.99768e+11
6.5e-11	3.99886e+10	-1.40097e+11	2.20889e+11	4.36265e+10	-1.59412e+11	2.94119e+11	1.86566e+10	1.14267e+11	-2.02988e+11	1.6239e+10	-9.06999e+09	-2.45007e+11	-5.20203e+09	-3.64957e+10	2.70324e+10
7e-11	-8.06215e+09	-2.62227e+11	4.97887e+10	1.82191e+09	-8.33864e+10	9.344e+10	2.70496e+10	2.22078e+11	-4.39364e+09	9.55496e+09	-9.19297e+09	-2.34786e+11	-7.1501e+09	1.95946e+11	7.83576e+10
7.5e-11	4.40762e+10	-6.75176e+10	2.98134e+11	7.745e+10	4.53109e+11	6.14926e+10	1.03609e+09	2.82184e+10	-5.91053e+10	2.33171e+10	-2.3803e+11	1.75569e+11	8.17426e+09	3.25558e+11	-4.19689e+09
8e-11	7.0143e+10	2.09557e+11	2.39247e+11	2.37822e+10	7.49122e+10	-9.65185e+09	2.91699e+10	-3.74102e+11	-1.14771e+11	1.39733e+10	2.67013e+10	-2.71985e+11	-7.63596e+09	-1.2728e+11	1.5269e+11
8.5e-11	1.09807e+11	3.92594e+11	-1.46029e+11	9.25251e+10	1.92198e+11	-3.03114e+11	3.29044e+10	-2.66565e+11	-1.68407e+11	5.66081e+09	-1.38116e+11	9.44391e+10	7.97176e+09	3.25644e+11	-2.50087e+10
9e-11	7.54971e+10	-4.65957e+10	-2.16965e+11	9.41369e+09	1.25017e+11	-4.17179e+10	2.6837e+10	-3.70617e+11	-9.48958e+10	2.23105e+10	-4.5268e+09	2.23942e+11	8.64501e+09	1.91447e+11	7.52499e+10
9.5e-11	3.85472e+09	-1.07553e+11	-2.04904e+09	7.213e+10	-4.07325e+11	-1.53836e+11	7.30401e+09	1.78034e+11	1.14865e+11	3.42712e+09	-1.53848e+10	3.14563e+10	-6.90016e+09	-2.42426e+10	6.33466e+10
1e-10	1.59386e+11	-3.678e+11	-2.76761e+11	1.23173e+11	-4.70384e+11	8.82963e+10	-2.33328e+10	8.83975e+10	-4.41629e+10	2.71153e+10	2.49013e+11	8.74337e+10	-5.91751e+09	-2.13736e+11	-1.32927e+10
1.05e-10	6.7089e+10	-2.79669e+11	7.28623e+10	1.01538e+11	-3.29815e+11	1.87211e+11	6.45625e+10	2.82077e+11	2.31949e+11	-2.98276e+09	7.19962e+10	-1.35455e+11	5.33505e+09	-1.43966e+11	2.43644e+10
1.1e-10	1.95676e+11	-5.1351e+11	2.42822e+11	1.23292e+11	-3.09974e+11	4.64642e+11	5.31752e+10	2.40099e+11	4.70224e+11	2.03678e+09	2.44574e+10	-5.11954e+10	-2.03838e+10	1.16598e+11	2.88187e+11
1.15e-10	1.55003e+11	-1.74238e+11	4.11437e+11	6.9759e+10	-2.09291e+11	3.15777e+11	8.90794e+10	3.32419e+11	1.42875e+11	1.28388e+10	1.97096e+11	-1.82357e+11	4.04486e+09	-2.36824e+11	-2.91465e+10
1.2e-10	2.07497e+11	1.07948e+11	6.64291e+11	7.67758e+10	3.01965e+11	1.13948e+11	4.00245e+10	1.76292e+11	-1.70963e+11	3.51983e+09	-5.40038e+09	-2.71981e+11	3.08802e+10	-1.44192e+11	2.83425e+11
1.25e-10	1.70609e+11	3.79009e+11	4.78995e+11	6.92889e+10	3.12233e+11	1.01453e+11	9.33099e+10	8.73661e+10	-3.59368e+11	5.66916e+10	-3.27813e+11	-4.65067e+10	-1.88557e+10	8.62994e+10	1.27879e+11
1.3e-10	1.37753e+11	4.34269e+11	6.28981e+10	6.96795e+10	2.83193e+11	-3.30357e+10	9.32037e+10	-2.28021e+11	-3.54988e+11	5.85106e+10	-2.84185e+11	-1.54638e+11	4.38252e+10	2.10816e+11	5.40861e+11
1.35e-10	1.74906e+11	6.16577e+11	-1.28531e+10	6.2091e+10	1.09801e+11	-2.52846e+11	2.51461e+10	-1.28868e+11	-2.41216e+10	4.0534e+10	-4.56288e+10	3.32364e+11	-4.66564e+09	-6.78933e+08	-6.47995e+09
1.4e-10	5.60518e+10	6.47989e+10	-1.75865e+11	8.66012e+10	3.87643e+11	-5.14216e+11	-1.7191e+10	1.02745e+10	-6.7844e+10	5.71228e+09	5.87772e+10	1.15418e+11	-2.2718e+10	-8.1859e+10	2.1298e+10
1.45e-10	9.12327e+10	-1.10575e+10	-2.45787e+11	9.04057e+10	-2.48067e+11	-1.25919e+11	9.81109e+09	-1.60199e+11	-1.42136e+11	-9.70229e+08	2.60311e+11	-8.96912e+10	-3.28809e+09	-3.37156e+10	-1.5076e+11
1.5e-10	1.9748e+11	-3.7879e+11	-4.32796e+11	1.12641e+11	-2.85107e+11	-3.19189e+11	2.4128e+10	-1.25825e+11	2.58538e+11	2.8946e+10	1.63163e+11	2.60304e+11	1.71272e+10	-2.58197e+11	-2.57415e+11
1.55e-10	1.19213e+11	-3.08304e+11	6.58196e+10	1.18734e+11	-4.29364e+11	-1.06294e+11	1.16058e+10	8.96928e+10	9.02235e+10	2.42406e+10	1.8107e+11	-3.67095e+10	-4.96925e+08	-2.10139e+11	3.89903e+10
1.6e-10	2.22047e+11	-3.77462e+11	1.01447e+11	1.6939e+11	-2.7328e+11	3.96586e+11	8.93776e+10	2.2424e+11	3.00253e+11	-1.31205e+10	-1.24131e+11	-1.8784e+11	2.00314e+10	-2.04135e+11	-1.94393e+11
1.65e-10	3.52436e+11	-9.98612e+10	6.54875e+11	1.18014e+11	2.94784e+10	3.06391e+11	6.07636e+10	3.1184e+11	3.29578e+10	2.32582e+10	-1.02954e+10	-2.27932e+11	9.13987e+09	-4.35395e+10	1.38643e+10
1.7e-10	3.40775e+11	-1.27269e+11	6.14926e+11	2.81298e+11	3.90663e+11	4.09841e+11	9.61828e+10	2.27139e+11	-3.48764e+11	3.7286e+10	-1.63152e+10	-3.13533e+11	1.89068e+10	-3.29791e+10	1.13036e+11
1.75e-10	4.11083e+11	3.77819e+11	5.77241e+11	1.01068e+11	1.75733e+11	2.20149e+11	1.33263e+11	-2.70225e+10	-4.9574e+11	5.5872e+10	-3.35638e+11	-1.35286e+11	2.1065e+10	-1.15825e+11	2.64219e+11
1.8e-10	4.09775e+11	5.21387e+11	1.89214e+11	1.86997e+11	4.19416e+11	-1.62845e+11	1.45715e+11	-1.57777e+11	-3.31825e+11	2.76248e+10	-9.50546e+10	2.42268e+11	-7.84471e+09	-8.73943e+10	1.10151e+10
1.85e-10	3.19991e+11	4.78168e+11	-2.26879e+10	3.62498e+11	5.15285e+11	-5.1754e+11	2.31415e+10	-2.58955e+11	1.62746e+11	1.44868e+11	-4.8868e+11	2.48944e+11	3.85812e+10	2.33094e+11	9.39555e+10
1.9e-10	2.47581e+11	3.59287e+11	-3.13748e+11	2.68504e+11	5.56822e+10	-6.10769e+11	1.29876e+11	-4.43203e+11	-8.43233e+10	1.01404e+11	-1.79639e+11	3.86375e+11	1.16194e+11	4.83816e+11	2.20799e+11
1.95e-10	3.10917e+11	1.92941e+11	-4.61736e+11	3.20834e+11	-2.3161e+11	-8.21333e+11	1.47477e+11	-5.19155e+11	2.41942e+11	1.46988e+11	1.04386e+11	5.52614e+11	1.73821e+10	7.41076e+10	-3.26088e+10
2e-10	5.25524e+11	-4.57682e+11	-6.74559e+11	1.90864e+11	-3.79188e+11	-9.70013e+10	1.44093e+11	-1.29087e+11	3.72413e+11	4.70348e+10	1.1942e+11	2.61478e+11	-2.87681e+09	3.21757e+11	1.60074e+11
2.05e-10	4.20038e+11	-4.1625e+11	-4.3638e+11	2.91046e+11	-5.65495e+11	1.98989e+11	1.45364e+11	-1.68304e+10	4.63524e+11	7.78757e+10	2.34444e+11	-1.65517e+11	7.08249e+10	-4.00591e+11	-1.70776e+11
2.1e-10	4.06182e+11	-6.10875e+11	-8.3908e+10	1.97725e+11	-4.89194e+11	1.4456e+11	3.27585e+10	2.23577e+11	5.89944e+09	9.34852e+10	3.76476e+11	-2.41221e+10	2.78261e+10	-6.5242e+10	-2.09487e+11
2.15e-10	3.86618e+11	-4.69138e+11	2.70936e+11	1.13016e+11	-1.72273e+11	2.21444e+11	7.41614e+10	2.4762e+11	8.77399e+10	2.19175e+10	-1.78017e+10	-9.03453e+10	1.56185e+10	-2.91451e+11	-2.00588e+11
2.2e-10	2.77427e+11	-5.67884e+10	3.87003e+11	3.09885e+11	1.47178e+11	5.64185e+11	9.11383e+10	1.95205e+11	-2.44719e+11	8.97639e+10	-6.39368e+10	-2.69213e+11	7.79686e+10	-4.32687e+11	1.03852e+11
2.25e-10	5.58849e+11	2.97318e+11	6.3943e+11	1.81068e+11	2.46576e+11	4.5093e+11	7.97476e+10	-4.82055e+10	-3.77763e+11	1.56095e+11	-3.03392e+11	-3.32115e+11	4.3546e+10	1.29645e+11	3.3298e+11
2.3e-10	5.64836e+11	3.07102e+11	6.73149e+11	1.56948e+11	2.95413e+11	3.87505e+10	1.61123e+11	6.95604e+10	-4.12612e+11	4.51092e+10	-6.81167e+10	-3.10149e+11	2.17558e+10	-3.60081e+10	1.6544e+11
2.35e-10	3.60754e+11	4.51564e+11	9.98107e+10	3.01924e+11	4.50248e+11	-1.44661e+11	1.4856e+11	-2.58248e+11	-2.30847e+11	5.67573e+10	-2.52113e+11	1.43671e+10	1.0814e+11	2.18531e+11	4.04152e+11
2.4e-10	4.64985e+11	4.58636e+11	-4.26167e+11	2.61003e+11	1.98841e+11	-5.31068e+11	1.44084e+11	-3.18292e+11	-4.54706e+10	9.37994e+10	-1.75354e+11	2.48271e+11	8.44297e+09	1.41461e+11	-1.66545e+11
2.45e-10	4.20543e+11	2.26792e+11	-5.10531e+11	5.08858e+11	7.78342e+10	-8.28026e+11	2.00308e+11	-5.32749e+11	8.44254e+10	1.66559e+11	8.65964e+10	4.78694e+11	4.09883e+10	3.24779e+11	1.37886e+11
2.5e-10	3.01092e+11	-5.44321e+10	-3.82925e+11	2.73897e+11	-4.4319e+11	-3.27831e+11	2.30826e+11	-3.26004e+11	3.81746e+11	1.14299e+11	3.21745e+11	2.96928e+11	5.07429e+10	3.10354e+11	3.05244e+10
2.55e-10	4.88093e+11	-4.78442e+11	-4.87138e+11	2.65873e+11	-4.76756e+11	-8.1709e+10	2.02703e+11	1.03931e+11	4.47999e+11	9.1089e+10	2.8033e+11	1.16109e+11	-1.3972e+10	1.22717e+11	9.00765e+10
2.6e-10	4.08965e+11	-6.52003e+11	8.52327e+10	2.54191e+11	-4.66583e+11	2.79859e+11	2.50805e+11	2.63804e+11	4.97605e+11	1.14202e+11	3.62007e+11	1.26721e+11	-1.87838e+09	-2.20557e+11	5.60004e+10
2.65e-10	6.25847e+11	-7.78158e+11	1.02294e+11	3.35719e+11	-4.59727e+11	4.71062e+11	1.57379e+11	2.92845e+11	2.25484e+11	5.57437e+10	2.32593e+11	-1.9867e+10	5.66431e+10	-3.2936e+11	-1.02238e+11
2.7e-10	5.43285e+11	-4.49944e+11	5.08318e+11	3.28122e+11	1.554e+11	5.83296e+11	1.45285e+11	2.74425e+11	-9.4911e+10	6.47918e+10	1.04712e+11	-1.42568e+11	5.11485e+10	-1.97496e+11	8.81944e+10
2.75e-10	3.57113e+11	1.89409e+11	4.81811e+11	2.03226e+11	3.89666e+11	2.59225e+11	1.94084e+11	3.38863e+11	-3.0856e+11	1.34492e+11	-1.5025e+11	-3.67793e+11	3.98357e+10	-1.31579e+11	1.89972e+11
2.8e-10	3.22467e+11	1.95922e+11	3.58386e+11	3.0207e+11	5.54596e+11	1.44511e+11	1.02641e+11	-1.40248e+10	-2.85264e+11	1.26209e+11	-4.07884e+11	-2.24513e+11	9.17772e+10	-7.4922e+10	3.53525e+11
2.85e-10	3.92808e+11	4.40351e+11	2.19399e+11	1.82689e+11	3.37218e+11	-1.24305e+11	2.20172e+11	-1.10638e+11	-3.85641e+11	1.0187e+11	-3.82657e+11	-1.03447e+11	4.20444e+10	4.20976e+10	1.49017e+11
2.9e-10	4.69566e+11	5.70832e+11	-1.10128e+11	1.77089e+11	2.50013e+11	-2.73546e+11	2.29622e+11	-3.41038e+11	-4.73036e+11	7.87425e+10	-2.01935e+11	9.49626e+10	2.92578e+10	8.35595e+10	2.00122e+10
2.95e-10	4.04713e+11	2.45624e+11	-4.13838e+11	2.20647e+11	-1.97876e+11	-4.49056e+11	2.05567e+11	-5.00934e+11	-2.38466e+11	5.55218e+10	-1.23509e+11	1.77735e+11	1.15409e+11	3.60434e+11	4.8289e+10
3e-10	4.2413e+11	1.37489e+11	-5.13387e+11	2.67521e+11	-2.90829e+11	-3.53484e+11	3.73523e+11	-5.18755e+11	4.75004e+11	1.10908e+10	1.43405e+11	4.60557e+10	1.0562e+11	2.89318e+11	-2.31319e+11
3.05e-10	5.11519e+11	-3.6745e+10	-6.18915e+11	2.24545e+11	-4.22185e+11	-3.44531e+11	1.65258e+11	-4.61046e+11	2.28716e+11	1.7661e+11	6.16846e+11	2.83044e+11	2.91725e+10	2.0026e+11	-8.8765e+10
3.1e-10	5.70037e+11	-6.21787e+11	-3.57905e+11	2.84125e+11	-5.22636e+11	-6.88273e+10	8.8632e+10	1.05127e+11	2.0068e+11	9.54734e+10	3.51014e+11	-9.7609e+10	6.98802e+10	-1.97453e+11	-3.79276e+11
3.15e-10	4.53287e+11	-5.90071e+11	-5.26026e+10	2.0842e+11	-4.94642e+11	4.07222e+10	1.86702e+11	1.87401e+11	3.26025e+11	1.06457e+11	2.74114e+11	-9.19158e+10	1.20634e+11	-4.17576e+11	-3.29799e+11
3.2e-10	5.26353e+11	-6.42235e+11	2.1079e+11	1.85671e+11	-5.97055e+10	4.86737e+11	1.21822e+11	3.46549e+11	-1.698e+11	1.33909e+11	2.64783e+11	-3.19225e+11	3.18323e+10	-1.81947e+11	7.31616e+10
3.25e-10	5.05218e+11	-4.96381e+11	3.99387e+11	1.60463e+11	1.6926e+10	2.71797e+11	1.29893e+11	2.45959e+11	-3.31878e+11	1.31532e+11	2.1781e+09	-3.85144e+11	6.52181e+10	-1.40316e+11	5.04115e+11
3.3e-10	4.26184e+11	-5.3285e+10	5.30232e+11	2.67757e+11	5.63262e+11	2.41214e+11	2.31731e+11	2.67024e+11	-4.1692e+11	5.86983e+10	-2.07289e+11	-1.29451e+11	-8.64395e+07	-7.56033e+10	-1.19515e+10
3.35e-10	4.73007e+11	2.9154e+11	5.69283e+11	3.66203e+11	7.40203e+11	2.78267e+10	1.01002e+11	2.63864e+11	-1.17423e+11	5.16783e+10	-1.95782e+11	-8.72815e+10	1.07538e+11	8.42063e+10	4.2924e+11
3.4e-10	4.94889e+11	4.73221e+11	4.59455e+11	3.64507e+11	5.31749e+11	-2.41942e+11	1.48322e+11	-1.60956e+11	-3.78536e+11	2.45266e+10	-9.40035e+10	8.42053e+10	3.22247e+10	1.14755e+11	9.22913e+10
3.45e-10	3.9325e+11	5.37662e+11	-1.19351e+11	3.29984e+11	3.48755e+11	-5.43563e+11	1.48354e+11	-2.66263e+11	-2.38511e+11	8.74243e+10	-1.63384e+11	3.02816e+11	6.47245e+10	4.07388e+11	7.93968e+10
3.5e-10	4.72858e+11	3.63e+11	-4.3317e+11	1.91056e+11	9.34005e+10	-3.71799e+11	1.09693e+11	-2.53725e+11	-5.48654e+10	8.04483e+10	-8.51418e+10	2.52807e+11	6.66213e+10	2.67556e+11	-2.4297e+11
3.55e-10	5.75647e+11	3.78874e+11	-5.11942e+11	3.54528e+11	-3.82263e+11	-4.22976e+11	1.73095e+11	-2.54047e+11	4.30215e+11	6.08837e+10	-4.31635e+10	2.62842e+11	-1.73585e+10	3.18574e+10	1.18645e+11
3.6e-10	3.8193e+11	5.09483e+10	-5.03776e+11	3.45818e+11	-5.97747e+11	-8.48505e+10	2.19274e+11	-2.17108e+11	3.79936e+11	1.22924e+11	1.36752e+11	3.61188e+11	6.02281e+10	-6.24468e+10	-2.63395e+11
3.65e-10	4.13138e+11	-3.87686e+11	-2.59946e+11	2.57044e+11	-5.24045e+11	9.22656e+10	2.1336e+11	1.91752e+11	4.00995e+11	8.85468e+10	3.15553e+11	-1.69718e+11	3.17487e+10	9.19861e+10	-1.97297e+11
3.7e-10	5.09635e+11	-5.96559e+11	-1.43505e+11	2.89734e+11	-3.96039e+11	1.4128e+11	1.60972e+11	9.45251e+10	5.04545e+11	2.66152e+11	6.28921e+11	-1.79813e+11	3.87579e+09	6.36517e+10	-1.43158e+11
3.75e-10	3.60429e+11	-3.17635e+11	2.649e+11	1.12429e+11	4.67353e+10	2.52486e+11	1.45778e+11	4.00612e+11	-1.07198e+11	9.92575e+10	3.08657e+11	-1.17721e+11	4.20919e+10	-1.78259e+11	-1.13005e+11
3.8e-10	2.68314e+11	-2.65472e+11	1.82237e+11	1.99443e+11	1.52229e+11	3.24394e+11	3.1321e+11	6.65728e+11	-2.71082e+11	1.2944e+11	8.21771e+10	-4.9174e+11	4.26923e+10	-1.85862e+11	3.58489e+09
3.85e-10	4.9654e+11	1.31021e+11	5.9934e+11	3.13976e+11	3.03642e+11	3.05286e+11	1.68215e+11	1.63223e+11	-3.57481e+11	1.73586e+11	-3.03356e+11	-3.56781e+11	-1.80857e+10	6.59728e+09	-3.67514e+10
3.9e-10	5.68272e+11	4.2461e+11	5.32508e+11	2.3283e+11	4.36096e+11	-1.0428e+11	3.02729e+11	6.31168e+10	-5.53928e+11	1.3836e+11	-3.54717e+11	-1.4931e+11	6.56683e+10	-2.55121e+10	2.97067e+11
3.95e-10	4.91321e+11	5.75284e+11	7.46748e+10	3.17421e+11	4.67884e+11	-3.44097e+11	2.7472e+11	-2.98353e+11	-5.26127e+11	2.08612e+11	-5.90071e+11	1.05896e+11	4.81857e+10	1.73799e+11	2.00678e+11
4e-10	6.00815e+11	7.20785e+11	-1.75501e+11	3.59308e+11	4.12918e+11	-4.74801e+11	2.00629e+11	-3.63136e+11	-2.62063e+11	1.90439e+11	-4.7076e+11	1.57068e+11	1.13819e+11	4.13573e+11	2.96738e+11
4.05e-10	4.4942e+11	3.76395e+11	-2.71429e+11	2.62577e+11	3.16643e+11	-3.30623e+11	7.32419e+10	-1.75319e+11	-1.77595e+10	1.10586e+11	-8.57468e+10	3.49984e+11	5.05864e+10	2.05889e+11	-8.16324e+10
4.1e-10	5.34406e+11	3.06981e+11	-4.86459e+11	2.72464e+11	-1.61726e+11	-4.37977e+11	3.0951e+11	-3.99936e+11	4.55955e+11	1.94516e+10	2.24442e+10	5.48422e+10	2.09706e+10	1.5117e+11	-8.44779e+10
4.15e-10	6.45929e+11	-1.26058e+11	-7.16703e+11	2.33819e+11	-3.23817e+11	-2.08484e+11	3.18081e+11	-3.03135e+11	5.92214e+11	5.72798e+10	2.83213e+11	-1.54529e+10	7.24132e+09	7.17779e+10	-1.75862e+11
4.2e-10	5.76142e+11	-2.47645e+11	-6.15039e+11	3.91913e+11	-6.87753e+11	1.01459e+11	1.00366e+11	2.24002e+11	1.98759e+11	1.57764e+11	4.57352e+11	3.62611e+11	6.74923e+10	-7.56063e+10	-3.40731e+11
4.25e-10	5.09446e+11	-5.24235e+11	-2.81591e+11	2.99621e+11	-5.61075e+11	1.32751e+11	2.44603e+11	2.21513e+11	5.38386e+11	9.64613e+10	2.5969e+11	-3.92605e+10	3.46312e+10	-2.31548e+11	7.56638e+09
4.3e-10	3.46691e+11	-3.01399e+11	2.74572e+11	3.95217e+11	-4.94837e+11	4.9658e+11	2.54604e+11	5.4433e+11	3.0747e+11	1.15639e+10	1.80253e+11	1.05346e+11	6.21605e+10	-2.32647e+11	-1.09119e+11
4.35e-10	5.08991e+11	-5.01493e+11	2.35106e+11	3.05577e+11	-7.95489e+08	5.21489e+11	5.2041e+10	1.00757e+11	-1.33811e+11	1.22091e+11	1.42683e+11	-3.19138e+11	6.62091e+10	-3.53929e+11	1.18017e+11
4.4e-10	4.71782e+11	-2.80452e+11	4.62804e+11	2.92887e+11	1.31537e+11	4.71178e+11	1.38659e+11	3.07606e+11	-1.10392e+11	2.07756e+11	-3.57572e+11	-4.37838e+11	6.36557e+10	-1.60293e+11	2.827e+11
4.45e-10	3.67949e+11	1.2373e+11	3.59987e+11	3.13627e+11	4.49257e+11	1.04438e+11	1.89364e+11	-9.63244e+09	-4.37485e+11	2.16758e+11	-3.66871e+11	-4.84977e+11	6.46211e+10	-1.24695e+11	4.17968e+11
4.5e-10	6.1248e+11	6.36961e+11	2.7678e+11	4.01158e+11	6.7705e+11	1.51534e+11	2.01626e+11	1.49355e+10	-4.01582e+11	3.58549e+11	-7.6637e+11	-1.42698e+11	1.08671e+11	1.08354e+11	3.96248e+11
4.55e-10	5.35081e+11	5.66887e+11	3.6819e+10	4.26508e+11	4.8221e+11	-4.15243e+11	2.78202e+11	-4.16748e+11	-4.29424e+11	2.3364e+11	-4.57472e+11	2.8839e+11	8.55325e+10	2.45264e+11	1.78168e+11
4.6e-10	5.69482e+11	5.67012e+11	-1.49882e+11	2.71079e+11	-8.5106e+10	-5.34764e+11	2.01713e+11	-4.00942e+11	-5.94864e+09	2.56581e+11	-3.1233e+11	4.25801e+11	7.84564e+10	3.04093e+11	1.12337e+10
4.65e-10	6.86247e+11	4.05212e+11	-5.68781e+11	2.59264e+11	-6.87544e+10	-3.82498e+11	1.78195e+11	-4.17988e+11	1.53077e+11	1.40766e+11	1.49061e+11	5.21672e+11	9.18186e+10	2.99775e+11	-1.39197e+11
4.7e-10	4.01825e+11	2.43037e+11	-3.85726e+11	2.25566e+11	-2.48656e+11	-2.83965e+11	2.15583e+11	-2.51536e+11	4.21258e+11	7.55268e+10	8.78358e+10	2.00682e+11	5.18119e+10	1.41561e+11	-8.57275e+10
4.75e-10	4.04017e+11	-1.31898e+11	-4.02592e+11	3.54929e+11	-3.7642e+11	-3.9084e+11	9.68171e+10	-1.15076e+11	2.06284e+11	2.89892e+11	5.44078e+11	1.48741e+11	1.01688e+11	3.67413e+10	-3.7843e+11
4.8e-10	5.92104e+11	-7.02513e+11	2.53543e+10	2.78222e+11	-4.94314e+11	-1.31874e+11	1.20617e+11	1.05885e+11	2.45096e+11	1.89429e+11	4.30987e+11	2.72104e+10	5.56334e+10	1.23353e+11	-2.37616e+11
4.85e-10	6.82434e+11	-6.6743e+11	-1.98396e+11	3.91989e+11	-4.77362e+11	2.63473e+11	1.75244e+11	3.75324e+11	2.31586e+11	1.28486e+11	5.18272e+11	9.65128e+10	4.53504e+10	-1.12317e+10	-3.67856e+11
4.9e-10	6.27272e+11	-5.30661e+11	2.46091e+11	2.83593e+11	-1.68989e+10	4.26063e+11	2.53747e+11	4.04403e+11	-1.74938e+11	2.26197e+11	3.03855e+11	-4.5399e+11	6.50449e+10	-2.49345e+11	1.89851e+11
4.95e-10	6.48349e+11	-2.65593e+11	5.02888e+11	3.72222e+11	-7.18355e+10	5.54412e+11	1.69736e+11	3.6963e+11	-8.68409e+10	4.19284e+10	-5.57117e+10	-1.2053e+11	4.28555e+10	-2.08564e+11	-1.09896e+11
5e-10	6.33309e+11	1.10909e+11	5.66914e+11	2.98729e+11	4.93197e+11	1.48251e+11	2.7647e+11	4.73654e+11	-4.09122e+11	1.6197e+11	-3.9776e+11	-2.58924e+11	7.13167e+10	-2.18165e+11	2.21626e+11
5.05e-10	5.61397e+11	2.53119e+11	4.2556e+11	4.23434e+11	5.44965e+11	3.22687e+11	2.81973e+11	-2.53451e+10	-5.86895e+11	1.65152e+11	-5.48228e+11	-1.20122e+11	1.07044e+11	-1.31745e+11	3.28146e+11
5.1e-10	5.89622e+11	5.1747e+11	3.43183e+11	3.69034e+11	4.95103e+11	-2.8261e+11	3.14546e+11	-3.29066e+11	-5.46519e+11	1.4185e+11	-4.73372e+11	-2.93349e+10	1.03677e+11	-8.15667e+10	4.25498e+11
5.15e-10	5.45699e+11	5.58615e+11	-4.087e+10	2.88899e+11	3.70594e+11	-2.92597e+11	2.2662e+11	-5.368e+11	-1.66578e+10	2.35414e+11	-5.05896e+11	2.21008e+11	4.13759e+10	1.24184e+11	1.82582e+11
5.2e-10	6.69455e+11	5.15845e+11	-5.51739e+11	3.21331e+11	6.57843e+10	-4.81357e+11	2.46884e+11	-6.31318e+11	8.10437e+09	1.47581e+11	-8.08382e+09	3.44146e+11	4.99954e+10	1.00379e+11	-2.02828e+11
5.25e-10	4.39967e+11	1.61686e+11	-4.40003e+11	2.34067e+11	1.55744e+11	-4.4119e+11	1.74148e+11	-3.59798e+11	2.358e+11	1.26946e+11	-3.20092e+10	2.95951e+11	9.2689e+10	3.11123e+11	-1.07327e+11
5.3e-10	6.03279e+11	-4.54284e+11	-5.36666e+11	4.44364e+11	-5.58535e+11	-4.29627e+11	1.28665e+11	-7.75302e+10	2.12618e+11	2.43751e+11	2.80382e+11	4.36238e+11	5.98144e+10	9.43385e+10	-2.56992e+11
5.35e-10	6.92685e+11	-3.06573e+11	-5.01243e+11	3.63594e+11	-4.42806e+11	-2.28629e+11	1.74569e+11	9.16198e+10	3.62958e+11	1.27002e+11	3.5009e+11	-1.0048e+11	7.0726e+10	-1.26489e+11	-2.63138e+11
5.4e-10	6.4895e+11	-4.92685e+11	-4.27985e+11	3.07768e+11	-4.01194e+11	2.35427e+11	2.42248e+11	3.36546e+11	2.86101e+11	1.9993e+11	4.7278e+11	-1.00768e+11	3.07205e+10	-1.11489e+11	-5.74988e+10
5.45e-10	6.68395e+11	-6.75478e+11	7.06017e+10	2.70989e+11	-3.42629e+11	2.98593e+11	2.5077e+11	5.42032e+11	-1.14076e+11	1.67592e+11	3.02442e+11	-3.79289e+11	1.68706e+11	-5.71757e+11	1.2544e+11
5.5e-10	7.39399e+11	-4.89049e+11	4.67912e+11	4.00517e+11	1.357e+11	5.88906e+11	2.50524e+11	5.46287e+11	1.26258e+11	1.70029e+11	-1.30917e+11	-4.98981e+11	2.03841e+10	-1.55195e+11	-1.50893e+11
5.55e-10	3.91726e+11	-2.53245e+11	3.83806e+11	2.75209e+11	1.76614e+11	4.2261e+11	2.14012e+11	2.20068e+11	-3.23487e+11	7.98023e+10	-1.02312e+11	-1.73345e+11	1.30044e+11	-2.98321e+11	4.00521e+11
5.6e-10	5.63177e+11	-5.9004e+10	5.91122e+11	1.60317e+11	2.50701e+11	8.88957e+10	1.44056e+11	2.07903e+11	-2.07787e+11	1.81326e+11	-2.51248e+11	-3.82693e+11	-1.42337e+10	-2.66914e+11	6.40288e+09
5.65e-10	4.42771e+11	3.94733e+11	2.82202e+11	3.27315e+11	5.03435e+11	3.50385e+11	1.69066e+11	-1.19927e+11	-2.73719e+11	4.93122e+10	-1.68102e+11	-2.54658e+11	9.63484e+10	1.56882e+10	4.27371e+11
5.7e-10	5.84255e+11	6.71624e+11	-4.00135e+10	2.98189e+11	6.07689e+11	-8.78886e+10	2.83534e+11	-5.81539e+11	-3.35182e+11	2.76901e+11	-6.89412e+11	1.53541e+11	1.00653e+10	1.21265e+10	9.87096e+10
5.75e-10	5.91539e+11	6.78295e+11	-1.04905e+11	4.73673e+11	3.7972e+11	-6.19641e+11	2.33122e+11	-6.88201e+11	9.16661e+10	1.91674e+11	-4.00555e+11	3.48398e+11	5.22477e+10	1.90003e+11	-1.15527e+11
5.8e-10	4.92428e+11	3.55489e+11	-3.6515e+11	3.81301e+11	-1.3228e+11	-6.07285e+11	1.60515e+11	-3.60765e+11	3.04384e+11	2.45258e+11	-2.66254e+11	5.52536e+11	7.46985e+10	3.13941e+11	-1.21353e+11
5.85e-10	6.66996e+11	-1.63963e+11	-7.68274e+11	2.89103e+11	-1.89107e+11	-4.13328e+11	2.10249e+11	-2.91904e+11	3.90575e+11	1.11322e+11	2.14702e+11	2.63104e+11	2.80797e+10	-1.54617e+11	-1.78749e+11
5.9e-10	6.86093e+11	-3.03061e+11	-6.40152e+11	2.45345e+11	-3.15905e+11	-2.38529e+11	3.55047e+11	-1.34232e+11	6.29137e+11	1.61497e+11	4.36969e+11	3.13499e+11	3.32295e+10	-1.2837e+11	-1.90875e+11
5.95e-10	5.29186e+11	-4.65333e+11	-2.85792e+11	3.72114e+11	-5.86707e+11	3.19123e+11	1.66867e+11	4.8885e+11	1.62235e+11	2.242e+11	6.03426e+11	1.63007e+10	3.67758e+10	2.88876e+10	-3.16598e+11
6e-10	6.55853e+11	-5.78931e+11	-2.13791e+11	3.6537e+11	-4.32057e+11	4.72509e+11	2.3562e+11	4.19299e+11	2.25707e+11	4.12406e+10	1.85014e+11	9.89338e+10	7.90254e+10	-2.66521e+11	-3.08044e+11
6.05e-10	3.27094e+11	-2.90122e+11	2.49649e+11	3.18584e+11	-1.97257e+11	4.67427e+11	1.25146e+11	2.23882e+11	-6.61159e+10	7.7958e+10	1.58384e+11	-2.08573e+11	3.90852e+10	-2.03784e+11	2.5851e+11
6.1e-10	5.34855e+11	-3.99918e+11	5.19075e+11	3.67889e+11	1.76095e+11	5.70702e+11	3.9213e+11	7.57314e+11	-9.75533e+10	9.48871e+10	-2.15239e+11	-2.401e+11	1.09843e+11	-3.60863e+11	3.612e+11
6.15e-10	5.96119e+11	7.53904e+09	6.32925e+11	4.55345e+11	4.75263e+11	6.05882e+11	1.98726e+11	2.57056e+11	-2.88349e+11	1.32469e+11	-3.11688e+11	-2.0888e+11	5.66221e+10	-1.69013e+11	2.3393e+11
6.2e-10	4.80195e+11	1.70723e+11	5.92143e+11	3.78125e+11	5.93676e+11	3.01291e+10	2.58353e+10	3.34575e+09	-5.58126e+10	2.86967e+11	-7.43287e+11	-2.22498e+11	6.54649e+10	-2.1039e+11	2.17472e+11
6.25e-10	6.5051e+11	7.42412e+11	2.75469e+11	2.70676e+11	3.71949e+11	-4.70579e+11	1.44322e+11	-2.49419e+11	-2.5697e+11	1.63061e+11	-3.85627e+11	8.41265e+10	1.18953e+11	2.26219e+11	3.67794e+11
6.3e-10	5.45707e+11	6.4006e+11	-4.77924e+10	3.34419e+11	1.96507e+11	-4.89066e+11	1.24595e+11	-1.64813e+11	-1.51593e+11	2.44639e+11	-3.52335e+11	4.94749e+11	4.26134e+10	2.69309e+11	-5.2839e+10
6.35e-10	5.28088e+11	2.35235e+11	-6.04333e+11	3.14492e+11	-5.27002e+10	-6.01536e+11	8.43501e+10	-2.08528e+11	1.85848e+11	6.61892e+10	-1.43889e+11	1.73524e+11	1.12789e+11	3.86014e+11	-9.35647e+10
6.4e-10	6.28823e+11	2.90937e+11	-5.88851e+11	2.4673e+11	-8.00775e+10	-4.649e+11	2.14747e+11	-3.56401e+11	3.17542e+11	2.62967e+11	4.4682e+11	4.6738e+11	8.16655e+10	3.14563e+11	-1.53005e+11
6.45e-10	5.95657e+11	-2.4049e+11	-5.64577e+11	4.26906e+11	-5.88107e+11	-3.23161e+11	1.59877e+11	-1.68002e+11	3.48694e+11	4.42162e+10	1.03602e+11	1.59134e+11	6.18231e+10	5.1518e+10	-3.56423e+11
6.5e-10	4.8439e+11	-3.62382e+11	-3.55447e+11	2.60196e+11	-4.19662e+11	-2.08512e+11	2.09953e+11	2.23915e+11	4.19252e+11	8.48157e+10	2.54573e+11	-1.91332e+11	2.10126e+10	-1.11493e+11	-1.43266e+11
6.55e-10	5.29706e+11	-6.02148e+11	-9.00983e+10	2.94685e+11	-4.75234e+11	9.43735e+10	2.39125e+11	2.9677e+11	4.12883e+11	-2.37609e+10	2.54772e+11	4.07835e+11	4.91601e+10	-1.88449e+11	-1.91576e+11
6.6e-10	5.93362e+11	-5.5408e+11	3.58615e+11	1.75564e+11	-4.11595e+11	1.05866e+11	1.97575e+11	4.95558e+11	-1.02971e+11	1.57693e+11	2.94823e+11	-4.00889e+11	9.31993e+10	-2.50589e+11	-1.38099e+10
6.65e-10	3.30128e+11	-1.20206e+11	3.19016e+11	2.49767e+11	-4.20733e+09	3.61058e+11	1.87982e+11	5.23206e+11	-3.47202e+10	1.87551e+11	-1.62735e+11	-5.57736e+11	1.74766e+10	-1.13902e+11	2.5996e+11
6.7e-10	5.80348e+11	-1.23627e+11	5.58652e+11	3.27683e+11	9.70606e+10	4.67747e+11	3.61628e+11	2.57303e+11	-5.3039e+11	1.75245e+11	-1.98733e+09	-4.95071e+11	6.23057e+10	-2.31044e+11	1.96008e+11
6.75e-10	6.3019e+11	1.42111e+11	5.48637e+11	3.5455e+11	5.20847e+11	4.87742e+10	2.40307e+11	2.48001e+11	-3.84107e+11	6.47202e+10	-3.29157e+11	1.31018e+11	6.82829e+10	-1.00715e+11	2.87939e+11
6.8e-10	4.71198e+11	3.7705e+11	2.62974e+11	4.70598e+11	5.96764e+11	-3.58584e+11	3.13778e+11	-2.37546e+11	-4.72606e+11	1.30373e+11	-4.03284e+11	-1.2377e+11	6.28584e+10	2.02075e+11	2.11224e+11
6.85e-10	5.32529e+11	5.20467e+11	6.96132e+10	3.78617e+11	4.30122e+11	-4.05374e+11	2.18793e+11	-4.45363e+11	-2.75356e+10	2.18086e+11	-5.24952e+11	4.09765e+11	1.03417e+11	4.84731e+11	-2.53002e+10
6.9e-10	5.47066e+11	4.52932e+11	-3.94318e+11	3.2171e+11	9.00915e+10	-4.3781e+11	2.39459e+11	-4.17794e+11	4.81777e+10	1.66871e+11	-1.66243e+11	3.43566e+11	5.03538e+10	1.57436e+11	-1.7198e+11
6.95e-10	7.48483e+11	3.02127e+11	-6.26322e+11	3.69633e+11	-2.31908e+11	-5.38442e+11	4.26817e+11	-5.47091e+11	3.3097e+11	1.04227e+11	2.52319e+11	1.9571e+11	7.4459e+10	9.03401e+10	-2.22774e+11
7e-10	6.80609e+11	-4.57494e+11	-6.59926e+11	4.44753e+11	-5.8489e+11	-3.30216e+11	2.00061e+11	-2.29105e+11	2.74111e+11	2.2602e+11	4.45514e+11	3.44039e+11	1.89576e+11	5.15697e+11	-3.97992e+11
7.05e-10	3.39121e+11	-3.30727e+11	-3.51423e+11	2.09382e+11	-3.54827e+11	5.99602e+10	2.29213e+11	1.11853e+11	3.95378e+11	1.2978e+11	2.95825e+11	2.14154e+11	3.25763e+10	2.33219e+11	-1.32196e+11
7.1e-10	5.70029e+11	-6.29519e+11	-1.33764e+11	2.94565e+11	-3.73735e+11	3.4714e+11	3.1183e+11	4.40756e+11	2.9506e+11	1.80109e+11	3.92997e+11	-4.04811e+10	3.23907e+10	1.89846e+10	-2.2013e+11
7.15e-10	4.21778e+11	-4.67222e+11	1.21289e+11	1.96783e+11	-2.08036e+11	2.47446e+11	1.9332e+11	4.84233e+11	8.91238e+10	2.56139e+11	4.0552e+11	-2.90997e+11	3.6139e+10	-1.28585e+11	-3.45365e+10
7.2e-10	5.08599e+11	-2.31918e+11	5.43537e+11	2.31424e+11	4.01187e+10	4.11306e+11	1.82172e+11	3.63817e+11	-1.84594e+11	1.85807e+10	2.28614e+11	-7.26126e+10	1.03568e+11	-3.99157e+11	-8.6013e+10
7.25e-10	4.62934e+11	-1.3806e+11	4.24429e+11	3.3923e+11	4.17056e+11	3.87907e+11	1.76031e+11	2.23033e+11	-2.40688e+11	9.81847e+10	-6.15209e+10	-2.80694e+11	7.40068e+10	3.72639e+10	3.81955e+11
7.3e-10	6.58038e+11	1.87527e+11	7.57163e+11	3.1307e+11	4.9386e+11	1.25533e+11	2.47619e+11	3.71807e+10	-5.08102e+11	1.13885e+11	-2.12835e+11	-1.10074e+11	8.34463e+10	-4.4185e+10	2.97952e+11
7.35e-10	4.55519e+11	3.74431e+11	3.15289e+11	2.55095e+11	4.30538e+11	-5.66126e+10	2.5439e+11	-4.37199e+11	-3.97154e+11	1.74154e+11	-4.05774e+11	1.58498e+11	6.14872e+10	6.84335e+09	3.40765e+11
7.4e-10	5.77292e+11	6.19035e+11	-5.58282e+10	3.9461e+11	6.2896e+11	-3.55398e+11	1.63887e+11	-2.03874e+11	-3.53135e+11	1.62379e+11	-2.56624e+11	3.13657e+11	1.60945e+11	5.7489e+11	3.73359e+11
7.45e-10	6.36659e+11	6.06752e+11	-1.06773e+11	2.29594e+11	3.41205e+11	-3.11706e+11	2.00784e+11	-4.36241e+11	2.20589e+11	4.7088e+10	8.57606e+10	2.159e+11	1.30507e+11	5.00489e+11	2.2426e+11
7.5e-10	5.06784e+11	2.3805e+11	-5.08175e+11	3.91242e+11	-5.58398e+10	-5.43398e+11	3.03763e+11	-4.52872e+11	4.03723e+11	1.8553e+11	7.62945e+10	3.9521e+11	1.38518e+10	-6.41061e+10	-3.16138e+11
7.55e-10	4.93211e+11	1.76349e+11	-4.9068e+11	4.86906e+11	-5.45335e+11	-4.40312e+11	9.0587e+10	-1.32579e+11	2.48012e+11	1.40428e+11	1.71905e+11	2.48745e+11	1.58101e+11	-5.73271e+10	-5.63191e+11
7.6e-10	6.42465e+11	-1.90276e+11	-5.54768e+11	3.89612e+11	-6.62303e+11	1.31012e+11	2.62728e+11	3.22368e+09	5.63949e+11	1.74724e+11	3.38312e+11	2.86944e+11	1.09848e+11	-7.25595e+10	-3.62412e+11
7.65e-10	5.64342e+11	-4.67478e+11	-3.34785e+11	4.11314e+11	-5.21072e+11	9.35266e+10	1.37058e+11	1.29017e+11	2.6566e+11	2.81593e+11	5.60423e+11	-1.3367e+11	1.82498e+10	-3.84548e+10	-1.77091e+11
7.7e-10	8.94145e+11	-8.23628e+11	1.23287e+10	5.01903e+11	-5.12898e+11	5.72304e+11	3.12334e+11	4.1137e+11	6.41837e+11	1.84794e+11	3.40631e+11	-2.84083e+11	8.21816e+10	-2.18606e+11	-3.82004e+11
7.75e-10	6.71735e+11	-5.53961e+11	1.93439e+11	3.20347e+11	-3.37287e+11	4.68701e+11	2.03222e+11	4.67863e+11	1.13555e+11	1.5902e+11	7.56679e+10	-4.84217e+11	1.83216e+10	-1.3503e+11	1.51777e+10
7.8e-10	6.02901e+11	-1.37395e+11	6.23385e+11	3.68141e+11	3.10181e+10	5.1871e+11	2.9789e+11	4.66913e+11	-2.74383e+11	1.08353e+11	-1.87482e+11	-2.38368e+11	4.04711e+10	-9.99195e+10	1.51764e+11
7.85e-10	7.77906e+11	8.06343e+10	7.54145e+11	5.10473e+11	6.2365e+11	4.56071e+11	1.9966e+11	2.25069e+11	-3.32761e+11	1.43006e+11	-3.50886e+11	-6.78762e+10	2.59703e+10	-2.38234e+11	5.18274e+10
7.9e-10	5.94631e+11	5.56526e+10	6.64119e+11	3.75623e+11	6.49426e+11	-2.2493e+11	1.46348e+11	1.09083e+11	-3.04566e+11	1.49336e+11	-2.851e+11	-1.15938e+11	1.08366e+11	2.37741e+11	4.30276e+11
7.95e-10	5.82627e+11	6.17303e+11	1.43845e+11	2.2673e+11	4.23254e+11	4.17975e+10	7.66195e+10	1.20351e+11	-3.19849e+11	1.85742e+11	-3.93831e+11	1.2641e+11	1.02886e+11	6.16685e+10	4.14993e+11
8e-10	5.82744e+11	5.56377e+11	4.74174e+10	2.54835e+11	8.65883e+10	-4.16812e+11	2.72545e+11	-6.31383e+11	-1.24419e+11	1.78049e+11	-1.67185e+11	3.5959e+11	1.02657e+11	3.41373e+11	2.18932e+11
8.05e-10	5.29094e+11	4.96471e+11	-3.0658e+11	2.8392e+11	3.93472e+10	-3.923e+11	1.74496e+11	-3.81101e+11	-4.36152e+10	3.28644e+11	-4.24411e+11	6.24446e+11	3.98572e+10	1.89032e+11	-7.87492e+10
8.1e-10	5.33507e+11	6.90018e+10	-5.35518e+11	4.51795e+11	-3.80706e+11	-6.16402e+11	3.00913e+11	-5.09793e+11	2.63319e+11	1.94663e+11	2.26044e+11	4.20098e+11	6.52722e+10	3.2258e+11	5.22093e+10
8.15e-10	5.14253e+11	-7.01627e+10	-5.00253e+11	3.24636e+11	-2.52554e+11	-4.53933e+11	1.076e+11	8.91006e+10	3.40873e+11	2.62583e+11	4.54361e+11	3.76725e+11	4.71045e+10	1.86722e+10	-1.58317e+11
8.2e-10	5.97225e+11	-3.49753e+11	-4.80181e+11	4.26617e+11	-6.9486e+11	2.07339e+11	2.2303e+11	1.35488e+11	4.66724e+11	1.23428e+11	2.5231e+11	2.90211e+10	7.18702e+10	-2.979e+10	-3.79817e+11
8.25e-10	5.82197e+11	-5.95831e+11	-1.66086e+10	3.74574e+11	-3.81752e+11	3.30922e+11	2.57123e+11	4.11692e+11	3.80874e+11	5.4055e+10	7.49258e+10	-1.49884e+11	1.27445e+11	-3.37315e+11	-4.41149e+11
8.3e-10	6.21562e+11	-5.71518e+11	2.9644e+11	4.1715e+11	-4.09473e+11	5.75684e+11	5.02221e+11	7.8991e+11	2.02903e+11	1.701e+11	7.80134e+10	-5.58172e+11	7.46532e+10	-1.65557e+11	-2.84575e+11
8.35e-10	5.24991e+11	-4.74494e+11	2.00631e+11	4.70334e+11	-1.40798e+11	7.53591e+11	1.72963e+11	3.66572e+11	1.92919e+11	1.90099e+11	3.004e+11	-4.00021e+11	2.71961e+10	-1.38789e+11	8.83453e+10
8.4e-10	4.99249e+11	-1.86539e+11	4.42684e+11	3.15527e+11	1.25344e+11	4.96673e+11	3.04742e+11	5.21869e+11	-3.38238e+11	1.25611e+11	-2.19938e+10	-4.59964e+11	1.0421e+11	-2.23665e+11	2.78977e+11
8.45e-10	5.9019e+11	3.10016e+11	5.36218e+11	3.89932e+11	5.27893e+11	1.98432e+11	2.44025e+11	2.76027e+11	-3.05531e+11	1.71226e+11	-3.27034e+11	-3.46467e+11	2.76028e+10	-1.23924e+11	1.17053e+11
8.5e-10	4.56414e+11	4.67301e+11	2.22774e+11	2.16705e+11	3.6619e+11	-4.49061e+10	2.01744e+11	6.28247e+10	-3.71558e+11	1.10621e+11	-2.94451e+11	-1.11606e+11	1.22101e+11	2.71438e+11	3.33849e+11
8.55e-10	5.07317e+11	5.62876e+11	1.42308e+11	3.84678e+11	7.03002e+11	-3.1113e+11	4.44964e+11	-6.26088e+11	-4.75328e+11	1.0402e+11	-4.01076e+11	-3.56427e+10	1.53125e+11	4.1175e+11	3.74947e+11
8.6e-10	5.27511e+11	4.84174e+11	-4.07851e+11	4.0358e+11	3.94451e+10	-8.31643e+11	2.10131e+11	-4.7195e+11	-3.13825e+10	1.40308e+11	-1.08005e+09	3.58374e+11	7.70439e+10	2.77637e+11	2.15982e+11
8.65e-10	6.06288e+11	2.7491e+11	-5.6657e+11	1.87884e+11	-8.55857e+10	-3.42431e+11	8.82244e+10	-2.22895e+11	-1.5748e+10	1.59421e+11	-5.77926e+10	4.04791e+11	6.35577e+10	2.52151e+11	-1.03148e+10
8.7e-10	5.5701e+11	-9.47028e+10	-7.10958e+11	2.75558e+11	-2.94899e+11	-4.19445e+11	2.67666e+11	-3.36883e+11	5.17264e+11	2.1198e+11	1.19771e+11	5.63484e+11	6.49656e+10	-6.89133e+10	-3.14226e+11
8.75e-10	6.07157e+11	-3.75091e+11	-6.02558e+11	2.31956e+11	-3.97256e+11	-3.43808e+11	1.43073e+11	-8.32593e+10	3.33903e+11	1.24033e+11	2.97418e+11	1.169e+11	5.503e+10	6.68175e+10	-1.72296e+11
8.8e-10	4.01248e+11	-3.69596e+11	-3.15991e+11	2.51626e+11	-4.30655e+11	-3.64149e+10	5.56978e+10	-1.23653e+11	1.86459e+11	1.28802e+11	4.49615e+11	-8.33492e+10	5.12468e+10	-2.8953e+10	-1.85862e+11
8.85e-10	4.94869e+11	-3.97565e+11	2.48764e+11	2.9542e+11	-1.62e+11	4.64936e+11	2.1402e+11	6.73927e+11	-1.93643e+09	1.27391e+11	1.60104e+11	-3.52135e+11	7.45586e+10	-2.1029e+11	-1.3348e+11
8.9e-10	5.75112e+11	-3.34109e+11	4.56468e+11	2.57692e+11	-6.66915e+10	3.68991e+11	1.65086e+11	3.12471e+11	2.29911e+10	7.94036e+10	1.56251e+11	-1.67514e+11	1.08953e+11	-4.32997e+11	-1.51535e+11
8.95e-10	4.40618e+11	-1.05201e+11	4.99851e+11	4.21454e+11	4.40891e+11	4.8229e+11	3.04338e+11	6.0821e+11	-1.68083e+11	1.15543e+11	-1.18118e+11	-4.34459e+11	5.15988e+10	-1.6016e+11	9.83107e+10
9e-10	5.5109e+11	2.2984e+11	5.48763e+11	4.55553e+11	4.94645e+11	4.13136e+11	2.04158e+11	2.03847e+11	-3.20317e+11	1.3875e+11	-2.91691e+11	-2.8196e+11	7.84883e+10	-2.79818e+10	2.78316e+11
9.05e-10	4.89739e+11	3.16367e+11	4.72734e+11	3.31779e+11	4.50743e+11	2.36024e+11	1.50447e+11	1.93176e+10	-2.99834e+11	2.05174e+11	-4.91531e+11	-1.84942e+11	6.92505e+10	-6.62074e+10	3.24644e+11
9.1e-10	5.71941e+11	6.13381e+11	2.79986e+11	4.29761e+11	4.04588e+11	-3.81369e+11	3.08786e+11	-5.43135e+11	-2.56955e+11	1.21397e+11	-3.32521e+11	1.67722e+11	3.86701e+10	2.32614e+11	-1.57718e+11
9.15e-10	5.77805e+11	5.89046e+11	-3.79151e+11	3.60678e+11	1.49482e+11	-6.43059e+11	2.30262e+11	-3.06994e+11	-2.81302e+11	1.70517e+11	-2.10211e+11	3.59767e+11	1.16374e+10	6.1099e+10	2.12142e+11
9.2e-10	3.25481e+11	3.10707e+11	-2.66847e+11	3.54358e+11	-1.5657e+11	-5.51072e+11	2.53407e+11	-5.05104e+11	1.24324e+11	1.7801e+11	1.11241e+10	4.7246e+11	3.38306e+10	2.18703e+11	6.99382e+10
9.25e-10	4.30876e+11	-5.13438e+10	-5.82706e+11	2.82846e+11	-3.44391e+11	-4.0176e+11	2.12497e+11	-8.41841e+10	4.80235e+11	1.04829e+11	3.5449e+11	1.24592e+11	3.70352e+10	-2.14977e+10	-2.24244e+11
9.3e-10	4.22177e+11	-8.25877e+10	-4.562e+11	1.49266e+11	-3.04249e+11	1.20429e+10	2.57629e+11	9.66632e+10	5.06572e+11	9.693e+10	2.56391e+11	9.94454e+10	4.03688e+10	2.59163e+11	-1.1761e+11
9.35e-10	4.91375e+11	-6.29559e+11	-1.19222e+11	2.96237e+11	-5.13891e+11	2.42284e+11	1.7535e+11	2.14959e+11	2.97637e+11	1.52451e+11	5.23165e+11	-3.90313e+09	3.13825e+10	6.55593e+10	-1.39543e+11
9.4e-10	4.8918e+11	-5.58781e+11	2.0823e+10	3.2055e+11	-2.26164e+11	4.16935e+11	2.65995e+11	3.71622e+11	4.81028e+11	1.35332e+11	1.61777e+11	-5.5437e+11	5.15934e+10	-1.49171e+11	-1.00406e+11
9.45e-10	7.51648e+11	-6.58388e+11	5.16723e+11	3.13475e+11	-6.70065e+10	5.32842e+11	2.01259e+11	4.17636e+11	4.61837e+10	6.26213e+10	7.99762e+10	-1.5622e+11	-2.80223e+09	-6.0116e+09	-4.10763e+08
9.5e-10	5.27843e+11	-3.08379e+10	6.54434e+11	2.73349e+11	1.57951e+11	4.10209e+11	2.76745e+11	5.27111e+11	-2.23452e+11	7.9999e+10	8.93343e+10	-4.18285e+11	5.98824e+10	-9.71717e+10	2.05946e+11
9.55e-10	6.76178e+11	1.01879e+11	7.05287e+11	3.08918e+11	4.49401e+11	3.41059e+11	2.2326e+11	3.35475e+10	-4.46243e+11	9.93397e+10	-1.88269e+11	-2.1487e+11	6.21386e+10	-7.41998e+10	1.70775e+11
9.6e-10	4.93938e+11	3.58877e+11	4.5246e+11	3.60512e+11	6.00682e+11	7.92646e+10	2.3416e+11	-2.66126e+11	-4.10854e+11	9.93727e+10	-2.50375e+11	-1.95261e+11	1.67588e+11	-1.68774e+11	6.63006e+11
9.65e-10	5.40257e+11	6.73094e+11	-1.05056e+11	3.82449e+11	6.13249e+11	-2.52251e+11	1.39427e+11	-5.71448e+10	-4.63554e+11	5.94454e+10	-6.00469e+10	2.51688e+11	4.84554e+10	1.38008e+11	1.80963e+11
9.7e-10	6.75946e+11	6.86786e+11	-1.93703e+11	1.74029e+11	1.4498e+11	-1.83322e+11	3.48867e+11	-5.80402e+11	-3.44726e+11	3.29033e+10	3.09036e+11	3.6182e+11	1.11276e+11	3.3682e+11	-1.13396e+10
9.75e-10	6.38435e+11	4.81382e+11	-4.14837e+11	3.6103e+11	-2.50971e+11	-6.12057e+11	2.26555e+11	-4.26071e+11	1.21247e+11	1.83357e+11	5.4505e+10	5.18628e+11	1.62228e+11	5.84115e+11	2.31457e+10
9.8e-10	4.18691e+11	1.02502e+11	-4.65836e+11	3.95495e+11	-2.48195e+11	-4.73322e+11	1.13975e+11	-2.30906e+11	1.36862e+11	1.08535e+11	3.14708e+10	3.95758e+11	1.38524e+11	1.39419e+11	-4.53217e+11
9.85e-10	4.7338e+11	-2.83988e+11	-5.51225e+11	3.41593e+11	-5.13194e+11	-3.73811e+11	3.42044e+11	-3.24443e+11	5.46021e+11	1.70487e+11	5.64911e+11	-5.38332e+10	8.01502e+10	1.75288e+11	-3.36115e+11
9.9e-10	3.76493e+11	-6.49237e+11	5.28194e+10	3.08815e+11	-5.31196e+11	4.88164e+10	2.40175e+11	9.88268e+10	5.73121e+11	2.82794e+11	7.40298e+11	2.25197e+11	1.09536e+11	-2.40551e+11	-3.08751e+11
9.95e-10	2.68585e+11	-3.35543e+11	-1.23614e+11	2.03482e+11	-3.55629e+11	1.82195e+11	2.21473e+11	4.09123e+11	2.99564e+11	8.49134e+10	2.944e+11	7.54696e+10	5.84112e+10	-2.87158e+11	1.29244e+11
1e-09	5.39047e+11	-6.12449e+11	3.56659e+11	2.79045e+11	-4.36203e+11	3.73753e+11	3.3496e+11	7.53233e+11	-9.61704e+10	1.08284e+11	9.39788e+10	-3.45902e+11	1.03551e+11	-5.28383e+11	6.74021e+10
