Fri Oct 18 23:22:12 2024

<base> : Rectangle : 0m, 0m, 0m; 1.5um, 50nm, 5nm. Cells : 300, 10, 1. Cellsize : 5nm, 5nm, 5nm
<supermesh> : Rectangle : 0m, 0m, 0m; 1.5um, 50nm, 5nm. Cells : 300, 10, 1. Cellsize : 5nm, 5nm, 5nm

Saved data (dataname (unit) <meshname> (cells_rectangle)) : 

time (s)	<mxdmdt> (1/s) <base> (300nm, 0m, 0m; 310nm, 50nm, 5nm)			<mxdmdt> (1/s) <base> (500nm, 0m, 0m; 510nm, 50nm, 5nm)			<mxdmdt> (1/s) <base> (700nm, 0m, 0m; 710nm, 50nm, 5nm)			<mxdmdt> (1/s) <base> (900nm, 0m, 0m; 910nm, 50nm, 5nm)			<mxdmdt> (1/s) <base> (1.1um, 0m, 0m; 1.11um, 50nm, 5nm)			

0	-17596.8	709988	809920	100904	-293118	1.84345e+06	24048.8	-589832	-757049	-52972.6	131640	-520642	523472	3.37247e+06	-3.49259e+06
5e-12	6.18516e+09	-3.01894e+10	-2.45193e+11	-4.38835e+09	1.38823e+11	-2.65196e+10	6.31242e+09	2.33817e+11	9.89537e+10	2.24184e+10	3.03185e+11	1.13813e+11	-2.95205e+10	1.22858e+11	2.77565e+10
1e-11	-3.49923e+10	5.19086e+10	-3.4702e+11	3.60729e+09	3.47619e+11	-6.62345e+10	-9.95294e+09	4.00251e+09	-1.34023e+11	-3.64878e+09	9.48507e+10	-1.67794e+10	1.73625e+09	-4.03142e+11	-4.84962e+10
1.5e-11	-1.59612e+10	8.24269e+10	1.47083e+11	1.32732e+10	6.92632e+10	-6.25993e+10	-1.34335e+09	7.06962e+09	-2.89448e+11	-6.77797e+08	4.50765e+11	1.33826e+11	2.9664e+09	-2.58705e+11	1.39547e+11
2e-11	5.39315e+09	1.40334e+11	-3.80983e+10	1.64351e+09	6.17204e+10	1.10032e+11	-9.97993e+08	9.48726e+10	-1.37183e+11	1.08839e+10	-1.146e+11	1.19101e+11	1.98342e+10	1.05492e+11	1.39572e+11
2.5e-11	1.03963e+09	6.18851e+10	-1.60943e+10	5.09827e+09	-4.83383e+10	-1.6727e+11	1.80995e+10	1.21455e+11	-1.89541e+11	-3.00439e+09	7.00422e+09	8.68005e+10	-2.13004e+10	6.67466e+10	1.10131e+11
3e-11	4.54933e+09	1.40343e+11	-3.62955e+11	2.70953e+10	-1.17403e+11	-3.25826e+11	-1.33829e+10	9.86571e+10	2.0752e+11	-5.47314e+09	1.57718e+10	8.9805e+10	1.60389e+09	-1.88604e+11	4.18747e+10
3.5e-11	2.24609e+10	-2.18782e+11	6.78121e+10	-3.38203e+10	-1.65898e+11	-2.62313e+11	-6.46524e+09	-1.36769e+11	1.83501e+11	1.32866e+10	7.00837e+10	4.62443e+10	5.28954e+09	-1.68557e+10	1.40085e+11
4e-11	1.74425e+10	-2.43308e+11	8.55402e+10	8.41996e+09	1.26299e+11	2.03127e+11	-1.78062e+10	-1.92225e+11	-2.99407e+11	5.76632e+10	1.24804e+11	4.64135e+11	-6.8851e+08	1.19594e+11	-5.67082e+10
4.5e-11	2.37292e+10	-1.175e+11	2.24e+11	-1.67564e+10	9.29834e+10	-7.59088e+10	-1.55508e+10	1.32667e+11	4.03449e+10	-4.01587e+09	3.51388e+10	-3.12802e+10	-8.08389e+09	-1.38034e+10	5.25318e+09
5e-11	3.3275e+10	1.7475e+11	2.46458e+11	5.25978e+10	9.53749e+10	1.83118e+11	-3.61524e+10	6.10094e+10	4.27639e+11	1.02395e+10	1.74724e+11	-1.96051e+11	-9.80893e+09	-7.30296e+10	-1.35077e+11
5.5e-11	7.64924e+10	9.15335e+10	3.95201e+11	1.80515e+10	1.21382e+11	1.38508e+11	-2.29177e+10	7.35724e+10	1.18022e+11	-9.92528e+09	4.90375e+10	-1.46169e+11	-1.15131e+08	-6.14087e+10	-9.37307e+10
6e-11	-2.49281e+10	-1.40713e+11	6.27503e+10	-6.82359e+09	-3.56082e+10	-7.5647e+10	7.2983e+10	9.69551e+10	-3.07382e+11	3.83329e+09	-3.16702e+11	9.68393e+08	-7.36902e+09	-1.11833e+11	1.98706e+11
6.5e-11	1.51356e+10	1.73755e+11	3.11895e+11	3.30349e+10	-1.42226e+10	-3.00841e+11	-6.59425e+09	-2.26388e+11	1.5074e+11	-1.31319e+10	-5.58152e+09	3.48987e+10	7.23716e+09	1.29384e+11	1.48388e+11
7e-11	4.75727e+10	3.39026e+11	5.59687e+10	3.00873e+10	2.81866e+10	-9.85594e+10	8.18458e+09	-5.91388e+10	-8.25466e+10	-2.14359e+09	2.74769e+11	9.30306e+10	4.09459e+10	3.01214e+11	1.95051e+11
7.5e-11	3.25831e+10	-5.12671e+10	-3.4744e+11	-6.9542e+09	2.77985e+10	-4.86208e+10	2.3573e+10	-2.46424e+11	-1.14119e+11	-1.20341e+10	1.87052e+10	8.63823e+10	-1.96861e+09	1.79996e+11	2.11639e+11
8e-11	3.27542e+09	-1.3084e+11	-8.96961e+09	-1.32524e+10	7.71297e+10	8.81556e+10	-2.87808e+10	9.55048e+10	-9.09937e+10	-3.50221e+10	-1.27078e+11	-1.8205e+11	7.64023e+09	-3.09874e+10	-6.07612e+10
8.5e-11	3.13896e+10	-1.45877e+11	-2.14908e+11	-5.10609e+08	4.01528e+10	1.57619e+11	5.91328e+10	8.20006e+09	2.66371e+11	-2.2365e+10	-2.32005e+11	-1.32784e+10	4.29366e+10	1.52174e+11	-3.60598e+11
9e-11	3.94936e+10	-3.41699e+11	4.12232e+11	1.30348e+10	2.87394e+10	2.67852e+11	-6.71567e+09	1.92652e+11	-1.04832e+11	-2.64881e+09	5.95545e+10	5.06716e+10	3.6727e+10	-3.11694e+11	-2.01283e+11
9.5e-11	1.6615e+10	1.58261e+10	3.289e+11	1.42891e+10	8.85193e+10	1.11965e+11	-3.66143e+09	7.2939e+10	5.61539e+10	-1.87148e+10	2.21876e+10	1.04059e+11	1.84276e+10	-2.82442e+11	-1.06825e+11
1e-10	1.61016e+09	2.5988e+11	1.24983e+11	-9.20745e+09	6.57199e+10	-1.47658e+11	3.06941e+10	3.64627e+11	-9.80161e+10	3.45431e+10	-7.06254e+10	-3.72233e+11	-1.46011e+10	-1.0356e+11	-2.7106e+10
1.05e-10	1.47905e+10	9.59676e+10	1.06817e+11	1.24157e+10	2.21218e+11	3.54084e+10	-5.53695e+09	-3.08066e+10	-2.0986e+10	-1.64884e+10	-1.14621e+11	1.05661e+11	-3.18319e+10	-3.3758e+11	-1.20647e+11
1.1e-10	-9.22496e+09	4.59358e+10	-1.52105e+09	8.57388e+09	1.50754e+11	-3.34896e+11	3.13273e+10	-1.7825e+11	-3.53692e+11	-1.04362e+10	-1.82857e+11	1.49263e+11	3.69524e+10	2.82528e+11	-6.70767e+10
1.15e-10	7.97006e+09	-1.26231e+10	-3.99288e+10	-1.40867e+10	1.74436e+10	6.47704e+10	5.32648e+10	-4.20805e+11	-7.61396e+10	1.28831e+10	-2.23267e+11	-6.00618e+10	2.42052e+10	1.72119e+11	-7.1756e+10
1.2e-10	5.89103e+10	-1.61187e+11	-3.76168e+11	-3.36085e+08	-1.18076e+11	-7.09283e+10	3.07058e+10	-3.67816e+11	-1.62623e+11	8.62462e+08	-3.29192e+10	-1.46353e+10	3.19399e+10	1.74327e+11	-3.80772e+11
1.25e-10	3.29422e+10	2.40844e+10	-2.37472e+11	6.03151e+10	-3.55485e+11	-5.16114e+10	-8.16017e+09	1.1535e+11	7.20607e+10	1.64972e+09	-1.5501e+11	2.02863e+11	2.53093e+10	3.38854e+11	-9.78765e+10
1.3e-10	2.32102e+10	-1.14361e+11	-7.23792e+10	1.25729e+10	-9.91874e+10	1.04808e+11	-2.30115e+10	-5.25605e+10	-7.26106e+10	-1.39648e+10	-1.4609e+11	5.6491e+10	7.33154e+09	1.73975e+11	-8.04441e+10
1.35e-10	2.53257e+10	-2.46336e+11	-1.01414e+11	-3.05529e+08	3.53816e+09	6.00055e+10	1.84735e+10	1.1202e+11	1.66636e+11	-6.19177e+09	9.6167e+10	1.05834e+11	4.59818e+08	7.84517e+10	5.52543e+10
1.4e-10	3.17839e+09	-8.39276e+10	3.25182e+10	-1.31188e+10	-1.90875e+11	2.67861e+10	8.99782e+09	8.78203e+10	-2.49243e+10	3.59007e+10	3.05058e+11	-2.1075e+11	-8.98513e+09	-8.42605e+10	-2.153e+11
1.45e-10	1.628e+10	1.62685e+11	1.743e+11	4.36606e+10	1.82409e+11	2.12835e+11	1.70514e+09	-4.20495e+10	-1.69894e+11	-1.2203e+10	7.23468e+10	-2.55117e+10	-2.33171e+10	8.53386e+09	-2.49779e+11
1.5e-10	1.04214e+10	-8.64585e+09	1.43123e+11	1.46688e+10	2.10267e+10	1.89263e+11	-2.28779e+09	-3.08006e+10	7.05361e+08	-1.23445e+10	-1.1646e+11	9.19603e+10	1.39119e+08	9.75996e+10	2.65031e+09
1.55e-10	3.12275e+10	2.50006e+11	2.18246e+11	-8.80201e+09	6.45391e+10	2.83661e+10	2.01609e+09	-2.18926e+11	1.63146e+10	-6.30453e+09	-7.02336e+10	1.04322e+11	7.0721e+08	-1.47055e+11	1.7473e+10
1.6e-10	-2.49621e+10	-2.50931e+11	-2.2898e+11	6.98457e+09	-1.47524e+11	-1.58574e+11	1.66046e+10	-2.44407e+11	-1.8387e+11	-4.62384e+09	-7.20984e+10	-2.75845e+10	-1.11132e+09	-6.55465e+10	2.88022e+11
1.65e-10	-1.44202e+09	-7.5543e+10	-9.48338e+10	7.07963e+09	-4.95181e+10	2.3457e+10	-4.93539e+09	-7.24194e+10	-8.43079e+10	-3.18671e+10	-2.24171e+11	-9.63829e+10	1.38465e+10	8.64518e+09	-1.28354e+11
1.7e-10	-1.2306e+09	-1.26844e+11	3.01637e+11	7.01813e+09	-4.1903e+10	1.04891e+11	4.13992e+10	-5.01784e+11	1.02209e+11	1.73158e+09	8.20387e+10	2.59605e+11	-1.92893e+10	-6.42977e+10	-2.80281e+11
1.75e-10	-9.31854e+09	5.15996e+10	-1.23268e+11	-6.6696e+09	-1.37903e+11	7.17423e+10	1.86301e+10	-2.66837e+11	1.94159e+11	-2.54125e+09	-1.25258e+11	-8.58215e+10	1.60248e+10	2.06157e+11	-7.16303e+10
1.8e-10	2.23702e+10	-5.09104e+10	7.20528e+10	9.67753e+09	-1.16758e+11	2.90873e+10	1.04051e+09	1.13839e+10	9.38544e+10	9.53705e+09	1.30361e+11	-1.14006e+10	-8.67032e+08	-7.64642e+10	-3.14644e+11
1.85e-10	1.8045e+10	-2.26132e+11	9.30227e+10	4.98994e+09	3.36114e+10	3.09486e+10	-4.01598e+10	-2.11607e+11	8.69337e+10	3.42932e+09	5.03624e+10	-2.11323e+10	-1.30161e+10	3.9744e+10	1.53621e+11
1.9e-10	-1.8958e+09	1.35769e+11	-8.64266e+10	-3.61418e+09	1.98414e+10	1.67373e+11	2.66444e+10	1.80254e+11	-1.17743e+11	7.31992e+09	-1.71758e+11	4.12203e+10	7.01466e+09	3.68277e+10	-1.09739e+11
1.95e-10	3.6508e+10	3.77958e+11	3.935e+11	2.2211e+10	1.86923e+11	-2.97219e+11	3.09331e+10	3.08091e+11	3.07371e+11	1.11407e+10	-8.23341e+10	-5.06901e+10	1.75198e+10	4.04685e+11	1.07325e+11
2e-10	9.65463e+09	2.69124e+11	6.33335e+10	2.27727e+10	3.91941e+10	-1.9401e+11	-2.17411e+10	3.15712e+10	1.44225e+11	-3.28317e+09	1.0675e+11	-7.84744e+10	-1.47955e+10	8.8834e+10	2.01536e+10
2.05e-10	4.57802e+09	-1.3894e+11	-8.41165e+10	2.30658e+10	1.18555e+11	-1.33933e+11	1.46866e+10	4.03309e+10	-1.75096e+11	-3.21118e+10	-3.55254e+10	3.65202e+11	-3.02316e+10	2.87094e+10	-2.50863e+11
2.1e-10	7.24292e+09	-1.19225e+11	-1.2416e+11	1.27091e+09	-7.70731e+09	-1.04318e+11	1.78261e+10	-1.09243e+11	-1.38145e+11	-3.63375e+09	1.33696e+11	7.79229e+10	5.51622e+09	7.2651e+10	-3.5521e+10
2.15e-10	-2.74166e+09	-1.95485e+11	1.08863e+10	2.03374e+10	-1.82184e+11	-5.53545e+10	-1.31957e+10	1.93073e+11	-1.47523e+11	-1.54757e+10	6.64418e+10	5.89794e+10	1.43806e+10	2.26075e+11	-9.98516e+09
2.2e-10	6.8036e+09	-2.34877e+10	-6.1067e+09	3.91032e+10	-5.4433e+11	1.21271e+11	3.02795e+10	-1.32463e+11	1.35567e+11	-1.54413e+09	-1.77532e+10	-1.71413e+11	-1.50402e+09	2.53902e+11	8.21852e+10
2.25e-10	2.27752e+09	-6.06462e+10	1.71049e+10	-1.7305e+10	6.26148e+09	-3.70507e+10	1.57222e+10	-5.84978e+10	1.75074e+11	-3.62967e+09	-1.28043e+11	-1.03668e+11	-5.00153e+09	3.51417e+11	9.35629e+10
2.3e-10	2.18502e+10	-1.03253e+11	-3.14125e+11	-1.51637e+10	-1.70371e+11	-2.09819e+10	5.37773e+09	2.80316e+11	3.1843e+10	-1.0974e+10	2.36216e+11	8.45074e+10	-5.02088e+09	1.63041e+11	-7.25696e+10
2.35e-10	-5.66594e+09	5.18986e+11	3.70826e+10	3.3153e+06	2.1218e+11	1.442e+09	-7.54987e+09	1.27193e+11	-5.70497e+10	-1.01008e+10	-1.08775e+11	-2.97706e+10	3.49025e+10	-1.33116e+11	4.46651e+11
2.4e-10	-4.97668e+09	7.53487e+10	-1.89872e+11	-2.09635e+10	-1.33896e+11	1.57548e+11	4.08013e+09	8.95791e+10	1.25159e+11	-1.0508e+10	-1.70438e+11	-3.04927e+09	-1.5855e+10	-1.01305e+11	-1.23248e+11
2.45e-10	2.18787e+09	1.04507e+11	1.12096e+11	3.70237e+10	-3.55599e+11	-2.33083e+11	-7.32176e+09	1.64855e+10	8.84531e+10	-7.59025e+09	-2.50308e+10	4.54816e+10	-1.05173e+10	-1.00053e+11	9.62482e+10
2.5e-10	9.67054e+08	-2.77539e+09	6.87997e+09	2.09861e+09	2.97982e+10	-1.69502e+11	-9.28265e+09	-7.12495e+10	7.99232e+10	-5.39243e+09	3.10982e+11	-4.36869e+10	-2.12501e+09	9.53337e+10	-5.45903e+10
2.55e-10	1.82384e+10	2.47716e+11	-1.60719e+11	8.58106e+09	-7.05246e+10	-5.41042e+09	-9.84746e+09	-1.33373e+11	1.51583e+11	-2.60005e+10	-1.25999e+11	-2.47643e+10	2.91915e+09	5.50747e+10	9.54215e+10
2.6e-10	9.41541e+09	-1.31942e+11	3.32782e+10	-2.34723e+10	1.79104e+10	-2.1896e+11	-1.18834e+10	-1.73247e+11	6.05137e+10	-3.30572e+10	2.27435e+11	1.1677e+11	-1.97811e+10	-1.11046e+10	9.57488e+10
2.65e-10	-1.70465e+09	-6.1384e+10	-1.32976e+11	-4.13997e+10	4.37362e+10	-2.56334e+11	2.91407e+09	3.72905e+10	8.03414e+10	1.06146e+10	-8.81665e+10	1.81272e+11	1.49308e+10	-3.19235e+10	-1.26334e+11
2.7e-10	7.13643e+09	-1.097e+11	-7.14634e+10	1.53251e+10	-6.63995e+10	9.78425e+10	1.16519e+09	2.56297e+11	-2.01075e+11	-1.99252e+10	2.14664e+11	2.1321e+11	6.35864e+09	-1.6523e+11	-1.22691e+10
2.75e-10	2.37429e+09	3.46355e+10	-2.05421e+11	1.75396e+09	1.70598e+11	7.25407e+10	7.97946e+09	1.08234e+10	9.79575e+10	2.04482e+08	-1.69819e+11	7.23635e+10	-9.26847e+09	3.06681e+11	7.82763e+10
2.8e-10	-4.14641e+09	1.29844e+11	3.32931e+10	1.44895e+10	5.14241e+09	-2.30772e+11	-8.88296e+08	4.06396e+11	4.2245e+10	2.20419e+10	1.06669e+11	-2.99888e+11	-4.24983e+09	6.68741e+10	-7.05019e+10
2.85e-10	-8.38539e+08	1.12757e+10	2.7646e+10	5.54443e+09	2.83023e+11	1.12945e+11	-2.22262e+10	-1.56028e+10	-6.52417e+10	-1.28253e+10	-8.20314e+10	1.49358e+11	-2.44373e+10	-2.30347e+11	-2.58579e+11
2.9e-10	-5.70154e+09	-5.56738e+10	8.29285e+09	8.37e+09	1.70822e+11	1.8477e+11	-6.17457e+09	2.23298e+11	-2.49519e+11	3.88167e+09	-1.53186e+11	1.89391e+10	2.92283e+10	1.09302e+11	2.45091e+11
2.95e-10	-2.64194e+09	-2.96127e+10	4.17827e+09	-8.0336e+09	1.94577e+09	1.89976e+11	-4.96363e+09	-9.54677e+10	-5.42599e+10	2.7393e+10	-5.36112e+09	3.35747e+11	5.13615e+09	1.7398e+11	-5.45255e+09
3e-10	-1.44043e+10	-2.61126e+10	-6.88864e+10	5.24556e+09	-1.5539e+11	-1.74353e+11	-1.99883e+10	-1.08523e+11	1.01939e+11	-3.72679e+09	-1.54554e+11	1.11955e+11	-2.42729e+10	-2.24454e+10	2.26466e+11
3.05e-10	-4.78392e+09	9.75981e+10	3.09826e+10	-1.52414e+10	-1.92582e+11	-3.17666e+11	-2.79835e+09	1.29025e+11	-4.05759e+10	-1.96537e+10	1.38127e+11	-2.2089e+11	3.40124e+09	4.37208e+11	-1.23878e+11
3.1e-10	7.27611e+08	-1.5443e+11	5.14241e+10	-2.04036e+10	1.37949e+10	-4.75622e+10	-1.80049e+10	-9.54451e+10	1.6057e+10	2.13804e+10	1.63496e+11	-2.29321e+11	-6.29876e+09	5.65606e+10	1.4638e+11
3.15e-10	1.88304e+10	5.00385e+10	2.76321e+11	-1.11725e+10	-4.7785e+10	-4.97593e+10	1.96831e+10	3.6556e+11	1.06617e+11	-3.25872e+09	-1.01253e+11	-2.61604e+11	-3.39731e+10	-2.45719e+11	-1.89044e+11
3.2e-10	-1.49426e+09	-4.2865e+11	1.11473e+11	8.61924e+08	-1.88706e+10	3.56744e+10	-9.70965e+09	1.07669e+11	-9.39691e+10	-1.15599e+10	2.25528e+10	6.1557e+10	-6.05685e+09	3.1806e+09	3.37439e+11
3.25e-10	-4.25693e+09	-6.01019e+10	-6.23932e+10	6.08012e+09	2.08376e+11	5.82665e+09	-1.1475e+10	-8.98076e+10	2.29525e+11	-5.43169e+09	4.59482e+10	1.06527e+11	5.14616e+09	-1.72962e+11	-1.54031e+10
3.3e-10	1.10214e+10	2.61547e+11	2.9388e+09	-5.83937e+09	3.47595e+09	-1.72664e+11	-1.19212e+10	-3.78551e+11	1.68749e+10	-1.07307e+10	-1.91446e+11	1.78885e+11	-8.31542e+09	1.78198e+11	-6.759e+10
3.35e-10	8.03443e+09	-1.7034e+11	-2.04482e+11	6.28565e+09	-2.9261e+10	-8.55726e+10	-2.27555e+10	-2.15328e+10	2.95541e+11	3.04696e+10	4.46371e+11	1.33891e+10	-1.96357e+10	-4.42691e+09	2.37592e+10
3.4e-10	5.09418e+10	3.2889e+11	1.01896e+09	2.28604e+10	-2.03604e+11	7.7631e+10	-6.18926e+09	8.41417e+10	-2.77008e+11	1.38596e+10	-7.79361e+10	1.80729e+11	-1.79667e+10	1.1323e+11	1.36464e+11
3.45e-10	-7.39568e+09	-1.22386e+11	-3.86648e+10	9.12826e+08	-2.18577e+10	6.67429e+10	5.32049e+09	-2.29826e+11	6.11006e+10	-7.15869e+09	-1.82432e+11	-1.58417e+11	1.55539e+10	2.83015e+11	-1.54464e+11
3.5e-10	-3.15015e+10	5.06134e+10	2.74643e+11	1.50815e+09	2.53462e+11	-7.53233e+09	-2.69694e+09	-1.67375e+11	5.74918e+10	-1.87188e+10	7.76536e+10	2.224e+10	9.42717e+08	-1.78083e+11	1.8974e+11
3.55e-10	9.96772e+09	-1.75457e+11	3.21785e+10	-8.32809e+09	-9.62679e+10	2.31721e+11	-3.54824e+09	-1.59411e+10	1.55118e+11	1.69317e+10	1.34105e+11	1.5267e+11	-6.08087e+08	-3.33849e+10	-1.12151e+11
3.6e-10	-4.70236e+09	-6.73576e+10	-2.85933e+11	-6.10062e+09	-2.02321e+11	-2.68293e+11	-1.05054e+10	1.08422e+11	-1.81293e+11	-1.47843e+10	-1.24523e+11	3.42761e+10	1.07433e+10	-4.16372e+10	-9.39656e+10
3.65e-10	5.8851e+08	2.84079e+08	-2.63353e+11	-3.30157e+09	-1.52041e+11	1.2586e+11	8.76399e+09	-4.36766e+10	-6.49493e+10	-1.41175e+10	1.06079e+11	1.65394e+11	-1.25444e+10	-9.17246e+10	9.95713e+10
3.7e-10	-1.92592e+10	-9.42089e+10	-1.25554e+11	1.58784e+10	2.41465e+11	-5.81836e+10	-8.40093e+09	-1.31858e+11	1.67654e+11	-4.42071e+09	1.04092e+11	1.90536e+11	-8.99299e+09	1.01289e+11	1.87754e+11
3.75e-10	7.03848e+09	-3.43785e+10	2.69723e+10	8.11935e+09	-1.90874e+10	1.40179e+11	1.12212e+10	3.17151e+10	-4.36812e+10	1.41492e+10	2.83907e+11	5.83391e+10	-1.15832e+10	-5.70535e+10	-1.36534e+10
3.8e-10	-6.53201e+10	-3.72491e+11	1.23955e+11	-7.086e+09	2.08699e+11	-3.2876e+09	-1.11008e+10	-6.30602e+09	4.21179e+10	-1.02629e+10	-2.42218e+10	4.21153e+10	-7.0532e+09	1.71509e+11	1.14577e+11
3.85e-10	1.93896e+10	1.69381e+11	-1.20906e+11	1.48403e+10	-1.24808e+11	-1.82426e+11	-1.07014e+10	4.58692e+10	3.01343e+10	-1.3623e+10	1.87991e+11	-6.36997e+10	1.41632e+10	-2.61377e+09	-4.07002e+11
3.9e-10	-7.38736e+09	-4.01018e+10	-6.70957e+09	-2.28018e+09	-5.27888e+10	-4.47975e+10	-1.88369e+10	2.73115e+10	3.13514e+11	-2.83299e+09	8.79529e+10	1.21626e+10	-4.26885e+06	1.53534e+10	1.58356e+11
3.95e-10	-2.84355e+10	2.92767e+11	1.02537e+11	-1.95649e+09	-2.00601e+11	2.05003e+11	2.06589e+10	-1.06482e+11	1.31857e+11	-2.03969e+10	-1.25236e+11	-2.30974e+10	-2.00731e+10	-4.74476e+10	1.53602e+11
4e-10	9.88271e+08	-1.60233e+11	1.28846e+11	-4.58512e+09	-1.74068e+11	3.48058e+10	1.68276e+09	-1.89763e+10	1.23433e+11	-9.93921e+08	-2.92793e+10	8.13574e+10	1.89125e+10	1.07103e+11	-1.94142e+11
4.05e-10	1.09818e+10	-8.46548e+10	-1.9431e+11	1.07573e+09	2.29048e+09	1.27371e+11	1.608e+09	6.75794e+10	1.16822e+11	-9.35376e+09	-1.29088e+11	3.52203e+10	1.21006e+10	-9.17549e+10	-1.36952e+11
4.1e-10	-3.10828e+09	-5.42098e+10	-4.22208e+10	6.3783e+09	-4.01761e+09	1.89242e+11	1.77372e+10	1.26338e+11	7.02124e+10	-1.05459e+10	-1.61376e+11	-3.4869e+10	-1.33321e+09	-1.51806e+11	-1.41563e+11
4.15e-10	1.72978e+10	-4.51543e+10	1.87649e+11	2.19708e+10	-3.6585e+10	2.90257e+11	1.12911e+10	8.90759e+10	1.16823e+10	4.28533e+09	-8.11344e+10	-1.92548e+11	-4.57471e+09	-1.81207e+11	-9.46415e+10
4.2e-10	2.46138e+10	-1.43045e+11	4.03059e+11	-2.93402e+09	1.29383e+11	-7.42122e+10	5.47327e+09	1.17652e+11	-1.73284e+11	1.51159e+09	-1.08247e+11	-1.12026e+11	-7.88203e+09	-2.60837e+10	-2.62297e+11
4.25e-10	6.57756e+09	2.68914e+11	7.46351e+10	-1.53626e+10	1.48505e+10	-1.54555e+11	1.31664e+10	-1.42333e+11	-1.07983e+11	-2.55511e+10	-6.76284e+10	7.14357e+10	-2.8982e+10	6.15637e+10	-2.82627e+11
4.3e-10	2.74953e+10	2.06645e+11	3.40712e+11	-1.42232e+10	1.93095e+11	-2.87258e+11	1.62816e+09	-1.00888e+11	-6.15638e+10	-2.51152e+10	2.39302e+11	1.44279e+11	-3.04605e+10	-2.56766e+11	-1.4288e+11
4.35e-10	1.05286e+10	1.74298e+11	-2.48053e+10	6.08617e+09	2.20571e+11	-1.39401e+11	-1.35507e+10	1.01659e+10	2.993e+10	6.66597e+09	-1.6275e+10	1.72934e+11	-9.18625e+09	-1.32708e+11	-2.0423e+11
4.4e-10	-6.37626e+09	-1.16514e+11	-4.07712e+10	6.66258e+09	-1.40212e+11	5.36247e+09	-6.22745e+09	-1.92714e+11	9.77196e+10	3.16004e+10	-2.585e+11	2.2511e+11	-3.09348e+10	-2.0048e+11	-4.73577e+10
4.45e-10	3.36104e+10	2.58668e+10	-2.03887e+11	4.99986e+10	-3.88897e+11	-2.66241e+11	-2.68687e+10	3.35823e+10	-1.34543e+11	2.24395e+10	2.18106e+10	2.98446e+11	-6.1591e+09	8.79601e+09	4.46929e+10
4.5e-10	-2.28526e+10	1.4087e+11	-1.91847e+10	-4.89217e+09	7.15046e+09	-1.17806e+10	3.87656e+09	-5.93807e+10	1.4973e+11	-2.24462e+10	4.89584e+09	-2.0505e+11	-1.26344e+10	-6.03909e+10	3.39758e+10
4.55e-10	-4.25646e+09	-8.06954e+10	-1.40832e+11	1.51628e+10	-1.81846e+11	3.32495e+10	-2.97726e+09	1.99874e+10	-5.67716e+10	1.4499e+10	4.1783e+11	-1.94545e+11	1.61982e+10	-1.14995e+11	-1.9318e+11
4.6e-10	7.08755e+10	-1.33384e+11	3.6802e+11	-1.55447e+09	-1.01657e+10	3.93708e+10	2.43697e+09	3.94414e+10	-2.80489e+10	-6.14933e+09	-1.28294e+11	-1.03548e+11	-6.26364e+09	-1.34927e+10	7.62995e+10
4.65e-10	1.50998e+10	-3.05179e+10	1.27779e+11	3.58204e+10	2.04974e+11	1.40129e+11	3.4437e+09	1.09459e+11	4.28533e+10	-2.17719e+10	5.59728e+10	1.50965e+11	-1.14821e+10	-4.34014e+10	4.73615e+10
4.7e-10	1.02782e+10	-1.41206e+11	1.10616e+11	2.03306e+10	7.83073e+10	5.75421e+10	3.02638e+10	-5.72809e+10	-3.84908e+11	-1.95605e+10	-1.01761e+11	1.0524e+11	-2.91613e+09	-8.46868e+10	-9.26672e+10
4.75e-10	3.42255e+10	1.21662e+11	2.16167e+11	-1.21108e+10	-8.31703e+10	-1.36476e+11	3.93911e+09	-2.04344e+11	-2.13052e+10	2.75395e+10	-5.46052e+11	-8.04215e+10	4.16344e+08	3.61528e+10	-2.00624e+11
4.8e-10	8.80842e+10	4.307e+11	-2.44834e+11	4.16298e+09	3.02615e+11	2.26412e+11	-8.40754e+09	2.09075e+10	-5.99754e+10	8.73839e+09	-1.68968e+11	3.29485e+10	-4.56925e+09	-1.0708e+11	1.33555e+11
4.85e-10	1.15565e+11	4.24005e+11	-2.88534e+11	-1.75406e+09	7.53424e+10	1.43008e+09	3.30467e+10	-3.51224e+11	1.30673e+11	1.26395e+10	-2.63858e+10	5.62489e+10	1.43166e+10	1.7648e+11	-1.59532e+11
4.9e-10	5.61494e+10	1.05053e+11	-1.13791e+11	-3.8193e+09	-6.03665e+10	-7.47701e+10	2.59532e+10	-9.66881e+10	1.43711e+11	8.37889e+08	-1.93272e+11	1.62345e+11	4.3443e+09	8.66574e+10	1.12932e+11
4.95e-10	6.94021e+10	3.91671e+10	-2.4733e+11	3.97856e+10	-2.46173e+11	-6.37449e+10	2.63236e+10	-2.08026e+11	7.32555e+10	3.14404e+10	2.8452e+11	2.82491e+11	1.26108e+10	1.387e+11	-4.23438e+10
5e-10	1.0167e+11	-7.75158e+10	-4.15179e+11	1.07872e+10	1.00935e+10	-9.54752e+10	-1.77826e+10	-3.11167e+09	-3.2924e+10	4.00171e+10	3.30582e+11	1.47756e+11	-1.7032e+10	3.11717e+10	1.03423e+11
5.05e-10	1.0155e+11	-2.69235e+11	-2.15843e+11	5.65222e+10	-3.70294e+11	-2.59017e+10	3.78382e+10	2.80871e+11	1.80816e+11	-1.1297e+10	3.69075e+10	-9.1067e+10	1.79271e+10	-1.42195e+11	-8.48124e+10
5.1e-10	1.01574e+11	-2.61235e+11	2.61831e+11	4.25251e+10	-6.48707e+10	3.11376e+11	3.16615e+10	8.69007e+10	1.71099e+11	-8.43633e+09	-1.39804e+09	-2.16975e+11	9.6791e+09	-1.75267e+11	4.71131e+10
5.15e-10	2.63496e+10	-1.52767e+11	5.8657e+10	9.18969e+10	3.75872e+11	2.58798e+11	7.239e+10	4.47334e+11	-1.03168e+11	4.45922e+09	-7.90177e+10	-9.88193e+10	5.69075e+09	-1.07241e+11	-6.10654e+10
5.2e-10	6.42709e+10	2.05902e+10	2.628e+11	3.37559e+09	-2.98555e+10	8.6298e+10	2.3404e+10	-2.85235e+10	-2.50942e+11	4.67238e+10	5.12325e+10	-3.80887e+11	-5.6733e+09	-9.15876e+10	-1.15186e+11
5.25e-10	5.30691e+10	2.3407e+11	1.6003e+11	9.48074e+09	-1.0438e+10	3.31682e+11	1.35649e+10	1.72934e+11	-1.20398e+11	-2.26198e+10	4.78564e+10	1.91715e+11	8.30168e+08	8.49772e+10	-1.70861e+11
5.3e-10	6.76127e+10	2.53832e+11	-9.50624e+10	4.67755e+10	3.34138e+11	1.97845e+10	1.97738e+10	-2.75966e+11	5.96324e+09	7.37224e+09	-9.98541e+09	3.57795e+09	1.56638e+10	1.96907e+11	-1.17566e+10
5.35e-10	6.45302e+10	8.47745e+10	-2.94971e+11	8.74957e+09	1.04486e+10	-1.97047e+11	4.96628e+09	-8.1657e+10	-9.39994e+10	7.93224e+09	-2.17388e+11	-6.08884e+10	-1.56394e+10	-3.31358e+10	-2.48499e+10
5.4e-10	7.98128e+10	1.07797e+11	-3.06947e+11	6.65174e+10	-1.34943e+11	-2.29932e+11	1.41793e+10	-1.18383e+11	-8.44934e+09	-1.56364e+10	-3.29e+09	-6.6584e+10	2.03657e+10	3.08215e+11	-1.81426e+11
5.45e-10	6.02384e+10	-2.01666e+10	-1.45467e+11	7.658e+10	-1.98758e+11	-3.37705e+11	3.1724e+10	-4.86817e+09	2.36849e+11	9.1566e+09	4.90246e+10	1.68896e+11	-2.06195e+10	5.02935e+10	-1.03552e+11
5.5e-10	1.21368e+11	-2.57563e+11	-1.35421e+11	5.60179e+10	-2.56314e+11	6.83709e+10	5.04897e+10	-1.51751e+11	3.25975e+11	1.35016e+10	1.4603e+11	2.13332e+11	-7.76357e+09	7.44133e+10	-1.62093e+11
5.55e-10	7.54417e+10	-2.13072e+11	-7.78545e+10	7.47343e+10	-1.91842e+11	1.81193e+11	2.8662e+10	6.1974e+10	2.08428e+11	3.96384e+10	3.37163e+11	1.83164e+10	2.96085e+09	6.30891e+10	-2.22666e+11
5.6e-10	1.17935e+11	-1.89589e+11	2.53178e+11	1.05239e+11	-2.22722e+11	3.99671e+11	1.68236e+10	1.18573e+11	4.79899e+10	1.84057e+10	1.34442e+11	-4.4588e+10	2.82494e+09	6.10162e+10	-2.55242e+11
5.65e-10	1.41326e+11	-2.40205e+11	2.68738e+11	9.61909e+10	1.20888e+11	2.92488e+11	1.26354e+10	6.37711e+10	-1.66587e+11	7.09636e+09	1.86384e+11	9.50115e+09	2.83192e+10	-1.53005e+11	-1.60561e+11
5.7e-10	1.51929e+11	3.5363e+10	3.46898e+11	6.94066e+10	1.69859e+11	2.48639e+11	1.92662e+10	2.10269e+11	3.09607e+10	1.81322e+10	2.20974e+10	-1.71323e+11	-5.24746e+09	9.25424e+10	1.54564e+10
5.75e-10	1.21691e+11	1.11102e+11	2.57072e+11	1.0994e+11	4.32766e+11	6.35635e+10	1.06915e+11	5.88824e+10	-4.23471e+11	2.88163e+10	-1.2315e+11	-1.5176e+11	9.16101e+08	-1.22079e+10	8.74424e+09
5.8e-10	1.5738e+11	3.29321e+11	1.98039e+11	9.46653e+10	3.836e+11	4.23641e+10	4.23955e+10	-5.16812e+10	-2.22982e+11	1.5468e+10	-1.68411e+11	-1.1726e+11	4.42539e+09	6.90037e+10	8.42694e+10
5.85e-10	1.38916e+11	2.75094e+11	-2.35862e+11	6.01005e+10	1.23574e+11	-1.71912e+11	2.8748e+10	-1.30862e+11	-2.60946e+10	7.73307e+10	-2.79041e+11	1.98877e+11	-1.86665e+10	6.88152e+10	-8.8634e+08
5.9e-10	1.33457e+11	2.87083e+11	-2.82009e+11	3.15051e+10	-3.75894e+10	-1.23703e+11	6.71382e+10	-2.51687e+11	3.70737e+10	4.78136e+10	-2.283e+11	2.4756e+11	8.70742e+10	4.11725e+11	-1.45957e+11
5.95e-10	1.56135e+11	8.50717e+10	-3.41285e+11	7.45466e+10	-3.69162e+11	3.95282e+09	3.43238e+10	-7.69208e+10	1.97502e+11	1.30027e+10	7.19012e+10	1.07998e+11	3.6909e+10	3.05571e+11	-2.57367e+11
6e-10	2.60491e+11	-4.65283e+11	-3.25586e+11	7.23765e+10	-1.55672e+11	-9.09021e+10	7.62378e+10	2.13668e+10	2.79611e+11	3.48435e+10	1.66623e+11	6.29102e+10	7.96801e+09	7.93659e+10	-2.39807e+11
6.05e-10	2.00231e+11	-3.93788e+11	-6.8842e+10	9.27214e+10	-2.10862e+11	1.40794e+11	6.289e+10	1.57001e+11	2.05418e+11	2.98477e+10	1.96716e+11	-5.09425e+10	-1.33473e+10	-1.82233e+10	3.63769e+09
6.1e-10	2.05417e+11	-3.57147e+11	1.56092e+11	1.79723e+11	-8.29065e+10	4.86661e+11	9.15175e+10	2.36784e+11	2.107e+11	9.36185e+10	3.97695e+11	-1.40336e+11	4.6341e+10	-4.52239e+11	-1.09775e+11
6.15e-10	1.99001e+11	-9.67948e+10	4.09777e+11	1.61886e+11	-1.18112e+10	4.49026e+11	1.03927e+11	3.15331e+11	-2.75633e+11	2.50436e+10	-7.96473e+10	-2.48644e+11	-1.22909e+09	3.74791e+10	2.20418e+11
6.2e-10	3.39957e+11	4.0235e+10	6.13407e+11	1.87969e+11	4.95114e+11	2.74094e+11	1.40652e+11	2.09593e+11	-4.56437e+11	-5.14284e+09	8.10464e+10	-3.86499e+10	5.26638e+10	-4.53269e+11	2.14896e+10
6.25e-10	3.22029e+11	3.48105e+11	4.20568e+11	7.33844e+10	1.71875e+11	1.40044e+11	1.41146e+11	3.79401e+11	-3.91913e+11	6.50732e+10	-2.27246e+11	-1.72158e+11	7.00434e+09	-1.25842e+11	1.03763e+11
6.3e-10	2.15283e+11	2.37189e+11	2.3607e+11	2.40481e+11	5.25657e+11	-1.69639e+11	1.1814e+11	-2.50033e+11	-2.53079e+11	4.23194e+10	-1.67536e+11	-5.14208e+10	-2.84479e+10	1.66114e+11	-6.58157e+10
6.35e-10	3.25431e+11	4.8124e+11	-2.2046e+11	1.62504e+11	3.11474e+11	-1.98246e+11	1.97665e+11	-5.47835e+11	-3.23651e+11	7.45818e+10	-3.23798e+11	2.75612e+11	8.99021e+09	2.11841e+11	-9.72177e+09
6.4e-10	2.22176e+11	3.29563e+11	-1.82088e+11	1.98498e+11	-5.27292e+10	-4.39999e+11	7.78522e+10	-2.4638e+11	-4.27737e+10	1.03534e+11	-1.30508e+10	3.33568e+11	-1.34783e+10	1.5706e+11	-7.87357e+10
6.45e-10	1.24864e+11	1.33447e+11	-2.14459e+11	1.5948e+11	-1.12189e+11	-3.65037e+11	1.24559e+11	-3.73844e+11	5.86853e+10	1.11286e+11	3.29577e+11	2.78222e+11	6.5257e+10	1.59737e+11	-3.64364e+11
6.5e-10	3.16605e+11	-3.12755e+11	-3.93704e+11	1.74099e+11	-4.37944e+11	-1.42793e+11	1.13385e+11	1.48066e+11	5.92337e+11	9.58562e+10	1.21755e+11	4.24552e+11	4.61058e+10	4.45688e+10	-2.82167e+11
6.55e-10	3.46074e+11	-6.39851e+11	-1.59725e+11	2.38728e+11	-5.84469e+11	3.42845e+11	1.04705e+11	3.8231e+11	2.21856e+11	4.35462e+10	1.52437e+11	-1.56081e+11	3.65417e+10	-1.83947e+10	-2.06501e+11
6.6e-10	3.86137e+11	-5.98919e+11	2.72573e+11	1.17688e+11	-6.9744e+10	3.34145e+11	2.35088e+11	5.67891e+11	3.93969e+11	1.10382e+11	4.31889e+11	-1.62061e+11	8.76481e+10	-2.54715e+11	-3.81734e+11
6.65e-10	3.52011e+11	-6.7245e+11	2.67539e+11	2.2344e+11	-8.79052e+10	5.15997e+11	5.64311e+10	1.78253e+11	-3.39805e+10	5.18028e+10	-2.51832e+10	-2.85435e+11	2.19579e+10	-1.00447e+11	-2.9685e+10
6.7e-10	2.50125e+11	-2.84821e+11	3.89547e+11	1.11343e+11	8.939e+10	2.46802e+11	1.56432e+11	5.28583e+11	-1.37925e+11	2.81565e+10	1.17693e+11	-2.35868e+11	6.12057e+10	-3.10101e+11	4.58755e+10
6.75e-10	2.60245e+11	1.36615e+11	4.07396e+11	2.24136e+11	5.37216e+11	2.55516e+11	-2.78811e+10	-7.06524e+09	5.7106e+10	2.80702e+10	-4.49141e+10	-2.15352e+11	4.8759e+10	1.39723e+11	2.08091e+11
6.8e-10	4.23148e+11	5.03605e+11	3.47727e+11	2.3204e+11	5.33764e+11	4.43089e+10	1.08166e+11	-8.05419e+10	-4.30346e+11	-4.37149e+10	1.58175e+11	-9.17031e+10	9.20663e+10	5.43127e+10	3.2951e+11
6.85e-10	3.49058e+11	5.40165e+11	-1.59739e+11	2.06392e+11	1.68097e+11	-4.26175e+11	1.31298e+11	-1.91051e+11	-3.40435e+11	7.00794e+10	-2.60258e+11	2.42899e+11	5.65215e+10	1.50317e+11	3.59363e+11
6.9e-10	3.41102e+11	3.36565e+11	-5.00882e+11	2.93309e+11	1.86007e+11	-6.70266e+11	1.60126e+11	-4.38222e+11	1.62915e+11	9.82455e+10	-5.18022e+11	1.10578e+11	6.22119e+10	3.53146e+11	-8.75329e+10
6.95e-10	3.59989e+11	-1.03796e+10	-5.1866e+11	2.96473e+11	-5.79418e+11	-4.77339e+11	2.07497e+11	-3.70065e+11	4.09904e+11	7.1157e+10	-5.7644e+10	3.81815e+11	2.35783e+10	1.13116e+11	-7.48012e+10
7e-10	3.8724e+11	7.72623e+10	-6.17216e+11	1.45005e+11	-2.70705e+11	-2.69351e+11	1.75527e+11	-6.44228e+10	5.43845e+11	9.21592e+09	1.55142e+10	2.02008e+11	-8.48988e+09	8.93597e+09	6.29449e+10
7.05e-10	2.53332e+11	-3.77059e+11	-2.29792e+11	2.23911e+11	-5.14841e+11	8.64566e+10	1.75974e+11	1.54086e+11	4.91546e+11	1.6078e+10	1.13112e+11	-8.53882e+10	-5.97587e+08	1.2103e+11	-1.08728e+11
7.1e-10	2.10899e+11	-3.47755e+11	7.65592e+10	1.63407e+11	-2.93161e+11	2.1015e+11	7.96379e+10	2.63231e+11	1.21782e+11	7.69884e+10	2.54152e+11	-3.50141e+11	5.69016e+10	-3.38813e+11	1.37722e+11
7.15e-10	4.44228e+11	-4.30687e+11	5.0895e+11	1.61611e+11	-2.04972e+11	3.80427e+11	9.63451e+10	4.01716e+11	-2.31502e+11	6.41019e+10	2.71884e+10	-1.73493e+11	3.13537e+10	-1.90631e+11	-1.05391e+11
7.2e-10	2.80421e+11	-6.60446e+10	4.72278e+11	2.05719e+11	1.90921e+11	3.45822e+11	9.23034e+10	1.86769e+11	-1.31429e+11	8.44308e+10	9.01738e+10	-3.27963e+11	1.50929e+10	-2.29122e+11	1.20991e+11
7.25e-10	4.28291e+11	3.20609e+11	5.06381e+11	1.33714e+11	3.12268e+11	4.44265e+10	8.8323e+10	2.85976e+11	-1.60565e+11	1.64559e+11	-4.43165e+11	-3.73143e+11	3.28128e+10	-2.12973e+11	1.5743e+11
7.3e-10	3.75981e+11	5.38416e+11	1.47976e+11	2.08597e+11	3.78193e+11	-4.79968e+10	1.32906e+11	-3.20985e+11	-2.76847e+11	7.26792e+10	-3.05159e+11	1.03626e+11	1.10608e+10	-4.70039e+10	1.6761e+11
7.35e-10	3.3491e+11	4.95693e+11	2.10939e+11	1.94719e+11	5.71344e+11	7.9734e+10	1.104e+11	-2.64223e+11	-2.03248e+11	1.46822e+11	-4.49447e+11	3.18832e+11	5.49278e+10	2.16004e+11	1.3498e+11
7.4e-10	4.50258e+11	6.24007e+11	-1.49181e+11	1.57105e+11	3.51048e+10	-3.35455e+11	1.48599e+11	-5.53719e+11	8.54376e+10	1.07367e+11	-1.93047e+11	3.82803e+11	3.00864e+10	2.85393e+11	4.68398e+10
7.45e-10	4.03686e+11	5.83959e+10	-5.90195e+11	1.60244e+11	-1.91153e+11	-3.34067e+11	1.9531e+11	-5.69923e+11	1.00362e+11	5.25358e+10	-2.29596e+10	2.49003e+11	3.26766e+10	9.50069e+10	-2.68131e+11
7.5e-10	3.12741e+11	-2.15556e+11	-4.01864e+11	2.95796e+11	-5.04507e+11	-3.08764e+11	1.32159e+11	-5.2569e+11	1.69836e+11	4.18447e+10	-2.44437e+11	3.19505e+11	8.51114e+10	2.29704e+11	-2.46101e+11
7.55e-10	3.33491e+11	-2.09583e+11	-4.66929e+11	2.06885e+11	-4.38689e+11	-2.15477e+11	8.98143e+10	-2.00049e+11	2.56131e+11	-3.09987e+10	-1.355e+11	1.71657e+11	5.34631e+10	6.82954e+10	-3.84339e+11
7.6e-10	3.68041e+11	-4.50341e+11	-8.62241e+10	1.48222e+11	-3.08429e+11	1.96532e+11	1.10257e+11	-9.15224e+10	3.72892e+11	3.11691e+10	1.78435e+11	1.39256e+10	2.02486e+10	-1.92824e+11	1.15781e+10
7.65e-10	4.20236e+11	-5.4843e+11	9.25847e+10	2.75743e+11	-7.95331e+10	5.00659e+11	1.27201e+11	3.67661e+11	-3.8266e+10	1.0307e+11	3.2084e+11	-1.46612e+11	3.80932e+10	-1.69615e+11	-1.2532e+11
7.7e-10	3.86644e+11	-3.87939e+11	3.66963e+11	1.7005e+11	3.98666e+11	3.34839e+11	1.26306e+11	3.17627e+11	-9.26204e+10	3.53126e+10	1.88661e+10	-1.68291e+11	6.22101e+10	-2.09275e+11	3.48174e+10
7.75e-10	3.38711e+11	-1.05306e+11	3.72603e+11	1.15329e+11	1.04739e+11	2.41517e+11	1.9316e+11	1.8216e+11	-4.6015e+11	5.06491e+10	-1.94461e+11	-1.02876e+11	2.43882e+10	-2.10007e+11	4.92966e+10
7.8e-10	4.78412e+11	4.20348e+11	5.09233e+11	3.17978e+11	5.62184e+11	1.68977e+11	1.80053e+11	4.14092e+10	-3.97229e+11	2.27604e+11	-7.19539e+11	9.50545e+10	2.55674e+10	-9.81792e+10	1.81051e+11
7.85e-10	4.8661e+11	4.8693e+11	2.20956e+11	1.53732e+11	3.19864e+11	-8.7947e+10	2.38539e+11	-2.69263e+11	-3.6804e+11	1.07103e+11	-3.03466e+11	-6.04787e+10	5.4328e+10	-7.52677e+10	3.68394e+11
7.9e-10	5.15945e+11	5.9643e+11	-2.97295e+11	2.46938e+11	8.40083e+10	-4.41178e+11	1.96952e+11	-3.24221e+11	-2.42978e+11	1.10573e+11	-9.59913e+10	3.03558e+11	3.69042e+09	4.1466e+10	-1.28215e+10
7.95e-10	4.36099e+11	5.47265e+11	-2.32804e+11	2.53675e+11	5.02013e+10	-5.96469e+11	2.87412e+11	-5.02722e+11	3.74679e+10	1.48618e+11	-4.13598e+11	3.45253e+11	3.62877e+10	2.99561e+11	1.60713e+11
8e-10	5.53351e+11	3.19946e+11	-5.01193e+11	1.41602e+11	-1.42955e+11	-2.32243e+11	1.04337e+11	-2.7552e+11	-2.19966e+10	2.15304e+11	-2.37647e+11	5.81997e+11	6.55566e+10	2.40168e+11	-4.57432e+11
8.05e-10	5.0211e+11	-2.6918e+11	-5.84516e+11	2.80471e+11	-2.90495e+11	-4.38619e+11	1.35559e+11	-1.99173e+11	2.88444e+11	1.29397e+11	2.17482e+11	4.3496e+11	1.55001e+10	6.77807e+09	-5.6725e+10
8.1e-10	4.04156e+11	-5.74785e+11	-9.54214e+10	2.23335e+11	-4.3891e+11	-7.0525e+10	1.41609e+11	1.4262e+11	2.60124e+11	1.12182e+11	3.57514e+11	-5.19982e+10	7.45263e+10	2.84492e+10	-3.84947e+11
8.15e-10	6.2051e+11	-8.23835e+11	1.73002e+11	2.98435e+11	-4.52852e+11	3.17331e+11	1.63776e+11	2.76994e+11	2.82021e+11	1.07896e+11	3.52607e+11	-4.99968e+10	7.29439e+10	-1.65288e+11	-2.51361e+11
8.2e-10	3.41664e+11	-2.77548e+11	4.45902e+11	2.35985e+11	-1.57852e+11	4.0048e+11	1.27291e+11	3.54002e+11	-1.33918e+10	2.07694e+10	1.6906e+11	-1.33699e+10	2.04226e+10	-1.32942e+11	4.8491e+10
8.25e-10	4.97584e+11	-1.93142e+11	6.73998e+11	2.8644e+11	2.54212e+11	4.03322e+11	1.7323e+11	4.15644e+11	-1.62129e+11	5.86848e+10	9.52813e+10	-1.5227e+11	3.89106e+10	-2.72214e+11	2.86464e+09
8.3e-10	5.90186e+11	2.37732e+11	6.2448e+11	2.6229e+11	3.1316e+11	3.3932e+11	9.26873e+10	3.45027e+11	-5.21704e+10	1.01642e+11	-1.29742e+10	-3.63997e+11	6.02338e+10	-1.56318e+11	2.13268e+11
8.35e-10	6.14532e+11	5.09735e+11	6.11648e+11	2.32805e+11	3.92235e+11	-1.7326e+11	1.4188e+11	7.56736e+10	-2.98227e+11	5.19676e+10	-1.2443e+11	-1.99294e+11	9.50867e+10	-2.43756e+10	4.19066e+11
8.4e-10	4.69483e+11	5.71561e+11	4.98954e+10	2.84549e+11	4.53027e+11	-3.32525e+11	1.93579e+11	-2.33649e+11	-2.86688e+11	6.97854e+10	-1.8887e+11	1.31132e+11	3.2438e+10	1.55918e+11	1.42039e+11
8.45e-10	6.13929e+11	6.75069e+11	-1.93607e+11	2.88688e+11	4.7885e+11	-3.6412e+11	2.18383e+11	-5.2021e+11	-5.86904e+10	6.81248e+10	-2.40259e+11	1.21535e+11	6.94969e+10	2.50567e+11	2.91023e+11
8.5e-10	3.62967e+11	1.99293e+11	-3.48459e+11	2.22009e+11	-1.43725e+11	-3.85068e+11	1.40656e+11	-2.67699e+11	2.57152e+11	9.61346e+10	-1.41375e+11	3.35708e+11	3.35134e+10	1.29565e+11	2.52655e+11
8.55e-10	3.77788e+11	8.89739e+10	-4.15577e+11	1.85016e+11	-1.62054e+11	-2.65243e+11	2.3882e+11	-3.15909e+11	3.16734e+11	1.22744e+11	5.31035e+11	4.95046e+10	6.16698e+10	5.82997e+09	-2.88459e+11
8.6e-10	6.50559e+11	-2.23778e+11	-6.94437e+11	3.08229e+11	-5.90218e+11	-1.37033e+11	2.4571e+11	-1.59772e+10	6.11898e+11	2.06156e+11	4.63697e+11	2.55694e+11	4.14625e+10	1.22541e+11	-1.91439e+11
8.65e-10	4.87128e+11	-5.5846e+11	-2.38969e+11	3.53596e+11	-6.10123e+11	1.22831e+11	2.05926e+11	2.74514e+11	4.16739e+11	1.65214e+11	5.51068e+11	7.2084e+10	6.42494e+10	1.0044e+10	-2.79999e+11
8.7e-10	4.50484e+11	-6.04764e+11	6.77953e+10	2.27333e+11	-1.53821e+11	4.52845e+11	1.31535e+11	2.19188e+11	2.52699e+11	1.65655e+11	5.92908e+11	-5.56571e+08	9.23656e+10	-4.815e+11	3.74758e+10
8.75e-10	4.94501e+11	-4.25802e+11	5.206e+11	2.20042e+11	-3.34983e+10	4.54679e+11	1.42011e+11	3.42108e+11	-1.68352e+10	4.43198e+10	3.76207e+10	-1.18806e+11	3.56311e+10	-1.65565e+11	2.01567e+11
8.8e-10	4.35157e+11	-1.17219e+11	4.67531e+11	2.50013e+11	2.62683e+11	4.56459e+11	2.77808e+11	6.45762e+11	-2.13488e+11	-2.30105e+08	6.46838e+10	-5.1605e+10	1.34861e+11	-3.76227e+11	1.72752e+11
8.85e-10	3.15119e+11	1.08273e+11	4.62442e+11	1.41792e+11	2.29477e+11	1.89284e+11	1.33655e+11	5.33821e+11	-1.09136e+11	5.11488e+10	-1.6401e+11	-7.27051e+10	6.0639e+10	-1.00936e+10	3.36895e+11
8.9e-10	4.26386e+11	3.8319e+11	3.65208e+11	2.81107e+11	4.76027e+11	5.69496e+10	2.13025e+11	-8.63925e+10	-4.85685e+11	4.39619e+10	-1.79308e+11	-2.02485e+11	6.69537e+10	1.87812e+11	3.23536e+11
8.95e-10	4.72137e+11	5.24464e+11	7.53896e+10	4.03689e+11	4.24884e+11	-5.21745e+11	2.44676e+11	-4.05746e+11	-3.8545e+11	1.2344e+11	-3.33448e+11	2.02098e+11	7.16024e+10	1.90552e+11	1.9042e+11
9e-10	4.05005e+11	4.89032e+11	-2.17042e+11	2.82674e+11	5.45573e+10	-5.81097e+11	2.28351e+11	-4.69269e+11	-1.71448e+10	-2.13449e+10	1.46325e+09	-4.16316e+10	5.6936e+10	2.31652e+11	1.77824e+11
9.05e-10	3.55597e+11	2.97132e+11	-3.37783e+11	2.5706e+11	-1.09622e+11	-4.87024e+11	2.01267e+11	-5.46016e+11	-1.27769e+11	6.4824e+10	2.22132e+11	2.42533e+11	2.36682e+10	5.61162e+10	-1.38973e+11
9.1e-10	4.28052e+11	-1.98604e+11	-4.71495e+11	2.44436e+11	-3.88832e+11	-3.27625e+11	1.0842e+11	-4.00505e+10	3.33124e+11	1.65134e+11	4.97026e+10	5.89744e+11	4.40819e+10	1.06957e+11	-9.69208e+10
9.15e-10	4.09174e+11	-2.1846e+11	-4.99231e+11	2.13134e+11	-3.60523e+11	-7.10874e+10	2.04367e+11	1.68175e+11	4.80202e+11	8.12152e+10	5.0864e+11	-1.86877e+11	3.80361e+10	4.54631e+10	-1.94495e+11
9.2e-10	2.87151e+11	-3.31751e+11	-2.98255e+11	4.33748e+11	-7.81901e+11	3.18709e+11	1.86697e+11	6.06843e+10	5.65642e+11	1.3587e+11	2.45411e+11	-5.11781e+11	9.94885e+10	-2.89709e+11	-3.71507e+11
9.25e-10	5.12395e+11	-5.42241e+11	2.67887e+11	2.24536e+11	-3.44118e+11	3.44983e+11	1.61462e+11	3.45892e+11	1.90911e+11	1.32363e+11	4.69379e+11	-3.26698e+11	1.48278e+11	-4.95277e+11	1.94741e+09
9.3e-10	5.04765e+11	-5.42562e+11	4.98473e+11	3.2308e+11	-5.16688e+10	5.51097e+11	1.34315e+11	3.11945e+11	-1.64682e+11	1.30324e+11	1.70755e+11	-3.25292e+11	1.00243e+11	-2.5844e+11	4.06277e+11
9.35e-10	5.61666e+11	-2.65582e+11	6.60157e+11	2.95527e+11	4.05755e+11	4.79965e+11	2.99239e+11	3.68729e+11	-4.06208e+11	1.04258e+11	-2.12932e+11	-2.19279e+11	4.98552e+10	3.16958e+10	2.86341e+11
9.4e-10	2.29092e+11	2.02192e+11	2.96579e+11	2.31087e+11	4.42944e+11	8.47877e+10	1.33148e+11	-1.72353e+11	-4.74182e+11	1.27263e+11	-3.2548e+11	-2.70142e+11	7.9377e+10	-2.4094e+11	4.38902e+11
9.45e-10	5.37183e+11	2.7761e+11	5.92902e+11	2.22688e+11	5.39491e+11	-3.45026e+10	1.84362e+11	-1.14019e+11	-4.05052e+11	7.71498e+10	-1.76004e+11	1.02926e+11	8.43837e+10	-9.28129e+09	3.31826e+11
9.5e-10	3.18996e+11	4.6541e+11	-6.02689e+10	2.23293e+11	3.2125e+11	-3.49067e+11	2.70088e+11	-5.0732e+11	-1.08105e+11	1.27218e+11	-2.02546e+11	4.53985e+11	1.05125e+11	2.04157e+11	4.21801e+11
9.55e-10	4.65881e+11	4.5344e+11	-4.92997e+11	1.7776e+11	6.47135e+10	-5.04476e+11	1.27001e+11	-3.05245e+11	3.84967e+09	8.35771e+10	-7.92928e+10	2.67658e+11	2.51653e+10	1.67959e+11	-2.22479e+11
9.6e-10	3.56778e+11	3.27395e+11	-4.4249e+11	1.98008e+11	2.07091e+10	-4.71189e+11	2.19793e+11	-5.22274e+11	3.43028e+11	1.57559e+11	-2.35613e+10	5.686e+11	6.95085e+10	2.5085e+11	-1.61493e+11
9.65e-10	4.81685e+11	-1.90273e+11	-6.43173e+11	2.06894e+11	-3.42572e+11	-3.29748e+11	1.48811e+11	-1.67923e+11	4.24818e+11	5.94256e+10	4.10447e+10	2.37657e+11	7.71314e+10	8.49918e+10	-2.77e+11
9.7e-10	3.97971e+11	-3.38563e+11	-5.26803e+11	2.14534e+11	-4.73315e+11	-4.90957e+10	9.86033e+10	1.77969e+11	2.84335e+11	7.48456e+10	2.63382e+11	-1.99971e+11	7.14661e+10	-1.41277e+11	-3.19781e+11
9.75e-10	2.63822e+11	-4.5268e+11	9.70904e+10	1.22062e+11	-1.1963e+11	2.93246e+11	4.98344e+10	2.97433e+11	-1.13591e+11	3.17156e+10	3.64152e+10	-2.91688e+11	4.63573e+10	-2.03584e+11	-2.45216e+11
9.8e-10	3.20831e+11	-3.28425e+11	3.94649e+11	3.09017e+11	-3.1923e+10	5.93274e+11	8.69097e+10	2.55422e+11	2.19149e+10	1.46702e+10	1.73065e+11	4.82912e+10	8.63191e+10	-5.29225e+11	8.5731e+10
9.85e-10	4.52188e+11	-2.83185e+11	4.76166e+11	1.39018e+11	2.34196e+11	3.0972e+11	1.93018e+11	3.48687e+11	-2.54258e+11	6.51778e+10	2.05512e+11	-3.07716e+11	9.39182e+10	-2.87629e+11	1.64202e+11
9.9e-10	6.23437e+11	1.10999e+11	7.99734e+11	1.37652e+11	1.06915e+11	3.10568e+11	1.52789e+11	3.51981e+11	-2.52237e+11	1.1673e+10	3.55996e+10	-1.75275e+11	3.90328e+10	-6.11187e+10	2.64598e+11
9.95e-10	5.30227e+11	3.40731e+11	4.86127e+11	3.66062e+11	6.90142e+11	2.84942e+10	3.02659e+10	5.48454e+10	-1.13069e+11	1.43556e+11	-4.11008e+11	-1.73196e+11	1.35414e+11	8.99511e+10	5.92705e+11
1e-09	4.2457e+11	5.45653e+11	1.21304e+11	2.07832e+11	5.10208e+11	-4.71198e+10	1.58027e+11	-1.13288e+11	-3.33004e+11	5.549e+10	-3.20314e+11	3.1266e+10	5.99924e+10	9.76425e+10	2.83955e+11
