Sun Oct 20 13:10:15 2024

<base> : Rectangle : 0m, 0m, 0m; 2um, 50nm, 5nm. Cells : 400, 10, 1. Cellsize : 5nm, 5nm, 5nm
<supermesh> : Rectangle : 0m, 0m, 0m; 2um, 50nm, 5nm. Cells : 400, 10, 1. Cellsize : 5nm, 5nm, 5nm

Saved data (dataname (unit) <meshname> (cells_rectangle)) : 

time (s)	<mxdmdt2> (1/s) <base> (300nm, 0m, 0m; 310nm, 50nm, 5nm)			<mxdmdt2> (1/s) <base> (700nm, 0m, 0m; 710nm, 50nm, 5nm)			<mxdmdt2> (1/s) <base> (1um, 0m, 0m; 1.01um, 50nm, 5nm)			<mxdmdt2> (1/s) <base> (1.3um, 0m, 0m; 1.31um, 50nm, 5nm)			<mxdmdt2> (1/s) <base> (1.7um, 0m, 0m; 1.71um, 50nm, 5nm)			

0	-141820	182724	-426354	11896.9	1.73871e+06	-32230.9	-28852.9	-547721	580439	207720	-3.06537e+06	-301316	42586.6	-1.19425e+06	-2.77363e+06
5e-12	2.19681e+10	-1.18363e+11	-1.88678e+11	1.84531e+09	-8.38187e+09	3.54335e+10	1.64607e+10	2.81949e+10	2.38341e+09	-1.48277e+10	4.62605e+11	-2.22203e+10	4.40904e+10	-1.23657e+11	1.74596e+11
1e-11	-3.4317e+09	7.75025e+10	1.69507e+11	4.11971e+09	-2.56721e+11	3.79695e+10	1.2039e+09	-1.55562e+10	1.27705e+11	-4.65744e+08	7.03942e+09	1.80914e+11	3.61281e+10	-4.75203e+10	2.81273e+11
1.5e-11	-6.7481e+09	1.16457e+11	3.74163e+10	1.0964e+10	2.07462e+11	4.5537e+08	-2.31347e+09	-2.01545e+11	-1.73775e+11	2.71637e+09	1.49842e+11	-1.41938e+11	4.03129e+10	1.77166e+11	3.07439e+11
2e-11	-7.56796e+09	5.11796e+10	1.31692e+11	1.99868e+10	4.8053e+10	3.42074e+10	1.07305e+10	-1.28558e+11	1.4973e+11	-2.05464e+10	-1.84199e+11	1.06716e+10	2.61772e+10	7.74814e+10	3.3193e+11
2.5e-11	8.94193e+09	-1.11399e+11	-5.03318e+10	7.68648e+09	2.6339e+11	-7.80258e+10	9.23021e+09	-7.78751e+09	3.55553e+11	-1.03362e+10	2.12351e+10	1.78033e+11	8.76052e+09	-4.76537e+10	6.83952e+10
3e-11	2.46132e+10	-3.54341e+11	8.70388e+10	2.01311e+10	1.17985e+11	1.03267e+11	-8.4852e+09	-8.62378e+10	-5.65812e+10	4.28881e+09	-4.07187e+10	-1.13248e+11	-9.78799e+09	8.39769e+10	1.09259e+11
3.5e-11	6.18736e+10	-8.69064e+10	4.53428e+11	9.83818e+09	5.277e+10	-7.93478e+10	8.64564e+09	2.60308e+11	1.00631e+11	1.06652e+10	4.90509e+10	-2.63946e+11	2.72471e+10	-2.55514e+11	9.75737e+09
4e-11	-6.92467e+09	-1.79991e+11	-3.12448e+10	2.79884e+10	6.08176e+10	-8.37544e+10	1.08339e+10	3.37468e+11	-1.62875e+11	6.21645e+09	8.30604e+10	1.54662e+11	6.83807e+09	-1.81467e+11	2.13149e+11
4.5e-11	5.11432e+09	6.69791e+10	-3.21388e+10	2.97675e+10	-1.71073e+10	-9.36746e+10	5.15452e+09	7.4923e+10	-1.94333e+10	6.10195e+09	9.48603e+10	5.46077e+10	-1.33331e+10	-5.28512e+09	2.45131e+11
5e-11	1.95678e+10	1.08584e+11	-5.70566e+10	1.50332e+10	-3.14894e+10	6.94066e+10	-2.35417e+09	-4.26121e+10	1.11557e+11	2.98779e+09	1.41534e+09	7.43854e+09	-1.09657e+10	-7.31044e+10	1.83089e+11
5.5e-11	1.68925e+10	-7.54635e+09	2.10483e+10	8.96753e+09	-1.57159e+11	1.28669e+11	-8.69849e+08	8.85747e+10	1.24751e+11	2.03449e+10	2.68102e+11	-9.94385e+10	7.40088e+09	-1.20125e+11	-3.43653e+11
6e-11	1.21002e+10	6.0246e+10	5.27383e+10	8.68816e+09	6.26623e+10	3.44021e+09	1.98484e+10	1.23172e+11	8.42466e+10	-4.37718e+09	1.3241e+11	1.97224e+10	1.30658e+10	-1.95622e+10	-3.67083e+10
6.5e-11	1.3999e+10	2.50322e+09	-1.59021e+11	1.13758e+10	-6.72156e+10	-3.63511e+10	1.1523e+10	9.44387e+10	-1.01357e+11	3.31552e+10	-3.96928e+11	1.61456e+11	2.88147e+09	1.60319e+11	3.27686e+10
7e-11	9.69536e+09	1.90859e+11	2.0639e+10	6.69985e+09	-1.38368e+11	7.85435e+10	1.41109e+10	-2.21096e+11	4.0198e+09	-5.23916e+09	-4.20047e+10	-3.16242e+11	9.42939e+09	2.19551e+09	2.46253e+11
7.5e-11	1.64692e+10	5.81496e+10	1.59154e+11	1.94178e+10	3.71334e+11	-1.25071e+11	6.93977e+09	-2.43009e+11	-4.05657e+10	1.3245e+10	-5.2024e+10	-7.47793e+10	3.47032e+09	-2.80071e+10	-1.19e+11
8e-11	-7.84616e+09	-1.72957e+11	1.54337e+11	1.33158e+10	1.77269e+11	-7.87974e+10	-1.41247e+10	-1.82123e+10	-2.04963e+11	-3.59884e+09	4.95209e+11	-1.18795e+11	3.47881e+09	-1.21717e+11	5.33087e+10
8.5e-11	2.50772e+10	-2.89666e+11	-8.80396e+10	-8.08625e+09	1.43433e+10	7.947e+10	1.03488e+10	-2.71761e+11	-1.89296e+11	1.68231e+10	-6.97719e+10	2.79852e+11	2.0759e+10	-4.38605e+10	-3.13115e+11
9e-11	1.222e+10	4.18543e+10	-5.2296e+10	-7.6637e+09	-1.50499e+11	-3.2459e+11	4.4237e+09	-1.25857e+11	4.02944e+11	4.95415e+09	9.97795e+10	-1.36152e+11	6.73426e+09	-1.28752e+11	-1.06073e+11
9.5e-11	1.49827e+10	-4.97842e+10	1.96633e+11	4.04084e+09	-6.83649e+10	1.14639e+11	-1.25346e+10	8.09251e+10	-1.64918e+11	6.03865e+09	-7.60993e+10	-3.38112e+11	8.59033e+09	-1.1181e+10	3.26369e+10
1e-10	7.91398e+09	3.53544e+10	9.48269e+10	1.13304e+10	8.79589e+09	6.31524e+10	6.13872e+08	2.61081e+11	1.95499e+11	-7.19112e+09	-4.25032e+10	1.99189e+10	2.00433e+10	1.01796e+10	8.22643e+10
1.05e-10	3.53531e+10	-1.70968e+11	5.51823e+08	-1.2562e+10	3.97968e+11	9.11526e+10	1.0309e+09	1.58416e+11	2.19995e+11	-7.00312e+08	-5.68409e+10	-1.97924e+11	1.70088e+10	-9.96811e+10	2.07488e+11
1.1e-10	1.80569e+10	-1.56341e+11	1.48207e+11	1.2794e+10	1.03269e+11	-2.36079e+10	1.21933e+10	-8.63719e+10	-2.06298e+10	1.80195e+10	1.82418e+11	-6.87021e+10	-8.56523e+09	-1.73869e+11	-2.87077e+11
1.15e-10	1.89761e+10	-9.12454e+10	-3.65528e+10	5.65236e+09	3.29319e+11	1.58378e+10	-4.30276e+09	-3.00062e+10	-1.19295e+10	9.77289e+09	-7.7055e+10	-4.19413e+09	2.16063e+10	2.50901e+11	2.51519e+11
1.2e-10	8.04838e+09	5.92823e+10	-1.84112e+11	1.36799e+10	8.13875e+10	2.34742e+11	2.14188e+10	1.51946e+11	8.98417e+10	-2.24378e+10	-1.80885e+09	1.7375e+11	1.62505e+10	-3.82566e+10	1.13404e+11
1.25e-10	3.22669e+10	4.5992e+11	1.72138e+11	7.50678e+09	-1.35542e+11	1.10238e+11	4.65383e+09	-3.14072e+10	-3.6078e+10	2.3588e+10	-3.8493e+10	-1.64035e+11	3.57515e+08	-2.06911e+11	-2.32451e+11
1.3e-10	3.00668e+09	-5.28367e+10	-1.57204e+11	4.481e+09	-2.75275e+11	7.80695e+10	3.0672e+10	-4.40193e+10	-2.36434e+10	1.14595e+10	1.71236e+10	-5.00515e+10	1.49348e+10	6.0242e+10	2.65826e+10
1.35e-10	4.93644e+09	1.16726e+11	2.58302e+10	1.53184e+10	5.63682e+09	2.25195e+10	3.44774e+09	9.80276e+09	7.8168e+10	-1.98189e+09	-1.50288e+11	-1.30453e+10	1.6726e+10	5.22738e+10	8.3542e+10
1.4e-10	3.79279e+10	-1.85366e+10	-1.9535e+11	1.19355e+10	5.9366e+09	-1.23998e+11	-1.01403e+10	9.05103e+10	8.08116e+10	3.61444e+10	2.58181e+11	-2.56004e+10	3.61582e+09	7.30843e+10	6.81343e+10
1.45e-10	4.87156e+09	-1.9497e+11	4.89662e+10	1.82305e+10	-1.18531e+11	1.00022e+11	6.35668e+09	1.01504e+11	-8.47943e+10	2.1863e+09	1.72025e+11	-1.69845e+11	1.20866e+09	3.05269e+10	2.05844e+11
1.5e-10	2.9403e+10	-2.40319e+11	6.63279e+10	3.94509e+10	1.34293e+10	-5.75869e+10	-1.92166e+10	1.38137e+11	3.73864e+11	5.01422e+09	-4.46587e+10	1.86262e+09	-8.2244e+09	3.9646e+10	-9.4812e+10
1.55e-10	1.35776e+10	6.48955e+10	-1.28645e+11	1.14502e+09	9.69386e+10	2.16033e+11	5.35129e+09	-1.78762e+11	9.97356e+10	-9.68192e+09	2.38076e+11	-2.82479e+10	9.07393e+09	2.78785e+10	1.96697e+11
1.6e-10	1.6611e+10	8.87352e+10	-9.30227e+10	2.50612e+10	8.46595e+10	-1.69618e+10	1.6062e+10	8.81244e+10	1.9666e+10	5.65181e+09	1.60971e+11	1.37792e+11	-9.93336e+09	-1.52792e+11	1.63084e+11
1.65e-10	1.92064e+10	-3.22483e+10	1.18866e+11	1.24431e+10	7.43955e+08	2.50318e+11	5.3082e+09	-3.76338e+11	-4.05327e+08	-6.16516e+09	-1.60201e+11	2.92698e+11	-7.7057e+09	2.27008e+10	5.13539e+10
1.7e-10	1.80968e+10	4.48012e+10	2.0608e+11	1.16612e+10	2.02947e+11	4.15713e+10	2.06644e+10	-2.70377e+11	1.86681e+11	1.56932e+10	1.37241e+11	1.08412e+11	-2.99268e+09	-1.31915e+11	1.10902e+11
1.75e-10	5.57396e+09	1.06424e+08	-1.33725e+11	-3.80292e+08	5.9192e+09	-3.33876e+11	-6.11284e+09	-1.07108e+11	-6.18828e+10	2.02494e+10	-5.60578e+09	-1.35123e+11	3.79779e+09	-1.17202e+11	-1.00042e+10
1.8e-10	-3.81818e+09	-1.7124e+10	-2.07071e+11	1.22487e+10	-2.0844e+11	-1.69189e+11	1.96939e+09	-1.31044e+11	9.50347e+08	1.62487e+09	7.87228e+10	-4.47701e+10	-8.33366e+09	-4.89423e+10	5.98636e+10
1.85e-10	1.16412e+10	1.02991e+11	-2.00276e+11	-1.09662e+10	1.47853e+10	-6.94847e+10	1.75155e+10	9.52739e+10	-5.48373e+10	-5.4085e+09	-6.01841e+10	5.82137e+08	6.22676e+09	-3.58802e+10	-6.10141e+09
1.9e-10	1.91446e+10	-1.35405e+11	-7.54076e+10	1.47229e+09	-2.41114e+10	3.12219e+11	9.45248e+09	3.11591e+11	-3.34917e+10	-1.15401e+10	1.27595e+11	5.78554e+10	-7.01729e+09	2.29176e+11	2.11122e+11
1.95e-10	3.14305e+10	-9.03138e+10	7.60105e+10	-6.03402e+09	-3.14342e+10	-6.9265e+10	-6.21213e+09	2.59939e+11	2.03439e+11	2.88763e+09	-3.42426e+09	1.55293e+11	4.76911e+09	4.01021e+10	-1.67112e+11
2e-10	1.87347e+10	-2.52838e+11	5.90502e+10	1.04348e+10	7.92944e+10	3.70947e+09	5.99947e+09	7.92253e+09	-1.52148e+11	1.55669e+10	-8.80359e+10	6.71859e+10	2.05889e+09	4.34645e+10	-2.27144e+11
2.05e-10	-2.34385e+10	-3.35028e+10	-1.14545e+11	1.55046e+10	1.3277e+11	1.94546e+11	7.80067e+09	-6.6855e+10	2.42856e+10	-1.58047e+10	8.34862e+10	-7.72593e+10	3.20632e+09	1.05906e+11	-4.3606e+08
2.1e-10	9.61776e+09	2.15802e+11	-9.3269e+10	8.18153e+09	1.39868e+11	2.61881e+10	1.34345e+10	-1.1091e+11	6.90337e+10	-1.36616e+09	6.02512e+10	-3.39407e+11	1.70311e+10	-4.36897e+10	-4.29916e+06
2.15e-10	1.46829e+10	2.43238e+11	-9.09769e+10	3.89732e+09	5.12087e+10	-1.1171e+11	3.98567e+09	-1.73311e+10	-1.25277e+10	4.00341e+09	1.33146e+11	-1.92703e+10	-1.59748e+09	-2.01938e+11	-1.61654e+10
2.2e-10	3.62184e+10	2.47537e+11	-9.96101e+10	1.39169e+10	4.3772e+09	1.18445e+11	1.23258e+10	1.33741e+11	-9.63232e+09	5.11213e+09	1.43641e+11	-3.75587e+10	1.30643e+10	6.45957e+10	-2.36982e+10
2.25e-10	2.92462e+10	1.75283e+11	1.40135e+11	1.55607e+10	-2.33149e+10	9.22659e+10	9.17545e+09	2.20556e+11	-8.36658e+10	1.31235e+10	-2.533e+11	-1.70355e+11	2.84441e+10	1.5975e+11	2.1184e+11
2.3e-10	4.19633e+09	1.36478e+11	2.08841e+11	3.46108e+09	-5.62122e+10	2.64183e+09	6.80354e+08	-6.09449e+10	-1.06504e+11	1.22524e+10	-9.66351e+09	-1.25421e+11	1.19053e+10	4.16027e+10	1.53814e+11
2.35e-10	1.34251e+10	1.23718e+11	-8.08938e+10	6.41365e+09	-6.15321e+10	1.97544e+11	1.20822e+10	1.71373e+11	7.7959e+09	9.73314e+09	2.50043e+11	1.24986e+11	6.94357e+09	-1.34755e+10	-1.75474e+11
2.4e-10	9.12542e+09	2.11921e+11	9.7606e+10	1.84692e+09	8.59479e+10	-6.19234e+10	7.79211e+09	1.03872e+11	-5.67891e+10	3.00374e+09	1.34583e+10	1.77843e+11	3.53005e+09	-1.36993e+11	-9.41373e+10
2.45e-10	-3.41504e+10	3.27191e+11	7.66541e+10	5.77036e+08	1.0676e+11	3.90097e+10	2.82118e+10	1.49973e+11	9.63451e+10	3.52232e+08	-2.34776e+11	-1.24739e+11	7.33979e+08	-1.37273e+11	6.49943e+10
2.5e-10	1.89643e+10	-2.51084e+10	-1.1929e+11	1.03177e+10	4.75045e+10	1.65011e+11	2.80387e+10	2.3836e+11	-8.28388e+10	-6.09722e+09	1.8805e+11	2.90882e+11	1.4626e+10	-1.29958e+10	-1.82686e+10
2.55e-10	1.1899e+10	-5.797e+10	1.82692e+10	1.1631e+10	2.91425e+10	7.30816e+09	-4.78333e+09	1.37852e+11	2.64142e+10	7.75788e+09	1.13299e+11	1.46284e+11	7.42365e+09	2.48821e+11	5.17905e+10
2.6e-10	-1.12493e+10	1.50061e+11	1.46015e+11	2.23884e+10	9.05573e+10	-4.38063e+11	2.67736e+10	-2.92024e+11	-1.42937e+11	-2.07976e+09	-2.87493e+10	7.9932e+09	2.96891e+09	-7.08286e+10	-4.18315e+11
2.65e-10	2.19583e+09	-1.07018e+11	-1.57731e+10	-5.17112e+09	-1.35195e+11	1.76377e+11	2.71111e+10	-1.46755e+11	-2.15301e+11	-2.47329e+09	9.7492e+10	7.27937e+10	2.55968e+10	2.73255e+10	-1.23202e+11
2.7e-10	3.6645e+10	2.48503e+11	5.75912e+10	1.60477e+10	-7.50583e+10	-8.86503e+10	-3.12526e+09	-4.83959e+10	-7.64005e+10	-1.98556e+09	3.58628e+10	3.31826e+11	2.04084e+10	8.29212e+10	-3.42217e+11
2.75e-10	2.94389e+10	1.56293e+11	1.10045e+11	1.101e+10	-3.70527e+08	-2.21249e+11	5.60075e+09	2.06869e+10	-2.44615e+10	7.94942e+07	1.93996e+11	-3.16322e+10	4.50433e+08	6.09128e+10	-1.48085e+11
2.8e-10	4.08239e+10	4.04518e+11	3.04232e+10	4.48554e+09	2.16358e+11	-6.29957e+10	-1.19181e+10	-1.78833e+11	-1.66944e+10	-2.27999e+08	1.37605e+11	5.16974e+10	4.62517e+10	-9.90931e+09	3.60701e+11
2.85e-10	1.36831e+10	8.03206e+10	-6.77272e+10	9.78015e+09	-2.11447e+11	-2.37809e+11	2.862e+10	1.90553e+10	3.30556e+11	-3.11682e+09	5.64829e+10	9.9393e+10	2.24672e+10	2.8303e+09	3.90376e+11
2.9e-10	2.4987e+10	2.13414e+11	-4.51941e+10	1.79437e+10	-1.404e+11	-3.85563e+09	9.11025e+09	-1.32063e+11	-1.14791e+11	2.73398e+10	-2.26702e+11	-1.25714e+11	5.0189e+09	-9.14547e+10	-1.9007e+11
2.95e-10	2.67654e+10	-4.95307e+10	-8.47364e+10	-1.38275e+10	1.59923e+10	-1.17668e+10	3.36818e+10	2.67701e+11	-3.17161e+11	-2.01572e+10	3.13907e+11	-2.53319e+11	-1.21375e+10	-2.40589e+11	8.87402e+10
3e-10	9.253e+09	-3.01231e+11	-7.68419e+09	1.87206e+10	1.19029e+11	1.23645e+11	-6.04041e+09	1.46899e+11	-3.92854e+09	4.96371e+09	4.43432e+10	1.42755e+11	5.85718e+09	-1.6678e+11	-1.33435e+11
3.05e-10	3.49866e+10	-1.1972e+11	-3.20788e+11	1.37217e+10	-6.61533e+10	1.01265e+09	3.94042e+09	-1.25703e+10	1.18057e+11	7.94549e+09	-4.9209e+10	1.10755e+11	6.36406e+09	9.11925e+10	4.14868e+10
3.1e-10	1.94978e+10	-2.56573e+11	-9.49819e+10	-2.6708e+10	-1.17687e+11	-2.75476e+11	2.51546e+09	5.70985e+10	-1.31992e+11	3.64929e+09	-1.15119e+11	-1.35073e+11	2.07179e+10	9.3897e+10	-3.8165e+11
3.15e-10	1.86634e+10	-1.24535e+11	9.83825e+10	1.17478e+09	-2.19688e+11	4.8042e+10	-3.62158e+09	-2.02257e+11	1.84226e+11	-5.62595e+09	1.80267e+09	-1.38609e+11	1.1455e+10	-1.12713e+10	-8.06415e+10
3.2e-10	-3.75823e+09	-1.13357e+11	-1.09373e+11	3.28558e+10	1.68586e+11	-1.29619e+11	1.89116e+10	6.66826e+10	-1.1665e+11	8.0047e+09	5.05283e+10	4.33953e+11	1.15782e+10	-2.58764e+11	5.27464e+10
3.25e-10	1.71664e+10	-9.70133e+09	1.33768e+11	9.14949e+09	-8.49555e+10	1.53085e+11	5.77701e+09	-5.62298e+10	-4.89146e+10	9.12603e+09	1.2925e+11	1.10175e+11	2.041e+10	-2.82553e+11	1.07867e+11
3.3e-10	4.46341e+10	6.9555e+10	-1.9535e+11	1.3454e+09	-3.34971e+10	3.17934e+10	9.57211e+09	-1.75996e+11	1.53659e+10	6.43556e+09	-5.91191e+10	8.90236e+09	1.40833e+10	-4.86332e+10	8.0567e+10
3.35e-10	-8.13244e+07	-1.89208e+11	-7.04875e+10	1.22674e+10	-1.28361e+11	2.20297e+11	-3.24134e+08	-4.53311e+09	-5.91531e+10	3.58055e+10	2.27127e+11	1.41559e+11	1.23374e+10	-2.75238e+11	6.34111e+10
3.4e-10	1.9616e+10	-3.16763e+10	-6.47233e+10	3.24233e+10	-1.27179e+11	2.36969e+11	2.40241e+10	1.09091e+11	6.16798e+10	2.65306e+10	7.22811e+10	-2.14952e+11	-6.51883e+09	-6.65214e+10	4.74427e+11
3.45e-10	1.86042e+10	2.00021e+10	-3.83626e+10	8.94196e+08	-1.15118e+11	-7.17449e+10	5.41036e+10	5.45933e+11	2.02335e+11	3.01407e+10	-7.12004e+10	-2.53689e+11	7.90166e+09	4.71594e+10	-7.18843e+10
3.5e-10	2.05939e+10	-1.98146e+11	-1.40593e+10	1.10856e+10	1.41482e+11	1.01569e+11	7.95295e+09	7.34607e+10	5.41553e+10	-4.8295e+08	7.538e+09	-9.3414e+10	2.82535e+09	2.04083e+10	1.31883e+11
3.55e-10	2.98074e+10	-2.55976e+11	1.44257e+11	1.22008e+10	-7.92102e+10	-1.57267e+10	2.20368e+10	-1.83023e+11	1.63054e+11	2.33356e+10	3.77104e+10	9.62512e+10	1.35117e+09	1.95579e+11	1.4097e+11
3.6e-10	-4.53008e+09	-2.28417e+11	-2.12658e+11	7.61498e+09	-1.65428e+11	1.5039e+11	8.10203e+09	-6.24476e+10	1.33788e+11	6.30125e+09	-2.46398e+11	-3.88706e+10	-3.35149e+10	-1.01217e+11	4.38593e+11
3.65e-10	3.9857e+10	2.94379e+11	1.54789e+11	4.91344e+09	3.98025e+10	-2.61668e+10	-7.22853e+08	1.56608e+11	-1.17735e+11	1.00137e+10	1.50187e+11	1.24308e+11	-1.99268e+10	-2.187e+11	4.90996e+10
3.7e-10	8.56578e+10	2.38866e+11	1.62331e+11	2.95771e+10	1.98454e+11	-1.84469e+11	9.09676e+09	8.50048e+10	3.30478e+11	1.94657e+10	8.15251e+10	-1.83273e+10	-1.76014e+10	-9.51259e+10	4.20306e+10
3.75e-10	8.03071e+10	2.61792e+11	6.73994e+10	4.11909e+10	-1.96203e+11	-2.24786e+11	8.6732e+09	-6.73565e+10	8.51883e+08	-1.03939e+09	-5.84313e+09	-8.0032e+10	-3.01534e+08	2.6915e+10	1.45497e+11
3.8e-10	9.65729e+10	3.85969e+11	-1.03556e+11	2.63384e+10	-8.33569e+10	2.42491e+09	4.54452e+09	4.48104e+10	-4.99628e+10	-5.00011e+09	3.47247e+10	4.99648e+10	2.02212e+10	-7.59123e+10	1.4109e+11
3.85e-10	7.90762e+10	-1.02462e+11	-2.18346e+11	3.07636e+10	-2.3034e+11	-4.1694e+11	1.60772e+10	1.95754e+11	-4.76112e+09	8.87561e+09	7.84875e+09	-4.40224e+10	4.23712e+09	2.52247e+10	-1.44734e+11
3.9e-10	1.19638e+11	-1.42788e+11	-3.82509e+11	3.49134e+10	-1.85514e+11	2.2157e+11	2.47627e+10	1.59268e+11	-1.70187e+11	1.86334e+10	-2.70198e+11	-3.72267e+11	1.85597e+09	2.82159e+11	-7.58957e+10
3.95e-10	4.06258e+10	-1.33379e+11	6.13108e+10	1.1486e+10	-1.17873e+11	5.12501e+10	3.35536e+10	4.11631e+11	-1.23061e+11	7.48528e+09	-8.39784e+10	7.82234e+09	4.66339e+09	1.45715e+11	-2.88847e+10
4e-10	8.88853e+10	-3.11356e+11	-4.83524e+10	5.52006e+10	1.66376e+11	1.25579e+11	1.42835e+10	-9.4545e+09	-7.24767e+10	1.85511e+10	-1.23868e+11	1.58338e+11	-7.74876e+09	-1.41097e+11	1.24515e+11
4.05e-10	1.09152e+11	-4.78453e+10	3.28162e+11	3.74847e+10	1.44454e+11	-1.43531e+11	2.37917e+10	-2.1877e+11	2.74358e+10	4.02011e+09	1.85107e+11	7.94682e+10	2.42953e+09	6.37698e+10	2.24355e+11
4.1e-10	2.33957e+11	-6.91848e+09	5.2152e+11	4.31261e+10	2.66848e+11	-1.14222e+11	3.31597e+09	1.03093e+11	-9.22284e+10	-1.84307e+10	-4.308e+11	4.2509e+10	-7.5618e+09	-5.72469e+10	-1.3228e+11
4.15e-10	1.51973e+11	4.35434e+11	2.39836e+11	1.91326e+10	3.1224e+11	-2.16464e+11	2.63905e+10	-1.43667e+11	1.84642e+11	7.0042e+09	-5.37807e+10	2.95031e+10	-1.25906e+09	-5.38609e+10	8.69514e+10
4.2e-10	9.58814e+10	2.38671e+11	4.84923e+10	1.90574e+10	2.18106e+11	-1.26326e+11	6.22321e+09	-2.70159e+10	4.86061e+10	1.04826e+10	5.0247e+10	2.38377e+11	-1.05589e+09	2.87771e+11	-1.39117e+11
4.25e-10	2.22282e+11	4.56776e+11	-3.05846e+11	5.92046e+10	-3.09178e+11	-1.45719e+11	1.91661e+10	3.23053e+11	1.38618e+11	5.6822e+08	-3.10218e+10	-6.33952e+10	1.70623e+10	-3.07997e+10	-1.59565e+11
4.3e-10	1.96879e+11	1.32626e+11	-4.65739e+11	4.94553e+10	-2.36193e+11	3.4818e+10	6.07773e+09	-2.89251e+10	-2.08508e+10	9.88957e+09	-6.27958e+10	-4.55458e+10	8.0997e+09	2.0499e+11	1.69452e+11
4.35e-10	2.27624e+11	-2.03234e+11	-4.10017e+11	2.22987e+10	-2.53537e+10	7.00194e+10	5.99666e+10	3.73224e+11	2.68579e+10	1.2718e+10	-2.86738e+11	-3.70895e+10	1.45147e+10	4.14853e+10	6.54015e+10
4.4e-10	2.53778e+11	-4.00113e+11	-2.94127e+11	7.86007e+10	-1.1667e+11	3.05173e+11	-3.59761e+09	-1.86334e+10	3.29073e+10	3.31367e+10	-2.47404e+11	1.91619e+11	1.53502e+10	6.94619e+09	1.53361e+11
4.45e-10	2.00565e+11	-4.01806e+11	1.48109e+10	1.38853e+11	2.51689e+11	3.80918e+11	2.19735e+10	-1.8107e+11	-1.53683e+11	-6.94253e+09	9.97499e+10	-8.52981e+10	-1.57347e+10	-2.44879e+11	1.73905e+11
4.5e-10	2.02347e+11	-3.52693e+11	2.00007e+11	8.87112e+10	2.93148e+11	1.35263e+11	6.94124e+10	-8.70864e+10	-4.03545e+11	1.44165e+10	-1.46697e+10	1.54534e+11	1.02957e+10	2.00403e+11	-1.2127e+11
4.55e-10	1.32508e+11	-1.50082e+10	3.89093e+11	4.7256e+10	8.83699e+10	-2.42162e+11	1.93104e+10	-5.16681e+10	-9.81748e+10	3.15163e+10	-4.49686e+10	3.51825e+11	7.63257e+09	-1.36354e+10	-6.4564e+10
4.6e-10	2.58538e+11	2.05845e+10	5.57252e+11	4.75419e+10	8.00198e+10	-1.51889e+11	4.39044e+10	-2.93786e+11	5.77846e+09	-1.22835e+10	-4.52922e+10	-8.28709e+10	2.61243e+10	-1.71102e+11	-3.75472e+10
4.65e-10	2.5272e+11	5.35522e+11	2.74563e+11	1.25735e+11	2.4612e+11	-3.8205e+11	6.44542e+10	-4.48809e+11	2.06953e+11	5.79165e+09	4.56653e+10	-7.76489e+10	2.80671e+10	-2.33229e+11	-1.2063e+11
4.7e-10	2.53369e+11	5.35957e+11	1.55084e+11	9.50031e+10	-1.68175e+11	-1.7145e+11	7.36954e+10	-1.74292e+11	2.84596e+11	6.85905e+09	-3.02156e+10	-4.22863e+10	2.08428e+10	-9.79018e+10	3.63368e+11
4.75e-10	1.86663e+11	1.71132e+11	-3.85683e+11	7.13178e+10	-2.69553e+11	1.41228e+10	3.06949e+10	1.83385e+09	9.67663e+10	1.1022e+10	-1.60592e+11	-8.45523e+10	1.22233e+10	1.25051e+10	-5.20009e+08
4.8e-10	1.91294e+11	1.93139e+11	-4.74984e+11	2.0602e+10	-1.8494e+11	-9.75249e+10	-3.38024e+09	6.26852e+07	-2.72978e+10	2.60469e+10	1.87549e+10	-7.98613e+10	1.75306e+10	-2.3205e+10	1.25156e+11
4.85e-10	2.89904e+11	-5.47551e+11	-4.17648e+11	1.05587e+11	-1.85106e+11	3.57105e+11	5.53052e+10	1.73707e+11	-5.76942e+10	3.6018e+10	-1.29851e+11	-1.31425e+11	7.48135e+09	-7.4184e+10	1.99852e+11
4.9e-10	4.06841e+11	-5.86404e+11	-3.22184e+11	1.28312e+11	9.46504e+10	4.09823e+11	8.84271e+10	3.35155e+11	-1.61278e+11	4.14074e+09	-1.56855e+11	1.31005e+11	-6.15695e+09	-9.73332e+10	-6.88358e+09
4.95e-10	3.26076e+11	-5.21605e+11	2.86121e+11	1.19545e+11	2.82948e+11	2.44285e+11	2.4168e+10	-2.1897e+10	-2.51511e+11	4.61848e+10	-5.54422e+10	2.68301e+11	5.80664e+09	6.82725e+10	3.53932e+10
5e-10	2.62782e+11	-3.58379e+11	3.22699e+11	5.06675e+10	1.31075e+11	8.52229e+10	1.05334e+10	-8.38732e+10	-5.72215e+10	1.64756e+10	-1.59215e+11	7.12737e+10	5.37994e+09	1.48026e+10	-7.1288e+10
5.05e-10	1.70544e+11	4.07472e+10	3.08191e+11	8.01685e+10	1.29753e+11	-2.70498e+11	3.69037e+10	-1.80395e+11	7.10706e+10	2.03377e+10	9.19264e+10	1.25936e+11	7.06416e+09	-3.82186e+10	1.22239e+10
5.1e-10	2.88964e+11	1.24403e+11	4.29859e+11	6.82419e+10	2.02402e+11	-1.6547e+11	7.25158e+10	-3.59845e+11	-1.72178e+11	1.21727e+09	8.92801e+10	3.17076e+10	-8.35914e+09	1.51903e+11	-2.26238e+10
5.15e-10	2.49106e+11	3.327e+11	2.25182e+11	2.23462e+10	-2.99036e+11	-1.52633e+10	1.01731e+11	-1.94404e+11	4.22748e+11	4.23912e+10	2.69346e+11	1.13143e+11	1.4879e+09	-2.58259e+11	1.14176e+11
5.2e-10	3.07004e+11	6.03144e+11	-2.44634e+11	1.54628e+11	-4.91305e+11	-2.12839e+11	7.9109e+10	-1.39061e+11	2.78147e+11	1.59001e+10	2.21855e+11	1.53804e+11	1.17694e+10	-2.32972e+11	-1.22103e+11
5.25e-10	2.45569e+11	3.11882e+11	-2.60253e+11	1.13213e+11	-3.41827e+11	-1.19821e+11	6.68094e+10	8.66059e+10	2.37019e+11	4.07079e+10	1.07602e+11	-2.74979e+11	-4.50386e+09	9.42673e+09	-8.38949e+10
5.3e-10	3.07201e+11	1.24097e+11	-4.00429e+11	2.29867e+11	-4.59333e+11	1.67511e+11	3.26926e+10	3.72358e+11	-2.34756e+11	3.07525e+10	3.59334e+10	-3.24394e+11	4.12655e+10	-7.63121e+10	2.56138e+11
5.35e-10	3.21673e+11	-4.17812e+10	-4.28611e+11	1.74061e+11	-2.77291e+11	4.30139e+11	1.18744e+11	5.293e+11	1.21478e+11	5.31156e+10	-3.55181e+11	-1.60778e+11	2.33744e+10	5.62801e+10	1.34615e+11
5.4e-10	3.02057e+11	-2.80086e+11	-2.53182e+11	1.51602e+11	-1.43499e+11	4.15061e+11	6.87887e+10	1.70149e+11	-4.55366e+10	-2.02287e+10	3.39965e+10	7.45604e+10	8.35422e+09	-1.67691e+11	1.17245e+11
5.45e-10	4.21558e+11	-6.43029e+11	-1.62946e+11	1.92084e+11	2.98654e+11	4.50482e+11	3.96096e+10	-4.55033e+09	-1.77591e+11	4.80766e+10	-1.9898e+11	-6.48373e+10	3.98608e+10	1.70003e+10	-2.23294e+11
5.5e-10	4.0661e+11	-5.08552e+11	3.91413e+11	9.47891e+10	1.92283e+11	8.42834e+10	4.73271e+10	-1.27986e+11	-2.04578e+11	1.07504e+09	2.37027e+09	-2.36996e+10	-5.78194e+09	-7.98942e+10	4.18218e+10
5.55e-10	2.65391e+11	-7.2899e+11	1.37235e+11	4.78875e+10	1.96669e+11	1.65027e+11	6.93193e+10	-3.05275e+11	-4.75866e+10	2.99296e+09	1.16668e+11	-7.50561e+10	4.28069e+10	2.02233e+10	-3.827e+11
5.6e-10	3.99515e+11	-1.60103e+11	5.60391e+11	1.96944e+11	2.38444e+11	-4.20817e+11	4.65225e+10	-1.81533e+11	1.06261e+11	5.27188e+10	3.81086e+11	3.36997e+11	6.18181e+10	-8.86329e+10	-4.74519e+11
5.65e-10	4.49604e+11	4.53705e+11	4.30041e+11	1.39116e+11	-3.22086e+11	-3.82292e+11	4.64271e+10	-2.60495e+11	3.32658e+10	6.78967e+10	3.02009e+11	1.02188e+11	5.02638e+10	-3.16837e+11	4.48802e+09
5.7e-10	4.02316e+11	4.86609e+11	2.78023e+11	1.85123e+11	-2.36189e+11	-3.67499e+11	8.13633e+10	-2.27336e+11	1.80152e+11	3.88714e+10	2.70935e+11	8.27076e+10	4.27969e+10	-2.39997e+11	-2.84884e+10
5.75e-10	4.71701e+11	5.20129e+11	-2.95321e+11	1.16493e+11	-2.70704e+11	-2.56586e+11	1.15527e+11	1.48854e+11	4.87004e+11	1.04652e+11	3.43588e+11	-3.5309e+11	5.01257e+09	3.94046e+10	-3.44258e+10
5.8e-10	4.83132e+11	4.11629e+11	-5.86156e+11	2.21821e+11	-5.44188e+11	1.64932e+11	1.82885e+11	3.11333e+11	4.91713e+11	3.08385e+10	-1.53314e+11	-1.46008e+11	2.70176e+10	-1.97877e+10	1.60638e+11
5.85e-10	3.93078e+11	-1.19271e+11	-5.708e+11	2.0996e+11	-2.77532e+11	3.27773e+11	1.75521e+11	5.60301e+11	1.17756e+11	6.46356e+09	1.05081e+11	-1.47251e+11	4.38767e+10	1.21436e+11	2.71007e+11
5.9e-10	6.10058e+11	-6.2217e+11	-5.74869e+11	1.44928e+11	-9.94804e+10	2.82621e+11	2.49738e+10	2.47341e+10	-1.0001e+11	4.14013e+10	-1.22335e+11	-4.12158e+10	3.45046e+10	1.84577e+11	3.62325e+10
5.95e-10	4.33911e+11	-5.25418e+11	-7.1467e+10	7.12718e+10	-6.25054e+10	2.1603e+11	7.98861e+10	3.66675e+11	-3.04864e+10	8.65467e+10	-3.72006e+11	-1.92915e+11	2.88859e+10	9.3507e+10	-1.39473e+10
6e-10	4.27489e+11	-5.91557e+11	-5.40219e+10	2.26939e+11	3.89335e+11	4.52469e+11	5.96121e+10	1.10277e+11	-1.97599e+11	6.86436e+10	-2.34256e+11	1.95727e+11	5.84654e+10	2.09391e+11	-1.13192e+11
6.05e-10	4.64017e+11	-3.19315e+11	4.29931e+11	8.73301e+10	2.51542e+11	6.31736e+10	2.0429e+10	-6.90124e+10	-3.75111e+10	4.06167e+10	-2.83477e+10	2.64564e+11	2.38724e+10	2.1737e+11	-6.27536e+09
6.1e-10	4.86193e+11	-1.9512e+11	6.10226e+11	2.48598e+11	4.24909e+11	-3.84463e+11	7.47918e+10	-1.6488e+11	-2.70343e+11	3.72265e+10	1.68784e+11	1.02972e+11	6.21133e+09	-9.04271e+10	2.63693e+10
6.15e-10	3.91942e+11	1.5557e+11	4.134e+11	1.55987e+11	-2.72032e+10	-3.63006e+11	7.71981e+10	-4.02225e+11	-1.85739e+11	6.06012e+10	1.88293e+11	2.32724e+11	5.35998e+09	3.32539e+10	-3.88395e+10
6.2e-10	5.81929e+11	4.5196e+11	6.20629e+11	1.9901e+11	-1.25949e+11	-3.53336e+11	8.93141e+10	-1.88874e+11	1.84791e+11	4.48252e+10	1.29558e+11	-2.79203e+11	4.89399e+09	-1.29634e+10	-2.08518e+10
6.25e-10	6.27664e+11	7.61972e+11	-2.90078e+10	2.32295e+11	-3.22316e+11	-3.45549e+11	1.11564e+11	2.31965e+11	3.25689e+11	1.20051e+11	2.35673e+11	-2.9569e+11	8.18531e+10	-4.96801e+11	1.63903e+11
6.3e-10	5.27095e+11	3.80479e+11	-4.30496e+11	2.05815e+11	-4.1396e+11	9.98825e+10	1.24993e+11	4.71662e+10	4.06942e+11	8.45855e+10	1.91062e+11	-2.49e+11	1.69013e+10	-9.97722e+10	6.94811e+10
6.35e-10	2.87775e+11	-3.68171e+09	-4.02587e+11	2.84543e+11	-6.32613e+11	2.66188e+11	1.31469e+11	3.64059e+11	1.46969e+11	7.5079e+10	3.02335e+10	-4.74322e+11	3.75383e+10	1.22791e+11	1.63569e+11
6.4e-10	3.35481e+11	-2.2757e+10	-5.19709e+11	2.12816e+11	-9.34716e+10	5.49546e+11	-5.32533e+10	-1.39397e+11	6.58834e+10	8.09501e+10	-2.61893e+11	9.26808e+10	7.34814e+10	1.79377e+11	3.42828e+11
6.45e-10	3.37765e+11	-3.86944e+11	-4.42852e+11	2.09214e+11	3.75361e+10	4.7411e+11	8.5815e+10	1.96647e+11	-2.39323e+11	9.13712e+10	-2.28858e+11	-2.59284e+11	2.81846e+10	2.45855e+10	2.4295e+11
6.5e-10	3.79027e+11	-4.66884e+11	6.06715e+10	1.98659e+11	4.52463e+11	3.43924e+11	1.73714e+11	1.27155e+11	-5.54641e+11	1.10462e+11	-3.34446e+11	4.63624e+11	5.28615e+10	1.42969e+11	-1.83441e+11
6.55e-10	6.93927e+11	-6.63307e+11	5.74639e+11	1.79676e+11	3.96155e+11	6.04266e+10	1.30129e+11	7.1149e+10	-3.838e+11	4.48769e+10	-1.93878e+11	5.38781e+10	-4.45008e+10	-2.40426e+11	5.34709e+10
6.6e-10	6.78718e+11	-1.41743e+11	7.8243e+11	2.39233e+11	5.38651e+11	-4.80881e+11	9.22031e+10	-2.35323e+11	-2.23891e+11	1.33904e+11	1.94561e+11	3.97676e+11	1.91172e+10	-1.26896e+11	-5.46795e+10
6.65e-10	5.60146e+11	2.80984e+11	6.5812e+11	1.77201e+11	4.58378e+11	-2.23794e+11	1.55358e+11	-5.34856e+11	7.85423e+10	9.76622e+10	1.70681e+11	3.58796e+11	4.11624e+10	-8.76441e+10	-3.81418e+10
6.7e-10	4.45547e+11	3.38926e+11	4.42173e+11	2.12065e+11	1.92679e+11	-4.29431e+11	1.35755e+11	-3.47272e+11	4.62314e+11	5.63876e+10	1.79847e+11	1.27442e+11	3.19431e+10	-1.53495e+11	-3.48998e+10
6.75e-10	3.53092e+11	4.05064e+11	6.31103e+10	1.24168e+11	-2.91268e+11	-2.50718e+11	5.99243e+10	1.00781e+10	2.43523e+11	4.28842e+10	2.2736e+11	-3.9041e+09	4.88466e+10	-2.2786e+11	7.80412e+10
6.8e-10	3.31095e+11	4.39802e+11	-1.02683e+11	2.16623e+11	-3.62339e+11	-1.47928e+11	3.51145e+10	1.20049e+11	4.21273e+10	6.48708e+10	2.2613e+11	-2.66105e+11	3.44005e+10	-1.9769e+11	-4.3553e+10
6.85e-10	5.72687e+11	1.98672e+11	-5.69833e+11	2.15674e+11	-3.82582e+11	8.70636e+10	1.01794e+11	2.74988e+11	2.39398e+11	7.29008e+10	5.38971e+10	-4.14896e+11	9.71883e+09	5.75412e+10	1.41784e+11
6.9e-10	3.15969e+11	-4.64695e+10	-3.97436e+11	2.08336e+11	-1.4139e+11	4.87265e+11	7.8425e+10	2.10406e+11	9.02748e+10	4.4941e+10	-1.50987e+11	-1.5165e+11	7.29194e+10	1.12134e+11	3.96142e+11
6.95e-10	6.67704e+11	-4.19698e+11	-6.20186e+11	3.01868e+11	1.07198e+11	7.32195e+11	6.71103e+10	1.90693e+11	-4.98526e+10	1.39723e+11	-5.22656e+11	6.13647e+10	1.9794e+10	7.47038e+10	2.6695e+11
7e-10	5.26198e+11	-7.16522e+11	1.23798e+10	8.30105e+10	-1.87203e+10	1.9482e+11	1.60556e+11	1.32922e+11	-5.74028e+11	1.34241e+11	-2.94187e+11	-9.50269e+10	3.90443e+10	1.72581e+11	2.17182e+09
7.05e-10	4.33061e+11	-5.59614e+11	-1.55535e+11	2.48973e+11	4.52535e+11	2.49898e+11	8.00724e+10	1.25392e+11	-2.95179e+11	2.01574e+10	1.8966e+10	8.2243e+10	6.80139e+10	3.35203e+11	-1.12524e+11
7.1e-10	4.60543e+11	-1.49996e+11	5.0915e+11	2.69808e+11	6.45844e+11	8.27551e+10	2.03677e+11	-5.1202e+11	-3.33943e+11	1.38224e+11	-3.56634e+11	5.85929e+11	9.14293e+07	-7.81812e+10	-5.71277e+10
7.15e-10	5.78205e+11	-8.86113e+10	6.67568e+11	2.06065e+11	2.8627e+11	-3.00104e+11	6.22664e+10	-1.46544e+11	-1.32802e+11	6.88306e+10	1.30337e+11	2.20358e+11	2.97667e+10	-9.69286e+09	-1.52511e+11
7.2e-10	4.1626e+11	3.15059e+11	4.03611e+11	2.05764e+11	1.43666e+11	-4.02085e+11	5.69059e+10	-2.35926e+11	-2.22895e+11	1.5344e+10	2.46084e+11	-3.13999e+11	8.81071e+10	-4.15798e+11	-1.51393e+11
7.25e-10	4.34144e+11	5.71922e+11	1.68113e+11	3.31625e+11	-2.0553e+11	-6.87518e+11	9.40582e+10	-2.44303e+11	1.78881e+11	7.43876e+10	2.90051e+11	-6.29266e+10	4.7729e+09	7.79221e+10	1.43446e+11
7.3e-10	4.88209e+11	5.64666e+11	-1.36732e+11	1.83272e+11	-5.66433e+11	6.06753e+10	7.06092e+10	5.62705e+10	2.03278e+11	6.81787e+10	4.05941e+11	5.61572e+10	2.76092e+10	-2.80984e+11	-8.93271e+10
7.35e-10	4.92606e+11	3.44151e+11	-5.27578e+11	3.50088e+11	-7.8388e+11	1.06878e+10	1.41321e+11	3.33617e+11	3.34233e+11	4.30053e+10	-2.46616e+11	-2.2618e+11	2.81329e+10	-1.61844e+11	1.25782e+11
7.4e-10	4.09156e+11	2.81838e+11	-4.56864e+11	1.38602e+11	-2.53397e+11	1.09787e+11	6.33964e+10	1.4458e+11	1.65683e+11	2.82779e+10	5.1482e+10	-8.18772e+10	3.14397e+10	2.72115e+10	8.10869e+10
7.45e-10	6.07519e+11	-2.64291e+11	-7.62646e+11	2.69604e+11	-1.34091e+11	5.40372e+11	9.59655e+10	3.5355e+11	-1.69631e+11	8.85184e+10	-3.44427e+11	-1.19222e+11	3.97197e+10	1.44088e+11	2.6455e+11
7.5e-10	5.77345e+11	-5.63069e+11	-2.03988e+11	1.63486e+11	1.19363e+11	2.99043e+11	1.4438e+11	9.04991e+10	-4.52245e+11	1.44756e+11	-6.53503e+11	-1.0538e+11	1.94056e+10	3.25496e+10	-2.48985e+11
7.55e-10	4.45165e+11	-4.48993e+11	2.70249e+11	3.20023e+11	4.87221e+11	2.75961e+11	7.60031e+10	-1.10178e+11	-2.42989e+11	1.17988e+11	-3.75614e+11	2.34971e+11	4.89637e+10	4.14807e+11	-4.11632e+10
7.6e-10	2.92127e+11	-1.68337e+11	3.36505e+11	2.77234e+11	6.18024e+11	9.26366e+10	1.07813e+11	-3.63125e+11	-2.07011e+11	1.12561e+11	-2.13387e+11	3.31381e+11	1.01336e+11	1.64755e+11	-4.09164e+11
7.65e-10	4.85658e+11	-1.97247e+11	5.91963e+11	5.42345e+10	-8.47468e+10	-2.60377e+11	8.83471e+10	-3.73286e+11	-2.61743e+10	6.16747e+10	7.29522e+09	2.28502e+11	4.97263e+10	-2.43437e+11	-2.58281e+11
7.7e-10	4.45955e+11	2.05508e+11	4.89495e+11	2.13067e+11	1.80944e+11	-3.79473e+11	4.68043e+10	-1.89962e+11	-1.41491e+11	8.30971e+10	1.94755e+11	2.05923e+11	3.45966e+10	-1.50314e+11	7.00493e+10
7.75e-10	6.37316e+11	7.18256e+11	1.51009e+11	2.77422e+11	-2.04104e+11	-4.91157e+11	1.11826e+11	-2.81458e+11	2.34824e+11	1.46964e+11	4.36691e+11	-1.59244e+10	5.28132e+10	-1.97e+11	-2.35567e+10
7.8e-10	4.45707e+11	5.43217e+11	7.8149e+09	2.92501e+11	-3.7278e+11	-3.93115e+11	1.22925e+11	1.37618e+11	4.79619e+11	5.23371e+09	1.30249e+11	1.2312e+11	-5.91058e+09	5.46713e+10	9.23784e+09
7.85e-10	2.66032e+11	2.56081e+11	-2.61016e+11	3.11816e+11	-4.53056e+11	-4.57246e+10	1.09896e+11	1.07016e+11	3.58022e+11	7.70381e+10	1.33809e+11	-2.34052e+11	2.23448e+10	-1.26868e+11	9.10432e+10
7.9e-10	3.1513e+11	2.73689e+11	-3.84133e+11	2.24655e+11	-3.18283e+11	2.80561e+11	1.43895e+11	3.05857e+11	2.39356e+11	8.7345e+10	-1.18822e+10	-4.09352e+11	4.07194e+10	7.84065e+09	2.13594e+11
7.95e-10	3.15408e+11	-1.86047e+11	-4.00042e+11	2.17549e+11	-1.40427e+11	4.26744e+11	1.1738e+11	2.94023e+11	3.29011e+10	4.20806e+10	-1.32062e+11	-6.93622e+10	5.01513e+10	2.38967e+11	1.80565e+11
8e-10	4.65526e+11	-4.52365e+11	-2.83457e+11	1.38879e+11	4.83871e+10	3.56275e+11	4.02239e+10	2.56771e+10	-1.797e+11	9.13118e+10	-3.63554e+11	6.77927e+10	4.21913e+09	5.82524e+09	-2.32997e+10
8.05e-10	4.58569e+11	-5.31059e+11	-3.49766e+11	1.23248e+11	1.13621e+11	2.50089e+11	1.71224e+11	1.77106e+11	-5.41655e+11	2.34972e+10	-2.31112e+10	1.5216e+11	3.75832e+10	9.97483e+10	-1.85689e+11
8.1e-10	3.65662e+11	-3.62261e+11	4.53541e+11	3.71532e+11	7.27525e+11	-7.81205e+09	4.0158e+10	5.90523e+10	-1.5337e+11	1.31104e+11	-1.95062e+11	3.10115e+11	-2.40642e+10	-9.82217e+10	1.53335e+11
8.15e-10	2.70666e+11	1.13953e+11	4.16566e+11	1.76906e+11	3.39388e+11	-2.8326e+11	1.12267e+11	-4.54756e+11	-3.59405e+10	3.28133e+10	1.07241e+11	7.3102e+10	9.08642e+10	2.02996e+11	-4.1256e+11
8.2e-10	5.14549e+11	2.01812e+11	6.06488e+11	1.45801e+11	-6.88396e+10	-4.16254e+11	6.03817e+10	-2.57587e+11	2.23529e+10	7.54361e+10	1.36626e+11	3.12852e+11	5.43416e+10	-7.53269e+10	-5.96066e+11
8.25e-10	6.14552e+11	4.62235e+11	6.30325e+11	1.87818e+11	1.08037e+11	-5.71286e+11	1.72953e+11	-4.36231e+11	3.63105e+11	8.91923e+10	3.53423e+11	1.25115e+11	1.12325e+10	-1.00556e+11	7.30301e+10
8.3e-10	3.14016e+11	4.50056e+11	3.17934e+10	2.00327e+11	-6.69411e+10	-4.64043e+11	1.69954e+10	1.07402e+11	7.8869e+10	2.50934e+10	3.01462e+11	1.08915e+11	3.69406e+10	-3.82566e+11	-8.5025e+10
8.35e-10	4.1543e+11	4.84368e+11	-1.83389e+11	1.74533e+11	-4.64194e+11	-2.52276e+10	5.11416e+10	1.91344e+11	4.59976e+09	5.08324e+10	1.24681e+11	-1.71211e+11	6.50589e+10	-9.64079e+10	2.82657e+11
8.4e-10	2.77336e+11	3.51394e+11	-2.6448e+11	1.61821e+11	-3.65419e+11	-1.01997e+11	4.12929e+10	1.80182e+11	-1.51222e+10	-3.92688e+08	-1.48799e+11	-4.74918e+10	2.21796e+10	-5.90958e+10	7.88335e+10
8.45e-10	3.58901e+11	-8.02743e+10	-4.92623e+11	9.72208e+10	-1.93184e+11	7.4084e+10	1.18795e+11	3.01328e+11	9.20035e+10	1.38545e+11	-2.28035e+11	-4.74957e+11	-2.48764e+10	-9.78601e+10	-8.22221e+10
8.5e-10	3.51142e+11	-5.62929e+11	-3.01113e+11	1.21967e+11	-7.0594e+10	2.85339e+11	1.12625e+11	2.79205e+11	-2.94615e+11	9.60824e+10	-5.73267e+11	7.95844e+10	1.9831e+10	1.90028e+11	-1.24324e+11
8.55e-10	2.63385e+11	-3.63422e+11	-8.31248e+09	2.74289e+11	2.75496e+11	5.56299e+11	1.80301e+11	2.124e+11	-5.77994e+11	4.35075e+10	-1.83467e+11	-2.42432e+11	7.46109e+10	2.93201e+11	-7.33724e+10
8.6e-10	4.47343e+11	-4.91161e+11	3.88135e+11	1.38281e+11	2.99113e+11	1.57874e+11	9.65419e+10	-2.07414e+10	-3.79503e+11	3.56952e+10	3.6796e+10	2.39017e+11	3.72616e+10	1.67049e+11	4.82658e+10
8.65e-10	4.47622e+11	-3.71006e+11	4.08019e+11	1.85211e+11	4.69511e+11	-6.34461e+10	1.06358e+11	-1.55198e+11	-3.34104e+11	7.63171e+10	-1.68117e+11	3.35527e+11	-9.2915e+08	5.03414e+10	4.88718e+10
8.7e-10	5.28121e+11	3.0016e+11	6.40635e+11	1.89325e+11	2.20587e+11	-3.7245e+11	1.31074e+11	-3.78552e+11	-1.44722e+11	-3.85743e+09	1.52531e+10	-7.09062e+10	1.06215e+10	2.47961e+10	-4.32143e+10
8.75e-10	4.57126e+11	3.7358e+11	4.44595e+11	1.67581e+11	-1.10922e+11	-4.00867e+11	3.35576e+10	-5.17329e+10	1.61711e+11	5.35776e+10	1.87431e+11	-3.10669e+10	8.50879e+10	-5.08763e+11	-1.91668e+11
8.8e-10	2.87188e+11	4.30494e+11	-1.08751e+11	1.52842e+11	-1.05118e+10	-3.43974e+11	1.42489e+11	-3.29261e+11	3.31065e+11	3.30271e+10	8.42246e+10	5.28205e+10	2.47555e+10	-1.2901e+11	5.84509e+10
8.85e-10	5.54407e+11	4.05333e+11	-6.01292e+11	1.74975e+11	-3.5095e+11	-2.62892e+11	1.60129e+11	-9.12644e+10	5.16477e+11	6.03994e+10	2.75155e+11	-1.22425e+11	4.50513e+10	-6.85321e+10	4.67441e+11
8.9e-10	5.81367e+11	3.73496e+11	-5.25039e+11	6.44383e+10	-1.96731e+11	2.91156e+10	1.7239e+11	3.73981e+11	3.68155e+11	6.72623e+10	5.53577e+10	-3.18593e+11	3.05921e+10	9.99966e+09	2.6815e+11
8.95e-10	4.94776e+11	-1.90397e+11	-5.74392e+11	1.92872e+11	-2.82234e+11	4.35164e+11	1.23954e+11	3.19206e+11	1.88653e+11	6.03796e+10	-3.15404e+11	-3.44262e+11	5.23865e+09	3.84909e+10	-6.6069e+10
9e-10	5.73969e+11	-3.87982e+11	-4.54203e+11	1.53204e+11	-2.63703e+11	2.11753e+11	6.23878e+10	1.32803e+11	-2.072e+11	3.20416e+10	1.93407e+10	-2.3619e+11	8.36385e+09	5.25114e+10	1.40626e+11
9.05e-10	4.47251e+11	-4.99202e+11	-9.99948e+10	2.22816e+11	1.95538e+11	4.80437e+11	1.41794e+11	1.63733e+11	-4.02023e+11	3.4598e+10	-1.60849e+11	1.93355e+11	2.10031e+10	1.25743e+11	-1.07861e+10
9.1e-10	5.6415e+11	-5.50636e+11	3.36169e+11	2.21215e+11	4.04825e+11	3.1982e+11	5.26911e+10	9.95539e+10	-1.23835e+11	2.39468e+10	1.74254e+09	3.28902e+11	2.74664e+10	1.13172e+11	3.26689e+10
9.15e-10	6.20104e+11	-4.85178e+11	3.86611e+11	1.9458e+11	4.10297e+11	-5.16905e+09	1.57736e+11	-3.18964e+11	-4.75483e+11	5.59054e+10	-1.3498e+11	2.89955e+11	1.96491e+10	6.63409e+10	-5.73459e+10
9.2e-10	6.75302e+11	-2.28683e+10	8.29212e+11	3.49837e+11	4.95668e+11	-6.04978e+11	6.59078e+10	-1.92893e+11	4.31682e+10	2.13411e+10	3.94137e+10	1.01637e+11	6.7135e+10	-1.60234e+11	-4.43179e+11
9.25e-10	4.97547e+11	1.94664e+11	5.11127e+11	1.74879e+11	3.08984e+11	-2.46365e+11	4.52832e+10	-1.15848e+11	5.59405e+10	6.53785e+10	4.66585e+11	1.78052e+11	3.22159e+10	-1.98532e+11	-7.57666e+10
9.3e-10	5.50056e+11	4.1337e+11	4.31665e+11	1.85579e+11	-2.13249e+11	-3.87053e+11	2.01286e+10	7.53873e+10	8.38259e+10	4.60147e+10	1.64186e+11	1.01443e+11	6.88005e+10	-3.58731e+11	-1.073e+11
9.35e-10	5.27962e+11	5.29515e+11	-3.2296e+11	1.77655e+11	-3.04667e+11	-1.84666e+11	1.00392e+11	3.02275e+10	3.20949e+11	5.97319e+10	1.34878e+11	-2.643e+11	1.42455e+10	-8.70565e+10	-1.34132e+11
9.4e-10	5.65825e+11	5.52868e+11	-3.03607e+11	2.23218e+11	-3.58437e+11	-1.02905e+11	1.2766e+11	3.68844e+11	3.16121e+11	2.23044e+10	1.96832e+11	-4.34196e+10	2.28788e+10	2.00896e+10	9.2372e+10
9.45e-10	4.96627e+11	4.65994e+10	-5.72829e+11	1.95674e+11	-3.60323e+11	3.51242e+11	7.2756e+10	2.54804e+11	-6.07458e+10	9.7421e+09	2.39908e+11	-1.07595e+11	8.39748e+10	-2.73311e+10	3.79114e+11
9.5e-10	5.06765e+11	2.67171e+10	-5.41132e+11	1.87328e+11	-3.26515e+11	2.11046e+11	8.49339e+10	3.04597e+11	2.12298e+11	1.3257e+11	-2.37047e+11	-3.87118e+11	4.3057e+10	3.04543e+11	1.10256e+11
9.55e-10	4.57995e+11	-3.95845e+11	-3.26619e+11	1.17188e+11	3.70448e+11	3.0876e+11	1.44526e+11	3.8657e+11	-4.17061e+11	5.78538e+10	-2.709e+11	1.58176e+11	1.25929e+10	-6.18217e+10	2.20144e+11
9.6e-10	4.88917e+11	-5.28646e+11	1.79936e+10	1.08716e+11	-1.31856e+11	2.90474e+11	1.52935e+11	1.50993e+11	-5.59327e+11	6.98594e+10	-1.30664e+11	2.0105e+11	6.23235e+09	-1.47319e+11	-9.28165e+10
9.65e-10	4.89716e+11	-4.32035e+11	3.049e+11	2.1071e+11	4.32982e+11	8.88966e+10	9.84206e+10	1.37535e+11	-3.12112e+11	1.10779e+11	-3.9285e+11	3.58696e+11	7.71289e+10	4.54637e+11	-1.94299e+11
9.7e-10	6.00255e+11	-3.84977e+11	6.37781e+11	2.43898e+11	5.72469e+11	-3.02774e+11	7.92181e+10	-3.1239e+10	-2.7943e+11	8.30665e+10	-6.67773e+10	2.75077e+11	-1.92668e+10	-7.88539e+10	7.13545e+10
9.75e-10	5.4635e+11	-6.90542e+10	6.37618e+11	1.2919e+11	1.28916e+11	-3.46454e+11	1.00262e+11	-3.78647e+11	-3.8166e+11	9.71952e+10	6.57877e+10	3.85401e+11	-2.35748e+09	1.97478e+11	-2.39711e+10
9.8e-10	3.74852e+11	3.2851e+11	3.23211e+11	1.22966e+11	1.40111e+11	-3.2484e+11	9.71108e+10	-2.47838e+11	1.34395e+11	6.80541e+10	3.55022e+11	2.7383e+10	2.08334e+10	-2.61033e+11	1.19383e+11
9.85e-10	4.57638e+11	5.40308e+11	6.91581e+10	9.04297e+10	8.56517e+10	-2.38517e+11	1.4081e+11	-1.69248e+11	4.11462e+11	6.54883e+10	2.51118e+11	-2.12085e+11	-4.67455e+09	5.56826e+10	-7.29607e+10
9.9e-10	4.77591e+11	4.33841e+11	-2.82604e+11	2.13447e+11	-4.44958e+11	-2.49767e+11	3.78254e+10	7.91137e+10	6.8664e+10	7.46486e+10	5.99296e+10	-2.70601e+11	6.07947e+10	-1.67897e+11	1.9237e+11
9.95e-10	5.13102e+11	3.60559e+11	-4.46972e+11	1.97355e+11	-4.42978e+11	-3.88507e+11	5.9114e+10	1.06089e+11	1.49299e+11	5.84957e+10	-8.32701e+10	-2.73038e+11	2.50355e+10	9.90196e+10	8.20151e+10
1e-09	4.98528e+11	4.57601e+10	-5.09444e+11	2.27585e+11	-3.37027e+11	4.37443e+11	2.25934e+10	8.29784e+10	-4.66597e+09	4.21096e+10	-1.72017e+11	-8.66292e+10	4.23259e+10	2.84557e+11	2.03847e+11
