Mon Oct 21 14:16:36 2024

<base> : Rectangle : 0m, 0m, 0m; 2.5um, 50nm, 5nm. Cells : 500, 10, 1. Cellsize : 5nm, 5nm, 5nm
<supermesh> : Rectangle : 0m, 0m, 0m; 2.5um, 50nm, 5nm. Cells : 500, 10, 1. Cellsize : 5nm, 5nm, 5nm

Saved data (dataname (unit) <meshname> (cells_rectangle)) : 

time (s)	<mxdmdt> (1/s) <base> (300nm, 0m, 0m; 310nm, 50nm, 5nm)			<mxdmdt> (1/s) <base> (700nm, 0m, 0m; 710nm, 50nm, 5nm)			<mxdmdt> (1/s) <base> (1um, 0m, 0m; 1.01um, 50nm, 5nm)			<mxdmdt> (1/s) <base> (1.5um, 0m, 0m; 1.51um, 50nm, 5nm)			<mxdmdt> (1/s) <base> (2um, 0m, 0m; 2.01um, 50nm, 5nm)			

0	104003	186013	2.3876e+06	-49780.4	-1.48636e+06	-461769	-29892	-862688	72044.5	15595.1	545612	-412598	111820	1.03288e+06	60463.4
5e-12	7.53352e+09	2.67113e+10	1.17012e+10	6.86453e+09	3.69616e+10	4.56176e+10	9.54221e+07	-2.34497e+10	3.24134e+11	-3.22306e+10	-1.29604e+11	6.92868e+10	-2.72554e+10	-1.50594e+11	6.17634e+10
1e-11	-6.68856e+09	8.29389e+10	-8.62297e+10	-1.80209e+08	-1.38357e+10	-1.66074e+11	-1.88469e+10	1.16707e+11	-1.68013e+11	5.04976e+10	2.28458e+11	-6.6578e+11	1.7533e+10	-2.31114e+11	3.88181e+11
1.5e-11	-1.51953e+10	-5.65445e+09	2.38057e+11	-5.5307e+09	-1.13422e+10	-1.58849e+11	-1.29756e+10	-2.91133e+11	2.07611e+11	1.57188e+09	1.31711e+11	-3.47391e+11	1.68579e+10	-6.29317e+10	4.38073e+10
2e-11	3.207e+09	-1.04271e+11	7.88753e+09	1.61115e+10	-2.00792e+11	1.48634e+11	-9.38395e+09	-1.08634e+11	5.27881e+10	-9.726e+09	-1.10448e+11	2.53725e+10	-5.92609e+10	8.31337e+10	3.48202e+11
2.5e-11	-2.3526e+09	-3.20316e+10	4.8599e+10	3.39211e+10	-1.12978e+11	3.04143e+11	-7.94456e+09	-1.48794e+11	1.52189e+11	-3.36398e+09	-2.92757e+11	-1.95443e+11	-3.10434e+10	-3.70724e+11	3.78434e+10
3e-11	4.25108e+09	1.07122e+11	1.19168e+11	1.41562e+09	-1.23832e+11	1.96935e+11	-1.39726e+10	-1.73579e+11	-2.18453e+11	2.14285e+10	-1.64474e+10	-2.54837e+10	1.12608e+10	-7.11523e+10	1.07862e+11
3.5e-11	-2.42518e+10	-5.29173e+10	-1.3913e+11	4.37419e+08	-2.05316e+11	5.55086e+10	-1.79651e+10	1.68993e+11	-1.20051e+11	-5.97564e+09	8.04818e+10	-6.19168e+10	-2.98038e+09	3.329e+10	5.69035e+09
4e-11	-2.37314e+10	2.59111e+11	1.11732e+11	-3.44412e+09	2.47586e+11	-1.34309e+11	-4.96236e+08	6.2641e+10	2.19439e+10	-1.25708e+10	-2.12294e+11	-1.13747e+10	-3.91245e+09	2.20417e+11	-7.81869e+10
4.5e-11	9.43165e+09	-1.53963e+11	1.17211e+10	-1.22836e+10	-2.37331e+11	7.97138e+10	-1.03984e+10	1.08172e+11	1.55039e+10	-1.43693e+10	-1.53681e+11	-2.76263e+11	2.85116e+09	-1.81087e+11	1.6716e+11
5e-11	4.71837e+10	-1.54995e+11	-2.50611e+11	-3.22556e+09	-1.42048e+11	7.76396e+10	-4.47465e+09	1.54659e+11	1.50367e+11	-7.52237e+08	4.00951e+10	6.75551e+10	-1.0889e+10	2.59675e+10	1.1115e+10
5.5e-11	2.99269e+09	-5.06176e+09	-4.62333e+10	-5.13082e+09	9.3127e+09	9.0287e+09	-1.26547e+10	9.30332e+10	2.05798e+11	-1.91882e+10	-9.07153e+10	6.13196e+10	-1.06329e+10	-1.12069e+10	7.42864e+10
6e-11	5.82774e+10	-2.67305e+11	3.33326e+10	-2.34294e+08	8.65876e+10	4.32251e+10	-3.38692e+09	-1.17988e+11	-7.07222e+10	-7.66336e+09	-7.74162e+10	-1.73398e+10	6.33632e+09	-2.56035e+11	1.4758e+11
6.5e-11	2.11043e+10	-8.78366e+10	7.1311e+10	2.17254e+10	3.82155e+11	2.65578e+11	-1.71386e+10	-7.57632e+10	-1.79394e+11	-1.22206e+10	-5.74336e+10	1.25597e+10	-1.41787e+10	4.41299e+10	-4.33037e+10
7e-11	-2.33314e+09	-1.02982e+11	1.56282e+11	1.4542e+10	2.0321e+11	-1.82434e+11	-2.24964e+10	-6.81624e+10	-1.70732e+11	-3.52496e+09	1.14743e+11	1.84532e+11	-5.39465e+09	-2.43528e+10	-4.63195e+10
7.5e-11	-1.79194e+10	7.05982e+10	1.62735e+11	-1.36334e+10	-9.52807e+10	6.72714e+10	1.61736e+10	-3.1459e+11	1.04752e+11	-8.16454e+09	6.47384e+09	1.07746e+11	-3.46874e+09	2.96317e+11	3.95164e+10
8e-11	1.2618e+10	7.68617e+09	-2.01943e+11	2.02348e+10	3.05121e+10	-2.14835e+11	3.19394e+09	4.04207e+10	1.49048e+09	-1.2023e+10	-4.67981e+10	1.22112e+10	-8.23329e+09	-1.08233e+10	-1.13458e+11
8.5e-11	1.35659e+10	-1.73901e+11	-1.27459e+11	-4.26501e+09	-3.22067e+10	1.55017e+11	6.26844e+08	2.8392e+11	1.09409e+11	-1.03718e+10	-2.8054e+11	-8.0329e+10	2.85782e+09	-3.60973e+09	1.70892e+11
9e-11	5.90229e+10	-2.99234e+11	-1.11936e+10	2.13785e+10	2.42081e+11	-5.90893e+10	-7.4522e+09	-1.31281e+10	4.2112e+10	-1.034e+10	-1.23384e+11	2.0577e+11	-1.15764e+10	1.09639e+11	-2.35137e+11
9.5e-11	-1.12193e+10	-4.08049e+10	1.16174e+11	1.20559e+10	2.01081e+11	-1.35781e+11	-5.52642e+09	7.2506e+10	1.77366e+10	-1.42563e+10	-8.82211e+10	-5.32956e+09	-2.78336e+09	-2.67785e+10	-1.87099e+10
1e-10	-5.46209e+09	2.32352e+11	-6.02612e+10	-6.34517e+10	-2.88429e+11	-3.56505e+11	-2.7049e+09	1.9056e+11	2.34516e+11	-1.04657e+10	6.42986e+10	-1.48292e+11	-1.20227e+10	-3.48042e+10	2.64267e+11
1.05e-10	1.71985e+09	5.77887e+10	-7.88144e+10	-2.27099e+10	-8.52301e+10	-6.07588e+10	7.58888e+09	1.03587e+11	3.07162e+11	-4.04419e+09	-1.67964e+11	-2.0725e+11	3.01278e+09	2.07579e+11	6.155e+10
1.1e-10	-8.44369e+09	-1.08485e+11	7.0463e+10	-4.61169e+08	2.40619e+11	-1.42894e+11	-1.27728e+10	-6.77891e+10	1.04505e+11	2.23189e+10	-3.21426e+11	6.01969e+10	1.28033e+10	-1.80816e+11	-1.9179e+11
1.15e-10	1.64991e+10	-3.91697e+10	-8.21313e+10	7.20131e+09	5.35714e+09	-2.42517e+11	-7.41532e+09	-3.07061e+11	1.83051e+11	1.56187e+10	1.13046e+11	2.3955e+11	-2.05377e+10	1.11089e+11	7.99768e+09
1.2e-10	2.21023e+10	-1.69649e+11	-1.564e+11	-6.05451e+08	8.88435e+10	1.08656e+11	3.77684e+09	-3.05585e+10	-4.99841e+10	-1.08117e+10	1.29906e+11	-1.40971e+10	-6.68028e+09	-5.95103e+10	3.1011e+11
1.25e-10	-3.27076e+09	-5.08644e+10	3.23684e+10	1.13089e+10	4.67445e+10	7.86435e+10	9.03873e+08	1.10494e+07	1.92114e+11	5.46811e+09	-2.45625e+11	-2.75965e+10	3.60713e+10	-2.28034e+11	2.50911e+11
1.3e-10	1.10395e+09	1.01377e+10	5.07491e+10	1.76702e+09	9.83739e+10	2.34542e+11	-9.83793e+09	4.42318e+10	7.74511e+10	-1.74705e+10	1.78899e+11	7.87888e+10	-2.12507e+10	6.02849e+10	-1.34765e+11
1.35e-10	8.10391e+09	6.07247e+10	6.77545e+10	-1.56132e+10	-3.03411e+10	1.08171e+11	7.56139e+09	2.30512e+10	-1.4234e+11	-7.02794e+09	1.8097e+11	2.69275e+11	-2.90536e+10	6.85937e+10	-1.93725e+11
1.4e-10	-8.96685e+09	7.82516e+10	-1.9901e+11	2.43835e+09	1.02807e+11	-5.86928e+10	-3.14356e+10	4.15756e+10	3.55527e+11	-6.87952e+09	-4.07459e+10	-1.24178e+11	2.83619e+09	-5.5054e+10	-2.99752e+11
1.45e-10	4.56291e+09	2.52656e+11	1.23899e+11	2.23022e+09	2.45784e+10	2.06044e+11	-8.3079e+09	-1.66166e+10	-2.18208e+10	-1.3599e+10	-6.02697e+10	1.0807e+11	-9.64684e+09	-2.03316e+11	3.28357e+10
1.5e-10	4.60132e+09	-3.28376e+11	-1.20978e+11	-2.19919e+10	1.37747e+11	-9.01026e+10	-4.87022e+09	-1.34155e+11	-1.08703e+11	-4.23127e+09	-2.08868e+09	-7.57446e+10	1.12476e+09	-1.26182e+11	-1.62654e+11
1.55e-10	-3.26877e+09	3.30547e+10	4.31006e+10	-9.13304e+08	-5.21052e+10	7.12236e+10	3.01988e+09	3.68365e+10	-4.19335e+11	-2.12727e+10	-1.08072e+11	-3.74448e+11	4.44287e+09	-1.16569e+11	1.85859e+11
1.6e-10	2.31181e+09	8.87584e+10	8.20486e+10	-1.13992e+10	8.58366e+10	-1.41469e+11	1.03782e+09	-8.99837e+10	-2.28605e+11	-2.8013e+10	1.02225e+11	-2.46416e+11	-3.98702e+09	-6.70512e+10	-9.97055e+10
1.65e-10	9.46032e+09	-4.39967e+10	4.24462e+10	5.93034e+08	-1.10652e+11	3.27686e+11	-7.50816e+09	1.57774e+11	8.65873e+10	-2.09721e+10	-5.61999e+10	1.50089e+11	-1.44936e+10	-7.90555e+10	1.30211e+11
1.7e-10	1.02987e+10	-2.55605e+11	-1.31892e+11	-6.81943e+09	4.91613e+10	-1.12952e+11	-4.27777e+09	-1.92628e+10	-2.15619e+11	-3.06691e+09	1.17078e+11	-1.54772e+11	5.74637e+08	-2.10712e+11	-2.76893e+09
1.75e-10	2.91196e+10	-1.33354e+10	-2.30629e+11	-5.15301e+09	1.68338e+11	3.34947e+10	-1.28477e+10	-9.44407e+10	-2.90308e+10	-5.7553e+09	3.23718e+11	-1.55171e+11	-5.61246e+08	-3.50455e+11	-1.89321e+11
1.8e-10	6.86875e+10	-6.1066e+10	-3.33885e+11	4.58699e+08	2.68e+10	1.68448e+11	6.71057e+09	-6.04869e+10	-1.39295e+11	6.57189e+09	-1.17707e+11	-3.07567e+10	1.22241e+10	1.94799e+11	-5.42648e+10
1.85e-10	1.73844e+10	1.48424e+11	-1.25684e+11	-1.91331e+08	1.84301e+11	-7.72499e+10	-1.65668e+10	5.16134e+10	-1.59742e+11	3.95563e+09	3.82852e+10	-7.13451e+10	-1.48424e+10	-1.03739e+11	-1.61608e+10
1.9e-10	5.2225e+10	-3.38719e+11	-1.54159e+11	5.10163e+09	1.49533e+11	-9.0199e+10	-1.62358e+09	2.34984e+11	-8.021e+10	2.89677e+10	-4.51748e+11	1.84078e+11	4.81599e+09	3.91679e+10	-4.59177e+10
1.95e-10	-4.32536e+09	-1.94078e+11	1.32559e+11	3.69641e+10	3.587e+11	-1.64867e+11	-1.19553e+10	1.49815e+11	-1.45251e+11	-1.79737e+10	1.36249e+11	1.14731e+11	-5.99645e+09	-3.28644e+10	-2.21712e+10
2e-10	-1.10908e+10	5.62634e+10	-3.6075e+10	3.4677e+09	6.96641e+10	1.05603e+11	6.37722e+09	-2.94478e+10	8.77133e+10	-1.75507e+10	6.55239e+10	3.02066e+10	-7.13008e+09	9.602e+10	-2.33551e+10
2.05e-10	4.27493e+10	1.61925e+11	-2.11255e+11	1.22792e+10	1.43906e+11	-2.01053e+11	4.64278e+09	-2.69611e+11	-1.41242e+11	-6.22627e+09	9.77463e+10	6.49593e+10	-1.19912e+10	2.02098e+10	-1.11723e+11
2.1e-10	7.36673e+10	4.0251e+11	-9.74321e+10	-1.19115e+10	8.53222e+10	1.24473e+10	1.3101e+10	-2.27347e+11	-6.16617e+10	-2.34749e+10	-3.29952e+10	-2.12266e+11	-1.22403e+10	-1.29448e+09	3.3231e+10
2.15e-10	4.04753e+10	4.24043e+11	-1.66066e+11	1.02405e+10	-1.51005e+11	1.12691e+11	9.22167e+09	-2.94029e+11	-3.0684e+11	-1.95811e+10	5.26148e+10	-7.3578e+10	-1.75221e+10	1.62586e+11	2.15485e+11
2.2e-10	4.63862e+10	-5.63272e+10	-2.83746e+11	-1.71631e+10	7.88063e+09	-1.52638e+11	-1.80166e+10	-1.39195e+11	-1.4386e+11	-4.88869e+09	8.76715e+10	-1.32693e+11	-1.48211e+10	8.72619e+10	1.09132e+11
2.25e-10	2.03479e+10	1.28463e+11	-3.26301e+10	2.24559e+10	3.36197e+10	1.86682e+11	-3.43724e+09	3.7291e+10	-1.28909e+11	6.94024e+09	-6.06407e+09	-1.59172e+11	-2.66701e+10	1.48102e+11	1.95949e+11
2.3e-10	1.12098e+10	1.30869e+10	9.56674e+10	2.01516e+10	2.38941e+11	2.12158e+10	-6.3582e+09	-5.85286e+10	3.64568e+10	-1.01939e+10	3.25172e+10	-4.73909e+10	4.15949e+09	9.23638e+10	-2.40536e+10
2.35e-10	1.09814e+09	2.77264e+11	-1.7384e+11	1.29165e+09	5.16415e+10	1.87084e+11	-2.02797e+10	1.8271e+11	-2.98882e+10	-8.58628e+09	-1.50624e+11	5.6711e+10	-1.67877e+09	7.06e+10	2.11901e+10
2.4e-10	1.00975e+10	7.63846e+10	-1.5139e+10	-2.03274e+10	5.23602e+10	3.2903e+10	1.41661e+10	-1.57807e+11	-1.20099e+10	-1.15039e+10	-3.45922e+11	-2.43335e+11	-1.8508e+10	2.2027e+10	-1.83891e+11
2.45e-10	-7.12763e+08	6.84791e+10	-3.62194e+10	2.39193e+10	-2.01143e+10	2.15581e+11	6.87267e+09	4.84845e+10	-1.46701e+11	7.61546e+09	1.35434e+10	2.22762e+11	-2.08637e+10	1.09792e+11	-2.67804e+11
2.5e-10	-2.22781e+10	-7.20718e+10	1.18933e+11	-4.57823e+09	-3.21336e+11	2.23581e+10	-1.23596e+10	2.63777e+10	1.01243e+11	-1.55197e+10	1.44361e+11	-4.02627e+11	6.13618e+09	8.03453e+10	-5.84027e+10
2.55e-10	1.13177e+10	-1.67787e+11	1.29377e+11	1.4185e+10	3.27581e+10	3.43944e+11	1.17394e+10	1.71872e+11	-3.19287e+10	-1.13894e+10	2.35594e+10	-1.52004e+11	2.03501e+09	-4.51684e+10	-1.53074e+11
2.6e-10	8.42383e+08	9.09386e+09	3.6165e+10	-2.32968e+09	2.29012e+11	1.82879e+11	-1.17817e+10	3.14405e+10	1.45602e+11	1.80421e+09	6.74877e+10	-6.92145e+10	-8.31962e+09	-4.04534e+10	9.94335e+10
2.65e-10	3.63076e+10	-1.40629e+10	7.74421e+10	2.35982e+09	-3.80869e+11	-2.91937e+10	5.37144e+09	3.40856e+11	1.73829e+10	-2.23333e+10	3.87292e+11	-3.83353e+10	-5.51309e+09	-1.95891e+10	-1.9334e+10
2.7e-10	5.42282e+10	-1.7972e+11	2.33686e+11	-1.67719e+10	-4.58238e+10	-1.35767e+11	7.6038e+09	-2.77722e+09	-1.37999e+11	-6.96831e+08	-4.41107e+09	-1.76711e+11	4.14187e+09	-1.5043e+11	-2.91169e+10
2.75e-10	4.98905e+10	-9.4442e+10	2.67069e+11	1.31785e+10	-1.37472e+11	-1.09321e+10	1.84232e+10	2.76442e+11	-1.26084e+11	3.22744e+09	9.04124e+09	1.23359e+11	1.44433e+09	1.28798e+09	2.26863e+11
2.8e-10	1.33629e+10	2.08389e+11	1.21283e+11	2.16123e+10	-1.55107e+11	-4.43431e+10	-1.77117e+10	-8.80416e+10	-1.20933e+11	2.14969e+10	2.94045e+11	-7.44395e+10	-1.71276e+10	8.10988e+10	-4.76973e+10
2.85e-10	1.04212e+10	2.55941e+11	1.63151e+11	2.55205e+10	-2.75193e+11	-7.87495e+09	-2.63327e+10	-2.27074e+11	1.81951e+10	2.771e+10	2.03243e+11	1.09685e+11	-1.82097e+10	7.83333e+10	2.28173e+11
2.9e-10	-2.4373e+10	1.5272e+11	2.40141e+11	1.70476e+10	-2.26699e+11	6.91499e+10	1.28552e+10	2.02537e+11	-3.38577e+09	-2.15089e+10	-1.9559e+11	-1.93663e+10	3.20478e+10	3.68276e+11	-1.99336e+11
2.95e-10	-3.15523e+08	9.86512e+10	-3.56272e+10	-4.22941e+09	2.31993e+10	2.38483e+11	9.20867e+09	2.52527e+11	-2.95271e+11	-9.04327e+09	2.79459e+10	2.29782e+11	-4.84334e+09	-8.29879e+10	1.31383e+11
3e-10	3.70462e+09	-4.37299e+10	4.56816e+10	-7.70622e+09	-1.41903e+11	-6.41793e+10	2.01096e+10	2.95218e+11	1.86281e+11	-2.01416e+09	-1.16722e+11	1.9711e+11	-3.31127e+08	2.43425e+11	2.49318e+10
3.05e-10	-3.98291e+09	1.99925e+11	1.26101e+10	-1.84912e+09	1.21962e+11	1.1171e+11	1.00707e+10	1.35177e+11	1.58117e+11	9.11719e+09	1.96439e+11	1.75516e+11	-1.01591e+10	3.38078e+10	-8.64173e+10
3.1e-10	2.01692e+10	9.48269e+10	1.32993e+11	-2.47699e+10	8.85721e+10	-9.60469e+09	-2.1683e+09	7.15916e+10	-3.89975e+10	2.03022e+10	7.72022e+10	1.36868e+11	-1.13148e+10	-1.53847e+11	-1.35877e+11
3.15e-10	-1.5912e+09	5.71253e+10	-4.23463e+10	2.20198e+10	-3.85097e+11	-1.46457e+11	2.45511e+08	-8.65279e+10	-1.72888e+11	2.45671e+10	2.63376e+11	8.18421e+10	-2.89677e+09	-5.52356e+10	5.19361e+10
3.2e-10	2.26546e+10	1.78677e+11	1.56485e+11	8.93079e+09	4.10757e+10	-3.10893e+11	-1.30257e+10	-1.92256e+11	4.00827e+10	-1.17034e+09	3.36442e+11	7.49291e+10	-3.67618e+09	-7.10519e+10	-1.83195e+11
3.25e-10	-4.07662e+09	-1.4433e+11	-3.65595e+10	7.65772e+09	-3.80602e+11	-3.47314e+10	-1.03341e+10	-7.59692e+09	-1.58477e+11	5.21688e+08	-1.21014e+11	-3.66764e+11	-1.65334e+09	4.12975e+10	6.37543e+10
3.3e-10	8.54323e+10	6.4141e+10	-4.17621e+11	1.84159e+10	1.12495e+11	3.1323e+11	-4.01794e+09	-8.80761e+10	-1.24308e+11	1.04541e+08	3.01184e+11	2.26627e+11	3.31917e+09	-2.62613e+11	3.96791e+10
3.35e-10	6.0182e+10	-1.5918e+11	-2.6718e+11	-1.08814e+10	3.90852e+11	-2.00478e+11	-9.02919e+09	4.39e+10	9.47639e+10	2.07484e+10	2.35364e+11	1.71953e+11	1.48397e+10	-1.68556e+11	2.53294e+11
3.4e-10	1.02942e+10	1.70289e+11	-1.92925e+11	5.34564e+09	4.49666e+10	-5.69523e+10	-6.25531e+08	1.43906e+11	-6.58494e+10	-5.08799e+09	-5.77491e+10	1.96374e+11	-5.84657e+09	1.49811e+11	-2.42896e+11
3.45e-10	3.05817e+09	2.35461e+11	8.37058e+10	1.81513e+10	1.44629e+11	-2.16246e+11	-1.68177e+09	-2.22938e+11	-3.32095e+11	-3.59743e+10	-3.32374e+11	-8.87514e+10	-1.12766e+10	3.34174e+11	-6.53383e+10
3.5e-10	2.70177e+10	1.85845e+11	1.07454e+10	-6.81411e+09	3.91627e+10	-3.36698e+10	1.02177e+10	-2.10267e+11	-1.31024e+11	2.45447e+09	-1.50727e+11	7.25834e+10	-1.06184e+10	1.54985e+10	-1.29729e+11
3.55e-10	2.98261e+10	7.60843e+10	-1.0278e+11	-5.01318e+09	1.96291e+10	-1.04381e+11	1.08201e+10	-1.1487e+11	2.2767e+10	-1.01309e+10	-4.85378e+10	1.34482e+10	2.96329e+09	1.68658e+11	-2.07346e+11
3.6e-10	1.46241e+10	-1.02156e+11	-8.70775e+10	2.49961e+10	2.41074e+11	2.25897e+11	2.6729e+10	-2.07607e+11	1.15042e+10	-2.59639e+09	7.65287e+10	4.33764e+10	-7.93515e+09	-4.96548e+10	-4.38963e+09
3.65e-10	3.31499e+09	9.05445e+07	-1.28062e+11	1.40881e+10	6.65923e+10	7.61382e+09	-1.01598e+09	-2.99157e+11	2.45446e+11	-9.76889e+09	-1.13716e+11	1.90408e+11	-3.22394e+10	-2.04618e+11	-6.1958e+10
3.7e-10	1.19192e+10	-8.76681e+10	-1.29033e+10	2.83369e+09	6.70686e+10	-7.7729e+09	4.11856e+09	3.62381e+10	-1.61639e+11	-3.01655e+09	-1.07661e+11	-3.88547e+10	-3.30215e+09	1.67201e+10	1.33152e+11
3.75e-10	3.00788e+10	2.28517e+11	8.71536e+10	3.8579e+10	1.49125e+11	6.53024e+10	-9.26126e+09	8.47775e+10	8.91296e+09	5.05364e+09	3.3132e+10	-7.24338e+10	2.67003e+09	-3.64041e+09	-1.31632e+11
3.8e-10	3.25931e+10	2.82859e+11	-1.61335e+11	1.30842e+10	4.50274e+10	2.17518e+11	9.44165e+09	-7.81712e+10	-8.04219e+10	-2.36783e+09	-8.59222e+10	-1.56837e+09	5.58251e+09	-1.74957e+11	7.72036e+10
3.85e-10	6.55683e+10	2.98498e+11	-2.33848e+10	3.75063e+10	1.99758e+11	2.34177e+11	-1.14421e+10	1.63912e+11	-2.70079e+10	8.56896e+09	9.25186e+10	-4.14686e+10	7.66341e+09	1.23901e+11	-1.87382e+10
3.9e-10	1.25128e+11	4.47049e+11	-1.32917e+11	-7.85472e+09	-4.02665e+10	-9.93031e+10	-5.62541e+09	-2.20733e+11	-7.52948e+10	1.58291e+10	-1.78194e+11	1.2228e+10	-4.74355e+10	3.74566e+11	1.5779e+11
3.95e-10	1.15856e+10	-4.67987e+10	-1.30804e+11	8.47822e+09	5.6323e+10	1.18977e+11	-2.85222e+09	3.30994e+10	5.41997e+10	-1.67277e+10	-6.9783e+10	1.57554e+10	-3.22893e+09	-5.37517e+10	1.65844e+11
4e-10	3.40141e+09	2.05522e+11	-1.86869e+11	6.85476e+10	-1.44636e+11	3.8385e+11	3.50102e+10	8.06512e+10	-2.52037e+11	-3.41792e+10	5.24626e+10	2.3608e+11	1.14694e+09	-1.02393e+11	-8.94152e+10
4.05e-10	1.55278e+10	2.12014e+11	-2.93863e+10	4.20724e+10	-3.69886e+10	2.16275e+11	3.3775e+10	2.6588e+10	-1.75933e+11	9.62374e+09	-1.29201e+11	2.26301e+11	-1.51605e+10	-3.08546e+10	-1.29307e+11
4.1e-10	-1.03311e+10	1.36953e+11	-1.71121e+11	2.44369e+10	9.37285e+10	2.16554e+11	1.78181e+10	5.79082e+10	-1.80909e+11	-5.30252e+09	5.27401e+10	-1.12941e+11	1.32818e+10	1.17584e+11	-1.13086e+11
4.15e-10	1.00002e+11	4.45396e+11	2.25164e+11	-1.5769e+10	-4.76741e+10	-1.57742e+11	-1.15309e+10	4.27484e+10	-1.75232e+11	3.88641e+09	9.40082e+10	-1.67037e+11	-5.10939e+09	7.84144e+10	1.38583e+11
4.2e-10	5.75146e+10	2.56328e+11	8.47741e+10	1.20816e+10	-1.95462e+11	4.76184e+10	1.88946e+10	2.57725e+10	-1.37047e+11	-3.28965e+10	-1.57432e+11	1.45558e+11	-5.75743e+09	-1.35719e+11	-2.86162e+10
4.25e-10	-1.08373e+09	-1.64573e+09	-2.66375e+10	3.52401e+09	6.22888e+10	1.1223e+11	1.00421e+10	-2.70678e+11	-2.12007e+11	1.53486e+09	2.00241e+11	2.96708e+11	1.25833e+10	2.15994e+11	3.97417e+10
4.3e-10	5.76251e+09	-7.82898e+10	-3.90047e+09	7.64404e+10	-1.80372e+11	3.38794e+11	6.52587e+08	1.50138e+11	5.67505e+09	5.90494e+10	2.05434e+11	-1.65454e+11	1.48998e+10	3.84486e+11	-8.1941e+10
4.35e-10	2.27709e+10	-1.19331e+11	-2.37834e+10	1.77987e+10	-3.16522e+10	1.37489e+11	3.20931e+09	5.77371e+10	-1.99678e+11	2.65103e+09	2.01826e+10	-1.98508e+11	-6.38138e+09	3.08491e+11	1.84945e+11
4.4e-10	2.89187e+10	-1.7046e+11	1.09375e+11	-1.07329e+10	9.67286e+10	-2.39823e+11	-1.34532e+09	2.4769e+11	-1.43225e+10	-2.19559e+10	-2.29619e+11	2.44661e+10	1.4643e+10	-4.79905e+10	-2.6821e+11
4.45e-10	-1.19203e+10	-1.50641e+11	-9.18724e+10	-4.16422e+09	1.38856e+11	1.58359e+11	-3.3158e+10	-2.31668e+11	2.03899e+11	-1.56739e+10	-2.16878e+11	-3.45078e+10	1.89885e+09	6.161e+10	2.95817e+11
4.5e-10	4.56984e+10	-1.22177e+11	2.80387e+11	-2.0126e+09	-2.68885e+11	-8.0491e+10	1.39872e+10	1.10554e+11	-1.46602e+11	3.63775e+09	1.09098e+10	-2.49362e+11	9.5553e+09	1.03064e+11	-7.51714e+10
4.55e-10	-1.41597e+10	6.59457e+10	-1.78861e+10	-5.09797e+09	-1.19959e+11	7.57694e+10	1.96323e+09	1.8556e+11	-8.60233e+09	-1.02067e+10	3.70544e+09	5.68371e+10	-4.12853e+09	-1.64521e+11	-1.03187e+10
4.6e-10	-1.68086e+10	1.39947e+11	-8.45837e+10	2.46943e+10	-1.19476e+11	-1.70237e+11	-1.49602e+09	-6.56086e+10	-3.46235e+10	9.29527e+09	2.25101e+11	-1.4496e+11	9.20653e+09	2.08621e+11	1.0637e+11
4.65e-10	1.95172e+10	-7.93228e+10	-2.01168e+11	-7.68037e+09	1.73651e+11	6.21345e+10	8.50497e+09	2.26534e+11	-6.12857e+10	2.0328e+10	1.3362e+11	7.05666e+10	7.52659e+09	1.73297e+11	1.5349e+11
4.7e-10	4.09881e+09	-2.20153e+11	-9.29085e+10	-5.332e+09	-1.69314e+11	-3.37851e+11	3.36791e+09	1.87183e+11	5.74963e+10	-3.69964e+09	6.65875e+10	5.24582e+10	-8.01243e+09	9.15887e+10	-3.26369e+10
4.75e-10	7.29678e+09	-6.2725e+10	-1.1826e+11	-4.86138e+09	5.19312e+10	-3.60043e+10	8.03653e+09	1.39482e+11	2.11289e+11	-1.98577e+10	-6.84616e+10	-2.3968e+11	-7.02722e+09	8.29421e+09	7.04088e+10
4.8e-10	2.16185e+10	-4.34007e+11	5.24264e+10	-1.51426e+10	2.05419e+11	4.28275e+11	3.1864e+10	1.88126e+11	1.4317e+11	2.11911e+10	2.90971e+11	3.68765e+11	1.83328e+10	8.86573e+10	2.2433e+11
4.85e-10	1.65246e+09	-1.69625e+11	-9.01795e+10	1.12738e+10	-1.36485e+11	-7.19847e+10	-1.0007e+10	8.24081e+10	1.49864e+11	-1.28228e+10	-1.65901e+11	-2.17442e+11	-6.5039e+08	1.41997e+11	1.3678e+10
4.9e-10	5.35053e+10	-3.91463e+11	-1.44561e+11	4.39192e+09	9.06633e+10	1.57432e+11	3.1989e+08	6.09919e+10	2.99881e+11	-3.2947e+09	3.31279e+11	-6.4247e+09	3.93058e+09	-2.62851e+11	1.17859e+11
4.95e-10	1.51737e+10	-4.23391e+10	1.6123e+10	4.1623e+09	-1.34965e+11	-1.97761e+11	1.284e+10	3.17399e+09	1.85128e+11	-5.36954e+09	6.38413e+10	-5.48976e+09	-2.68389e+09	-1.9481e+10	1.02447e+11
5e-10	3.95068e+10	-2.62796e+11	-1.87908e+11	-2.74486e+10	1.56749e+11	1.89995e+11	1.24067e+10	-2.86823e+10	1.58637e+11	-9.51203e+09	-9.68436e+09	-1.22845e+11	-1.63693e+09	1.68e+10	3.07299e+10
5.05e-10	2.10957e+10	-6.50141e+10	1.55258e+11	-1.84762e+09	1.69786e+10	2.76245e+11	-7.98391e+08	4.56723e+10	6.20411e+10	1.20906e+10	-2.25614e+11	-3.40777e+10	-9.27743e+09	7.85096e+09	1.66191e+11
5.1e-10	9.9329e+08	4.67235e+10	1.64798e+10	2.12692e+10	1.35209e+11	-9.38071e+10	-1.90983e+10	-5.648e+10	6.27248e+10	-8.23438e+09	-3.24893e+10	6.1954e+10	-1.08121e+10	-7.17872e+10	-1.48135e+09
5.15e-10	4.11652e+10	-3.90841e+11	-1.91744e+11	6.79802e+10	1.35534e+11	-1.75477e+11	2.36701e+10	1.11669e+11	1.97808e+11	1.59167e+08	8.8907e+10	9.54803e+10	8.67078e+08	-1.34875e+11	-1.21262e+10
5.2e-10	4.49206e+09	3.55818e+10	-5.12633e+10	6.17413e+09	1.17167e+11	-6.37985e+10	2.37402e+10	1.66263e+10	2.28201e+11	-2.51861e+10	-3.30683e+11	1.85049e+11	-1.3964e+09	-8.93982e+09	1.12846e+11
5.25e-10	-5.49717e+09	-1.13383e+11	-5.79949e+10	4.22184e+09	2.28931e+10	-1.60622e+11	-1.0005e+09	-8.23159e+10	-6.73682e+10	-1.47606e+09	-6.27762e+10	2.99998e+11	-5.81494e+08	-6.69298e+10	-8.41695e+09
5.3e-10	6.78719e+10	1.54385e+11	-3.04426e+11	3.06876e+09	-1.75512e+10	1.33664e+11	-4.3173e+09	9.48932e+10	6.81821e+10	-3.59307e+09	-1.50509e+10	2.45113e+11	-1.86992e+10	-2.32661e+09	-5.82462e+10
5.35e-10	3.8367e+10	1.76454e+11	-2.33908e+11	6.79161e+09	1.96036e+11	-3.98571e+10	2.37924e+10	-2.77835e+11	3.55312e+11	-1.07751e+10	-8.29556e+10	-2.09526e+11	9.71315e+09	-1.31763e+11	1.65072e+11
5.4e-10	-4.73111e+09	-3.52368e+10	1.21826e+11	3.23964e+09	5.63146e+10	-6.06055e+10	-2.50362e+10	4.59715e+10	8.01975e+10	-6.78846e+09	-6.52649e+10	1.32377e+11	-4.56664e+09	6.16437e+10	-1.57195e+11
5.45e-10	-7.41172e+09	5.51924e+10	2.6177e+10	-2.66778e+10	-1.3658e+11	-9.84862e+10	-1.12343e+10	-4.14466e+09	8.7901e+10	1.44664e+09	-4.1277e+11	3.33908e+10	-5.54834e+09	-1.222e+11	2.08042e+11
5.5e-10	-8.59875e+09	1.8817e+10	3.03069e+11	-8.0803e+09	2.76486e+10	-1.05353e+11	6.70927e+09	-5.42313e+10	-1.26112e+11	-1.59442e+10	1.76072e+11	2.85754e+10	-2.38377e+10	1.88349e+10	-2.62465e+10
5.55e-10	1.70626e+10	-1.83197e+10	-1.31753e+11	-2.27331e+09	9.08995e+10	-3.37601e+10	-2.89985e+09	-3.46906e+10	1.94463e+09	6.55484e+09	-1.418e+11	-8.54105e+10	8.39912e+09	-2.30227e+11	1.35473e+11
5.6e-10	1.2445e+10	1.75809e+11	6.1443e+10	-8.3933e+09	-1.9598e+10	-7.83543e+09	-3.39717e+09	5.1387e+10	9.32042e+10	-8.69864e+09	3.89989e+10	1.6897e+11	-2.86237e+10	2.14495e+11	-5.41734e+10
5.65e-10	8.55165e+09	1.10224e+10	-1.39581e+11	-3.04314e+09	-3.01873e+11	2.20504e+11	1.23817e+10	2.28327e+10	-2.55795e+11	-3.14361e+09	-1.8769e+10	2.82203e+10	-1.19845e+10	-2.20869e+09	1.30631e+11
5.7e-10	2.37117e+10	-3.06151e+11	8.78318e+10	7.71318e+09	-1.91199e+11	4.13345e+10	-2.47187e+10	-2.89051e+10	2.40742e+11	6.45247e+09	-1.32681e+11	-8.53041e+10	-8.65944e+09	-2.04533e+11	6.86893e+10
5.75e-10	-1.21865e+10	1.01861e+11	-1.16536e+11	2.57811e+10	1.60167e+11	2.12973e+10	1.05251e+10	1.3453e+11	-1.88914e+11	-1.69695e+09	-7.10306e+10	3.18353e+10	-7.14183e+09	1.0403e+11	-1.09092e+11
5.8e-10	1.67742e+10	-1.11265e+11	2.49585e+11	-1.35026e+10	-2.10676e+11	1.05955e+11	-1.22173e+10	-1.9179e+11	-9.22892e+10	-1.22863e+10	1.06411e+11	-6.22327e+10	-1.13278e+10	-3.92137e+10	4.57215e+10
5.85e-10	7.33328e+09	-4.34629e+10	-5.2999e+07	-7.04075e+09	-8.89335e+10	-3.26776e+10	-5.8288e+09	-4.88389e+10	-4.76815e+10	-2.28043e+10	2.06243e+11	4.3423e+10	2.82169e+10	-4.00332e+11	-3.13053e+11
5.9e-10	-1.35166e+10	-9.18079e+09	-4.98167e+10	1.654e+10	-1.02065e+11	-1.24869e+11	-3.44347e+09	3.07096e+11	-2.75895e+11	-1.68684e+09	-1.64512e+11	-4.65511e+10	-1.37519e+10	-9.5969e+09	1.52126e+11
5.95e-10	1.2064e+10	-2.65006e+11	-1.39278e+09	1.15254e+10	1.59732e+11	1.76647e+11	5.20017e+08	2.28185e+11	1.66148e+11	7.74475e+09	1.76739e+11	-9.98209e+10	-9.54126e+08	2.65319e+10	-1.0919e+11
6e-10	3.06068e+10	-1.68595e+11	4.20107e+10	3.3558e+09	-1.48593e+11	-3.45864e+11	-1.12751e+10	-6.03192e+10	1.79234e+11	-8.5687e+09	1.11601e+11	2.19692e+11	6.27373e+09	5.91884e+10	-8.06694e+10
6.05e-10	4.77207e+10	-3.58267e+11	-8.24901e+10	-1.88482e+09	-3.53009e+10	-5.42228e+10	1.67722e+10	2.92494e+11	-1.4247e+11	-2.2234e+10	2.47978e+11	-2.68818e+11	-1.23528e+10	-2.8881e+10	1.19461e+10
6.1e-10	-9.17532e+09	-9.15776e+10	-1.11173e+11	1.13112e+10	1.43494e+11	-2.72906e+11	-1.96759e+10	-8.88579e+10	8.22231e+08	4.8907e+09	6.77543e+10	-1.31128e+11	4.89561e+09	-1.09244e+11	-1.33927e+11
6.15e-10	1.18999e+10	2.45541e+11	3.86973e+11	-1.66573e+10	1.20846e+11	8.60551e+10	-5.92604e+08	-1.78371e+11	3.40976e+11	4.2733e+09	3.30019e+11	-6.69167e+10	-4.62296e+09	3.70281e+09	-2.26002e+11
6.2e-10	2.64748e+10	1.69146e+11	-2.83947e+11	8.40859e+09	-1.62332e+11	-1.68752e+11	-2.95294e+10	1.86719e+11	-1.1436e+11	-2.18409e+10	4.13457e+09	-1.66473e+11	-1.32436e+10	-9.47826e+10	-1.07337e+10
6.25e-10	2.36025e+10	2.18326e+11	-4.25264e+11	-2.86826e+09	8.05097e+09	-1.92267e+11	-3.83423e+10	-2.85892e+11	-2.98984e+11	-5.04892e+08	1.98054e+11	8.5202e+10	-1.95643e+10	1.01193e+11	-2.62602e+11
6.3e-10	1.81217e+10	6.57811e+10	-2.14622e+11	-9.77555e+09	-1.89739e+11	1.57552e+11	-1.19796e+10	-2.16862e+11	4.27797e+10	3.63378e+09	-2.67167e+11	1.89036e+11	3.91493e+09	-9.09166e+10	5.54313e+10
6.35e-10	-6.45959e+09	-7.79688e+10	1.27131e+11	-2.05256e+10	1.04674e+11	-8.88946e+10	-6.4311e+09	-1.1011e+11	-2.94048e+11	3.15929e+09	-2.28043e+11	-5.82886e+10	3.12195e+09	-4.96949e+10	-2.18843e+11
6.4e-10	1.38686e+10	-1.19742e+11	-8.33664e+10	-2.35554e+10	-1.69489e+11	-1.20417e+11	-4.42507e+09	9.8012e+10	8.90159e+09	-7.42825e+09	7.29695e+10	-1.42576e+11	-4.06382e+09	3.45301e+10	-1.74797e+11
6.45e-10	1.42755e+10	8.28674e+10	3.0632e+11	-1.05678e+10	1.25151e+11	8.82788e+10	-3.43088e+10	2.05823e+11	5.64676e+10	-6.98452e+09	-1.62684e+10	-7.64223e+10	-1.43009e+09	-1.28956e+10	-6.93245e+10
6.5e-10	5.35474e+09	1.6856e+11	7.84657e+10	-9.91425e+09	2.87653e+10	-1.10097e+11	3.8857e+09	-1.50385e+11	-1.00523e+11	1.31042e+10	-2.46615e+11	2.72347e+11	-1.75504e+10	-3.00276e+11	1.05193e+11
6.55e-10	1.18259e+10	1.09953e+11	-1.6932e+11	-6.02593e+09	8.52278e+10	-6.19186e+10	-1.07191e+10	-2.1669e+11	-1.47562e+11	-3.21107e+10	8.17917e+10	-1.10721e+11	-1.03808e+10	-5.63338e+10	5.09474e+10
6.6e-10	4.33721e+10	5.32967e+11	1.3977e+11	-1.45244e+10	-3.33921e+11	1.21684e+11	1.03866e+10	-3.1898e+10	8.33431e+10	-7.06427e+09	-5.12749e+10	1.65246e+11	8.20288e+09	1.06914e+11	6.76917e+09
6.65e-10	7.3523e+09	2.91866e+11	-7.37158e+10	1.01552e+10	-1.06619e+11	3.04992e+11	-2.79881e+10	1.2764e+11	-2.33752e+11	-7.42508e+09	-2.15774e+11	-7.34867e+10	-1.14329e+10	6.11883e+10	-9.981e+09
6.7e-10	-2.13627e+10	1.95951e+11	-4.96825e+10	-1.09891e+10	-1.21831e+10	4.16534e+10	-3.4123e+09	9.85377e+10	1.71641e+11	-3.78938e+09	-2.74222e+10	-5.24776e+10	7.49231e+09	-1.35135e+11	-2.94289e+11
6.75e-10	2.93561e+10	2.42457e+11	1.16514e+11	-3.0315e+09	-1.35196e+11	-2.96416e+10	2.37582e+09	8.3298e+10	-2.56938e+11	-1.20184e+09	-1.25903e+11	6.55251e+10	2.26678e+09	-1.14956e+11	-6.84742e+10
6.8e-10	1.02658e+11	2.05583e+11	4.56712e+11	5.96286e+09	-2.36912e+11	8.23893e+10	5.08302e+09	1.01194e+11	-1.14483e+11	-2.73491e+10	-2.80256e+11	1.02622e+11	-1.18954e+09	-4.8121e+11	1.59804e+11
6.85e-10	6.53403e+10	-1.40444e+09	2.80621e+11	-1.05445e+09	-4.57174e+10	1.17724e+11	-1.6914e+10	1.36636e+10	6.10018e+10	-1.77226e+09	1.60076e+11	1.62578e+10	-1.03683e+10	-2.05662e+11	-3.13707e+09
6.9e-10	3.46523e+10	2.48448e+11	5.85743e+10	2.13911e+09	-1.29715e+11	1.91426e+11	-9.17692e+09	1.64445e+11	2.54083e+10	-2.43626e+10	-3.06338e+11	6.8585e+10	7.07102e+09	-2.82602e+10	1.59692e+11
6.95e-10	6.65778e+09	-3.89106e+10	2.32574e+08	1.29181e+10	-2.17073e+11	1.14369e+11	-5.90097e+09	-9.55555e+10	5.67066e+10	-8.15987e+09	1.10671e+11	3.90862e+10	-3.2588e+09	-1.62674e+11	1.14389e+11
7e-10	-4.24517e+09	-3.35571e+11	-5.80538e+10	8.20532e+09	-2.37404e+11	1.80306e+11	-3.45993e+09	-6.33832e+10	-4.80938e+10	-1.08906e+10	4.33653e+10	3.02067e+10	-5.0848e+09	1.09788e+11	2.32452e+10
7.05e-10	8.50359e+08	1.08421e+11	1.31887e+11	5.59655e+10	-2.29138e+11	4.2257e+11	4.2108e+09	4.92295e+10	-1.73791e+10	6.70379e+09	2.93067e+10	-1.10304e+11	-4.55921e+09	1.61133e+11	9.03506e+08
7.1e-10	4.33095e+10	1.89307e+10	3.07048e+11	-2.23434e+10	2.72836e+11	4.20857e+10	-3.13125e+09	1.35158e+11	7.75759e+10	-1.38197e+10	-6.3338e+10	3.62099e+11	-7.13773e+09	7.39802e+10	2.88509e+09
7.15e-10	8.63394e+10	-2.72536e+11	3.28408e+11	-4.92547e+09	-1.82091e+11	4.60891e+10	5.98357e+09	1.18271e+11	-1.40094e+11	1.83574e+10	9.53421e+10	-4.2891e+10	-9.3812e+09	-7.79174e+09	1.69892e+11
7.2e-10	8.25691e+10	6.80549e+10	4.4849e+11	-2.52807e+10	-1.4223e+11	6.75836e+10	4.85158e+09	1.62883e+10	-1.42854e+11	-1.51178e+10	1.52014e+11	-4.90623e+10	5.54185e+07	-1.21679e+11	1.00081e+11
7.25e-10	2.50197e+10	-1.51898e+11	2.44386e+11	-2.65827e+09	9.16286e+10	-8.90747e+10	4.38662e+09	6.36443e+10	-2.90329e+10	-2.39128e+10	6.89159e+09	1.16971e+11	-1.41904e+10	1.29788e+11	8.21598e+09
7.3e-10	7.59976e+09	-6.32455e+10	-7.31493e+08	-2.17774e+10	1.18338e+11	9.40015e+10	-1.27125e+10	-1.13101e+10	-1.59247e+11	-8.36795e+09	2.43238e+11	-7.89296e+10	3.23724e+09	-7.07489e+10	7.71533e+10
7.35e-10	7.38606e+09	-1.01452e+11	5.42185e+10	8.89345e+09	-1.23055e+11	6.11458e+10	1.59378e+10	2.00822e+11	-4.02648e+09	-4.95481e+09	1.15929e+11	1.42524e+11	6.54687e+09	6.94643e+10	1.26795e+11
7.4e-10	4.6487e+10	-1.96237e+11	2.18138e+11	-5.2229e+09	-1.30247e+10	-1.8109e+11	1.77754e+10	2.96849e+11	1.31572e+11	9.24922e+09	4.42503e+11	4.70085e+11	-4.10189e+09	-1.48442e+11	1.21384e+10
7.45e-10	5.14485e+10	-2.26087e+11	2.39333e+11	-8.52311e+09	-4.35806e+10	-1.14045e+11	1.12447e+10	1.48372e+11	7.24526e+10	1.47414e+10	1.76444e+11	-2.65239e+10	-6.63883e+09	5.26785e+10	-1.98301e+11
7.5e-10	1.05532e+09	7.65574e+10	1.22964e+11	6.37974e+09	7.26211e+09	-1.56584e+11	7.65245e+09	3.11041e+11	-6.87837e+10	-1.49197e+10	-3.32241e+11	-1.47407e+11	6.53942e+09	1.51544e+11	9.64352e+10
7.55e-10	-1.28076e+10	2.18348e+11	3.0244e+10	3.62493e+09	3.05034e+11	-6.49372e+10	9.59905e+09	1.21273e+11	-2.03545e+11	-1.6713e+10	1.41489e+11	-1.93713e+11	-6.77463e+09	-1.033e+11	5.9519e+10
7.6e-10	-7.77838e+09	1.99944e+10	-1.7897e+10	-3.983e+10	-1.86396e+11	2.40901e+11	-2.65618e+10	1.05479e+11	-9.26286e+10	-1.03223e+10	-9.61717e+10	-3.24361e+10	2.51478e+10	-7.86519e+10	2.32749e+11
7.65e-10	2.91724e+10	-1.2616e+11	-1.76025e+11	-2.95224e+09	-9.76607e+10	-1.60783e+11	3.63924e+09	-2.79679e+11	6.01218e+10	-2.00816e+10	-8.75511e+10	1.91307e+10	1.28025e+10	2.10105e+11	4.55468e+11
7.7e-10	4.72634e+10	-3.04565e+11	-8.05067e+10	2.33816e+10	5.74175e+10	-4.32026e+11	-2.70202e+09	-6.7564e+10	1.20673e+11	-3.88593e+09	8.58161e+10	-3.54819e+10	-3.81484e+09	2.44453e+11	-4.07686e+10
7.75e-10	5.38844e+10	-1.1493e+11	-2.27401e+11	-1.30354e+10	2.30716e+11	1.88529e+10	5.26908e+09	2.04828e+11	6.80264e+10	-7.59831e+09	1.9423e+11	6.85271e+09	-3.54761e+09	-2.28084e+11	-3.15214e+10
7.8e-10	3.51467e+10	-2.44136e+11	-7.21486e+10	5.24823e+09	-5.53682e+10	-6.57223e+10	8.30953e+09	1.23806e+11	-8.11628e+10	-5.66708e+09	-1.19341e+10	-2.79435e+10	-1.30348e+10	7.06965e+09	-2.97371e+08
7.85e-10	3.19799e+10	-1.76139e+11	2.17277e+11	-7.43568e+09	-5.26178e+10	1.99673e+11	-5.53044e+09	3.65347e+11	-1.91274e+11	5.08971e+09	-1.21958e+11	2.2879e+10	-8.7883e+09	1.03525e+10	-3.05821e+10
7.9e-10	4.24051e+10	-3.83282e+11	1.76377e+11	-2.17947e+10	2.6903e+11	-1.20138e+11	-3.4563e+08	-7.06859e+10	-1.30072e+11	-1.2955e+10	3.04503e+11	2.00689e+10	6.73612e+09	-2.29303e+11	1.4598e+11
7.95e-10	-1.21087e+10	1.10888e+11	9.08696e+10	4.07228e+09	2.63484e+10	-1.40849e+11	1.72391e+10	-3.82356e+11	6.21548e+10	-1.20541e+10	3.04916e+10	4.65601e+10	1.81928e+09	-2.93193e+10	2.32154e+11
8e-10	1.85282e+10	-1.83495e+11	-1.45258e+11	2.87298e+10	1.94012e+11	-2.61603e+11	-3.89231e+10	1.69316e+11	-3.71026e+10	-9.3191e+09	4.1278e+10	-5.67841e+10	1.84497e+10	-7.29181e+10	2.0486e+11
8.05e-10	1.49457e+10	-6.75412e+09	-7.88192e+10	-4.7133e+09	1.23818e+11	-1.52334e+11	1.71634e+10	6.52643e+10	2.81999e+11	3.39275e+09	-2.7465e+11	8.00966e+10	-8.17464e+09	-1.231e+11	6.92668e+09
8.1e-10	-1.73565e+09	2.97379e+09	-2.88225e+10	1.20027e+10	1.67392e+10	-9.83829e+10	-5.14122e+09	-1.79124e+10	1.32961e+11	-8.00185e+09	-4.63129e+10	-1.82693e+11	-1.03797e+10	-2.3774e+11	-2.92411e+10
8.15e-10	1.80371e+10	-1.2035e+11	-6.6676e+09	4.0444e+09	2.91747e+11	-8.20043e+10	-1.97999e+10	-1.96318e+11	-3.27039e+10	-1.73402e+10	2.79871e+11	1.50448e+11	-1.26756e+09	-3.29308e+10	1.00704e+11
8.2e-10	7.39815e+10	-1.70236e+11	3.08414e+11	-9.39025e+09	-1.56993e+11	6.97553e+10	-5.25762e+09	-9.30424e+10	1.60068e+11	-1.21282e+10	-1.43004e+11	-1.53451e+11	-1.79974e+10	1.95449e+11	-4.62554e+10
8.25e-10	1.6502e+10	-2.52071e+11	1.34957e+11	8.89259e+09	1.23301e+10	-4.92649e+10	-1.39734e+10	-2.48282e+11	-5.43297e+10	1.88586e+10	-1.21053e+11	-9.24108e+10	-8.94325e+09	-1.64636e+11	-5.19691e+10
8.3e-10	-3.78534e+09	-9.19858e+10	1.58222e+11	1.04323e+10	-2.26472e+10	-6.4516e+10	1.43424e+10	6.26563e+10	2.09968e+11	2.51529e+10	-3.2218e+11	-1.45572e+11	-2.07447e+10	-2.76255e+11	-1.12924e+11
8.35e-10	3.78108e+10	3.66621e+11	-8.20706e+10	2.45744e+10	-3.92308e+11	-1.54797e+11	-8.17716e+09	9.99025e+10	2.77796e+10	-9.06915e+09	6.10643e+10	8.28898e+10	-8.36308e+09	5.66067e+10	4.44757e+10
8.4e-10	2.29009e+10	-8.02475e+10	-2.17053e+11	-1.6325e+10	1.07017e+11	1.55115e+11	2.57253e+08	2.50564e+11	-1.26535e+11	-1.81228e+09	-1.50778e+11	7.22916e+10	9.9776e+09	-1.29576e+11	3.74293e+10
8.45e-10	2.18619e+10	-1.71378e+11	1.14291e+11	7.42968e+08	2.30831e+10	-1.27913e+11	-7.02708e+09	-5.29882e+10	9.04238e+10	-1.08324e+10	1.46641e+11	-1.21364e+11	-1.53348e+10	6.6374e+10	-9.30453e+10
8.5e-10	8.47165e+10	-2.23326e+11	4.96575e+11	7.65623e+09	-1.4756e+11	5.62034e+10	-1.36048e+10	-2.10448e+09	2.28599e+11	-8.55992e+09	-1.02089e+11	-4.8238e+10	-1.55794e+09	-1.80549e+11	1.04023e+11
8.55e-10	2.59044e+10	1.4258e+11	2.32105e+11	1.25448e+10	2.17305e+10	1.533e+11	1.35156e+10	8.46966e+10	-7.6231e+10	-1.77695e+09	-1.61454e+11	1.55029e+10	-6.9262e+09	4.43108e+10	-3.93061e+11
8.6e-10	-1.86355e+10	4.19623e+09	-9.00703e+10	9.46036e+08	8.69905e+10	-1.02202e+11	-1.3031e+10	-2.93406e+11	-1.85722e+11	6.37192e+09	-7.40294e+10	1.60531e+10	5.20982e+09	-2.34556e+10	9.93556e+10
8.65e-10	5.20737e+10	3.34645e+11	2.03135e+11	1.72908e+09	-1.41545e+10	-1.07458e+10	1.47874e+10	1.21764e+11	4.17449e+10	-7.66569e+09	3.88528e+10	2.95648e+11	-1.90511e+08	-5.78933e+10	-1.25171e+11
8.7e-10	-7.01815e+09	-2.16889e+11	-2.195e+10	3.11552e+09	-4.10376e+10	1.87928e+11	-1.84541e+10	-5.29817e+10	-6.24317e+10	5.86901e+09	1.21713e+11	2.01709e+11	-1.96927e+09	-3.91634e+10	-3.33664e+11
8.75e-10	1.63282e+10	-3.98478e+10	-2.03418e+11	3.38755e+09	-5.55709e+08	5.06692e+10	-2.35587e+09	-1.30978e+11	1.72799e+11	-1.56339e+10	2.68335e+10	-8.36081e+10	-8.51007e+09	4.18307e+10	-8.212e+10
8.8e-10	6.76125e+10	-3.74885e+11	1.78967e+11	-1.12347e+10	9.24106e+10	3.35122e+11	-9.23074e+09	7.43876e+10	2.12712e+11	-1.273e+10	-1.08764e+11	-3.70687e+10	2.91208e+09	-5.52084e+10	1.45432e+11
8.85e-10	1.549e+10	-6.61939e+10	2.16249e+11	-4.48428e+09	2.93927e+11	1.24211e+11	8.08283e+08	1.89798e+11	3.15541e+11	-1.72261e+10	1.21583e+11	1.38517e+11	-9.08498e+09	-5.66044e+10	-3.97967e+10
8.9e-10	3.05596e+10	-1.47658e+11	6.67732e+10	6.66593e+09	1.23167e+11	-1.24525e+11	-8.47334e+08	-6.00687e+10	9.66803e+09	-5.01425e+09	-1.81824e+11	1.75472e+11	-8.07429e+09	5.08429e+10	9.20484e+10
8.95e-10	-1.82525e+10	-1.47314e+11	-5.78059e+10	1.63067e+10	1.33827e+11	-1.57606e+11	5.33088e+09	2.48988e+11	8.90263e+10	3.00082e+09	9.89141e+10	-1.93737e+11	6.87174e+09	-1.51677e+11	7.07828e+10
9e-10	8.69178e+08	4.19344e+10	1.04706e+11	2.21603e+10	-2.11955e+10	-2.83407e+11	-8.39112e+09	-8.89951e+10	8.76326e+09	-1.16555e+10	-7.55014e+10	7.81334e+10	-3.46815e+09	-9.7715e+10	-4.26198e+09
9.05e-10	3.68643e+09	-8.96933e+09	-1.05803e+11	2.03664e+10	-4.5022e+10	-2.32738e+11	2.48613e+10	-6.10868e+10	2.37865e+11	7.62417e+09	-1.31997e+11	-7.32286e+10	-1.56687e+10	-1.01957e+11	8.40789e+10
9.1e-10	3.13665e+10	-2.89726e+11	3.17446e+10	1.22179e+09	-4.7691e+10	-1.97008e+11	4.90575e+09	-2.20521e+11	3.01323e+11	-1.80946e+10	-2.82702e+10	-8.67528e+10	-2.48277e+10	-2.11503e+10	-1.15751e+11
9.15e-10	4.47447e+10	-1.23957e+11	-1.58218e+11	-3.0249e+10	2.34947e+11	1.77131e+11	-3.26122e+09	1.57407e+11	9.30786e+10	8.30234e+09	-1.07032e+11	1.38159e+10	-1.91053e+10	-7.57767e+09	1.52278e+11
9.2e-10	2.00641e+11	-5.79802e+11	1.49677e+10	1.09649e+09	9.63653e+10	8.87694e+10	-1.11093e+09	8.97706e+09	2.20051e+11	2.46895e+07	1.16029e+11	-7.02015e+10	-1.06504e+10	5.53156e+10	-3.49442e+10
9.25e-10	7.2888e+10	-1.19098e+11	2.35793e+11	-1.11434e+10	-1.4523e+11	-1.74668e+11	-3.1914e+09	2.76796e+11	3.57668e+09	-1.50271e+10	6.08735e+10	8.10751e+10	-2.15941e+10	-8.25884e+10	-1.34091e+11
9.3e-10	2.63669e+10	-2.34293e+11	1.34254e+11	-4.10705e+10	-1.99168e+11	1.15205e+10	-4.36148e+09	-9.29824e+10	-1.01557e+11	-9.94924e+09	-5.44953e+10	-3.09506e+10	-1.50723e+10	1.39564e+11	1.04062e+11
9.35e-10	1.33096e+10	-7.36012e+10	-1.07436e+11	2.60367e+10	2.61661e+10	-2.24239e+11	-3.79882e+09	-1.44311e+11	-1.49367e+11	7.53728e+09	-1.62785e+11	-2.33355e+11	4.32835e+09	-1.04799e+11	1.25068e+10
9.4e-10	5.51814e+10	1.51052e+10	-2.28997e+11	-5.00669e+10	-3.73385e+10	1.75184e+11	3.0574e+09	4.00781e+10	1.32356e+11	2.27973e+10	-1.34132e+11	3.04136e+11	-2.40625e+10	-3.5795e+10	5.16395e+10
9.45e-10	4.60256e+10	-1.21278e+11	-6.43485e+10	5.28429e+09	1.1391e+11	-2.24055e+11	3.25596e+09	2.02147e+11	3.27951e+11	1.18382e+10	-1.72231e+11	3.63257e+11	-7.70299e+09	2.25031e+10	9.17401e+10
9.5e-10	7.83151e+10	-2.51748e+11	-9.47359e+10	-3.3687e+08	4.40544e+10	3.15064e+11	-6.67923e+09	-2.3153e+11	1.18434e+10	7.67409e+09	-3.20979e+11	-1.10169e+11	-1.55814e+10	3.33683e+11	-1.67973e+11
9.55e-10	5.55585e+10	-2.69452e+11	2.16774e+11	1.35978e+10	1.98741e+11	3.49478e+09	1.17406e+10	2.0221e+11	1.211e+11	2.30292e+10	-1.77178e+11	-1.80488e+11	6.73274e+09	-2.15394e+11	6.98741e+10
9.6e-10	4.36826e+09	-1.48663e+11	-2.20381e+11	-4.18165e+10	-6.1914e+10	1.8148e+11	5.06801e+09	-1.84374e+11	-5.10752e+10	-1.10764e+10	-5.16745e+10	-3.07927e+11	-1.77745e+10	1.65374e+11	1.01243e+11
9.65e-10	-4.08767e+10	-6.86195e+09	-3.86043e+11	4.82466e+10	1.52138e+11	-2.65258e+11	2.43972e+09	1.19995e+11	9.47363e+10	1.0999e+10	-6.29573e+10	1.80806e+11	8.53429e+09	-4.26417e+11	1.34276e+11
9.7e-10	7.28406e+10	3.79662e+11	-2.23328e+11	3.10926e+10	1.84667e+11	-1.82937e+11	-4.58384e+09	-1.67793e+11	1.02396e+11	-3.97815e+08	-4.64082e+11	1.44497e+11	-5.46102e+09	1.34481e+11	-6.67027e+09
9.75e-10	6.58064e+10	-7.1229e+10	-2.84783e+11	-2.8449e+10	1.53029e+11	2.18368e+11	-1.2582e+10	-4.77852e+10	-1.61874e+11	2.76737e+09	-1.56778e+11	-1.28973e+11	3.01414e+09	-1.69502e+11	-9.87144e+10
9.8e-10	9.56803e+10	1.29764e+11	-3.88188e+11	2.4113e+10	6.78025e+10	-6.75167e+10	4.81722e+10	-2.35814e+11	1.92493e+11	7.3752e+09	6.26728e+10	2.93162e+11	-7.8816e+09	1.01551e+11	-2.27072e+09
9.85e-10	4.00833e+10	-1.15998e+11	-1.02606e+11	3.6626e+09	1.89552e+11	6.18434e+10	3.71611e+10	-3.49529e+10	2.33644e+11	2.10052e+08	-4.84219e+10	-2.75004e+11	-9.14355e+09	1.42903e+11	-6.10755e+10
9.9e-10	-4.36852e+09	1.61782e+10	3.70624e+10	4.44054e+10	1.30276e+11	1.8042e+11	-2.17053e+10	1.95137e+11	-3.33793e+10	8.80081e+09	-4.92281e+10	2.31994e+11	-1.65075e+10	1.34451e+11	-3.21554e+10
9.95e-10	6.78904e+09	3.54878e+10	2.11056e+11	2.86873e+10	1.00307e+11	1.48257e+11	2.03583e+10	-5.26561e+10	-3.74867e+11	-2.52034e+10	1.13447e+11	-1.81617e+11	-3.94233e+09	2.65569e+09	9.01584e+09
1e-09	1.43992e+10	5.27937e+09	1.97125e+11	-6.78019e+09	1.02109e+10	-1.86071e+11	1.48769e+10	-1.77996e+11	-6.67116e+10	-6.44907e+08	3.38217e+10	-3.50483e+10	9.6583e+09	-1.8149e+11	-1.4168e+11
1.005e-09	1.31676e+11	4.54937e+11	4.52748e+10	-1.06031e+10	7.9168e+10	-4.31838e+10	4.59503e+10	-1.18702e+11	-2.1241e+11	-1.08733e+10	2.66988e+10	-9.54202e+10	-3.93775e+09	-6.59647e+10	5.5482e+10
1.01e-09	9.98849e+10	2.88243e+11	-2.40031e+11	-2.31929e+10	1.68696e+10	-9.01172e+10	4.69309e+09	-7.21645e+10	1.90144e+11	-1.14493e+10	-1.19203e+11	-1.14221e+11	3.65251e+09	1.56283e+10	-1.45709e+11
1.015e-09	1.84619e+10	2.33822e+11	-1.34943e+11	1.9803e+10	-1.10263e+10	2.66586e+11	-6.57592e+09	-4.48034e+10	-4.2819e+10	8.88608e+08	-1.33026e+11	1.70753e+11	-1.1425e+10	1.35461e+11	-1.48788e+11
1.02e-09	-3.47029e+09	5.18149e+10	-1.26791e+11	2.49193e+10	-4.00498e+10	1.47711e+11	-1.20267e+10	-1.23152e+11	8.61969e+10	-4.49869e+08	1.59746e+10	7.01368e+10	5.93947e+09	-2.39577e+11	-2.80222e+11
1.025e-09	9.86535e+10	-1.7838e+11	2.57834e+11	-8.55067e+09	-5.09122e+10	4.54804e+10	-3.78988e+09	-4.98176e+10	-4.96667e+10	4.06792e+10	1.51535e+11	-4.18612e+11	6.41719e+09	2.91211e+11	-2.28313e+11
1.03e-09	9.69257e+10	-1.10848e+11	2.67694e+11	9.55517e+08	-1.34704e+11	2.64398e+11	1.93766e+10	-1.77798e+11	-2.4762e+11	1.75154e+10	-2.00766e+11	-2.98254e+11	-3.46266e+10	-2.92978e+11	1.77677e+10
1.035e-09	7.23377e+10	4.87447e+10	2.65275e+11	-4.72672e+08	1.02104e+11	-2.21409e+10	-5.89796e+09	1.25611e+09	-4.90015e+09	-1.49716e+10	1.03207e+11	-3.61449e+10	-1.38893e+10	-4.66007e+10	-7.78464e+10
1.04e-09	-2.14363e+10	-1.22767e+11	2.27898e+11	1.41287e+10	6.91562e+10	-1.72726e+11	2.97856e+09	-2.2812e+11	1.11498e+11	-3.20745e+09	-2.28407e+10	-1.13943e+11	6.53539e+09	1.57533e+10	-5.63823e+09
1.045e-09	9.58855e+10	1.66112e+11	-2.78218e+11	3.5967e+10	-2.66499e+11	-1.13404e+11	1.11321e+10	-2.5321e+11	5.98324e+10	-7.88342e+09	3.76409e+09	7.03721e+10	-2.09735e+10	1.41777e+11	1.23738e+11
1.05e-09	6.43965e+10	-8.34345e+10	-1.86901e+11	-1.9594e+09	-5.38403e+10	-1.11324e+11	-1.69547e+09	3.59675e+10	-2.79456e+09	2.31068e+10	2.51723e+11	6.99399e+09	-3.10539e+10	-2.12128e+11	1.34092e+11
1.055e-09	1.06979e+11	-2.34927e+11	-2.44164e+11	-1.56036e+10	7.14826e+10	-1.06699e+11	4.01716e+10	2.8503e+11	6.50363e+10	2.93775e+08	1.51743e+10	-2.95178e+10	-1.135e+10	-5.4467e+10	1.7998e+11
1.06e-09	4.21943e+10	-1.50719e+11	-8.91229e+10	1.09e+10	4.02039e+10	1.51739e+11	3.36523e+10	2.51135e+11	9.09385e+10	-5.61933e+09	9.46844e+10	1.54524e+11	6.01613e+09	-1.43106e+10	-1.21128e+10
1.065e-09	2.45796e+10	-1.48266e+11	1.11457e+11	3.15546e+10	2.60667e+11	-9.7273e+10	-2.5692e+09	7.47872e+10	2.31873e+10	-9.2244e+09	-1.75647e+09	-2.86778e+11	7.75115e+09	-1.7693e+11	1.23934e+11
1.07e-09	2.54355e+10	7.45472e+10	-4.03286e+10	1.18319e+10	2.33726e+11	-6.91071e+10	1.35689e+10	-5.591e+10	1.0931e+11	-7.59301e+09	6.07953e+10	-7.01402e+10	3.1251e+09	1.76861e+11	1.24568e+11
1.075e-09	5.02136e+10	2.28969e+11	1.52449e+11	-2.42133e+09	1.3257e+11	-2.51722e+10	2.45818e+10	-4.69205e+11	2.5646e+11	-3.13524e+09	1.39295e+11	1.21403e+11	1.06862e+10	9.7717e+10	-2.95256e+11
1.08e-09	1.66731e+11	3.27802e+11	-3.13566e+11	-5.13664e+09	-1.53523e+11	2.16004e+11	-6.94361e+09	-7.59941e+10	6.92977e+10	4.79739e+09	1.41208e+10	7.71144e+10	-1.98125e+10	2.70273e+10	5.12493e+10
1.085e-09	1.19651e+11	1.25548e+11	-3.45973e+11	4.47745e+09	-1.0275e+11	7.22257e+10	1.85801e+10	-4.64363e+10	1.2423e+11	-5.61823e+09	4.72988e+09	-1.49386e+11	-1.49249e+10	1.13995e+11	-1.02099e+11
1.09e-09	1.013e+11	-5.14175e+09	-5.3718e+11	-1.71343e+09	2.33596e+10	-7.3063e+10	-9.00579e+09	1.5554e+11	-1.04437e+11	-1.05473e+10	1.04981e+10	-1.9111e+11	9.58125e+09	-1.39847e+11	9.43894e+10
1.095e-09	-4.96115e+09	-1.87961e+11	7.63315e+10	5.05537e+10	2.76143e+11	1.87853e+11	1.43656e+09	-1.46689e+11	-4.08651e+10	1.03163e+10	-1.80727e+11	-1.30177e+11	2.79911e+09	-2.64519e+11	-1.22863e+09
1.1e-09	6.25174e+10	1.58185e+11	2.41095e+11	2.27216e+10	1.18837e+11	2.89426e+10	-2.45684e+10	9.06375e+10	1.17919e+11	1.93453e+09	-9.86158e+10	-2.0846e+11	-7.72957e+09	1.29671e+11	2.61609e+10
1.105e-09	1.07344e+11	3.13291e+11	1.08913e+11	-2.60951e+09	1.70216e+11	-5.95413e+10	1.44426e+10	-2.17213e+11	3.30751e+10	-3.22492e+10	-1.42609e+11	-1.85907e+10	-6.42478e+09	3.17835e+11	-3.83405e+10
1.11e-09	2.366e+11	5.29339e+11	-6.27876e+09	-9.32044e+09	7.08117e+10	1.79345e+11	-2.47796e+09	-1.92935e+10	1.6855e+11	9.45109e+08	1.15935e+10	2.50153e+11	-1.5464e+10	1.67031e+11	8.93895e+10
1.115e-09	1.1039e+11	1.86331e+11	-2.12942e+11	-7.456e+09	1.50614e+09	-1.4118e+11	6.14429e+09	-1.92524e+11	-2.06117e+11	-1.43246e+09	-7.39989e+10	-3.03795e+10	5.43757e+09	-2.13552e+10	2.43219e+11
1.12e-09	9.12145e+10	8.55758e+10	-4.54736e+11	3.092e+10	-1.13068e+11	3.35171e+11	2.1887e+10	1.43789e+11	-2.48936e+10	-1.27064e+10	-7.94002e+10	-1.53565e+11	6.78263e+08	-3.07256e+11	-2.00814e+11
1.125e-09	1.73701e+10	-2.26686e+11	1.77234e+11	2.81437e+10	-7.72135e+10	1.14921e+11	1.79873e+10	2.83398e+11	-1.3174e+11	-2.32074e+10	9.94948e+10	-8.01708e+10	-5.24249e+09	-1.19923e+10	1.90148e+11
1.13e-09	2.27051e+11	-2.60995e+11	6.22546e+11	2.38157e+10	1.9201e+11	9.80054e+10	8.89049e+09	1.70183e+11	-3.96622e+10	-3.73191e+09	2.59759e+10	-2.40645e+10	-3.35145e+09	-5.43227e+10	-7.25314e+10
1.135e-09	1.97959e+11	-1.2003e+11	5.17729e+11	1.42792e+09	1.71236e+11	-1.08149e+11	3.91509e+10	-2.22177e+11	-2.59417e+11	-1.50663e+10	4.07282e+10	1.39212e+11	-1.04969e+10	1.45413e+11	-1.53312e+11
1.14e-09	6.44055e+10	1.59453e+11	9.32529e+10	1.18542e+07	-1.62476e+10	-1.73596e+10	9.61579e+09	-1.00391e+10	-1.96656e+11	-1.02325e+10	-3.58782e+10	-4.864e+10	-5.90893e+09	2.5433e+10	1.29207e+11
1.145e-09	5.59611e+10	1.67583e+11	-1.04794e+11	-1.26341e+10	4.18013e+10	-4.60996e+10	2.2803e+10	-2.5266e+11	-8.11941e+10	-5.18653e+09	7.58078e+10	-9.84681e+10	4.37337e+09	-1.21149e+11	-1.86671e+11
1.15e-09	1.19968e+11	2.01963e+11	-3.64219e+11	1.78378e+10	-2.10855e+11	7.57523e+10	-4.40889e+09	1.10754e+09	5.04816e+10	-1.48467e+09	2.68849e+11	8.89742e+10	9.30563e+08	2.74733e+11	-1.479e+11
1.155e-09	6.78272e+10	-2.13188e+11	-1.75772e+11	1.7792e+10	-1.44866e+11	1.04816e+09	2.17198e+10	2.19321e+10	2.86633e+11	-8.36047e+09	2.29392e+11	6.41545e+10	1.56804e+10	1.69231e+11	2.57814e+11
1.16e-09	1.72418e+11	-4.36289e+11	-7.08153e+10	1.97351e+10	-4.93394e+10	2.37932e+11	1.27264e+10	1.51158e+11	-1.70779e+11	-2.4916e+10	1.37103e+11	1.66996e+11	3.87159e+09	1.66666e+11	-1.14804e+11
1.165e-09	7.66401e+10	-1.57921e+11	2.07133e+11	1.60259e+10	2.20255e+11	-4.8441e+10	5.21064e+09	-9.28753e+10	1.8212e+11	-1.00172e+10	1.64065e+11	-5.61958e+10	-7.41572e+09	1.23004e+11	-4.70329e+10
1.17e-09	1.31754e+11	-3.38895e+11	3.65795e+11	1.60052e+10	1.9149e+11	5.52349e+10	-1.07462e+10	1.53291e+11	-1.10273e+09	-1.68104e+10	-1.33262e+11	4.65593e+10	-1.28852e+10	6.37323e+09	-1.47904e+11
1.175e-09	1.41523e+11	3.88977e+11	3.6807e+11	1.31491e+11	-1.81324e+11	-5.04863e+11	-7.13256e+09	4.57594e+10	1.9709e+10	7.31469e+09	2.90891e+11	9.61626e+10	-5.82398e+09	-1.94796e+11	3.15604e+10
1.18e-09	1.24869e+11	3.8486e+11	-8.90638e+09	-4.2715e+10	-1.64065e+11	2.46887e+11	1.77627e+10	-3.77942e+10	8.63534e+10	-4.71061e+09	-6.59967e+10	7.41185e+10	-5.47436e+08	1.53883e+11	8.04455e+10
1.185e-09	1.17108e+11	3.44894e+11	-3.76335e+11	8.76172e+10	-4.46381e+11	-1.48863e+11	-2.68108e+10	-4.38568e+10	-1.60721e+11	-9.88986e+09	-1.73891e+11	2.34609e+11	-1.90619e+10	-8.92457e+10	-6.8239e+10
1.19e-09	2.82716e+11	-1.95164e+11	-5.29838e+11	-3.69331e+09	-1.9232e+11	-2.04198e+11	1.43154e+10	-1.26767e+11	2.5007e+11	1.09876e+10	-1.03828e+11	-2.59682e+11	-2.19375e+10	-1.51427e+11	-5.27245e+10
1.195e-09	1.91359e+11	-2.99828e+11	-3.58022e+11	-5.49903e+08	-2.57125e+10	2.25538e+11	3.21326e+10	8.57951e+10	2.52745e+11	-1.26968e+10	-7.08198e+10	1.31348e+11	8.55062e+09	6.78887e+10	1.30425e+11
1.2e-09	1.29015e+11	-4.25681e+11	2.26374e+11	-7.3381e+08	4.21241e+10	3.10978e+11	1.53006e+10	1.50675e+11	-6.27052e+10	-6.61023e+09	-6.17259e+10	6.86765e+10	-1.35313e+09	-5.20771e+10	2.3338e+11
1.205e-09	1.26084e+11	-4.07494e+10	3.98848e+11	1.69877e+10	1.41877e+11	-2.2977e+11	-5.22348e+09	-6.03707e+10	3.22256e+10	2.61055e+10	-1.94282e+11	3.22271e+11	3.17746e+10	-2.46831e+10	1.46987e+11
1.21e-09	3.49919e+11	6.11911e+11	2.53e+11	1.7978e+10	-3.55537e+10	-8.11864e+10	4.29716e+10	-1.50969e+11	-2.46192e+11	2.12436e+10	-1.46132e+11	1.66057e+11	-2.44601e+10	-1.67292e+11	6.80853e+10
1.215e-09	5.01255e+10	1.23946e+11	-1.99917e+11	-1.70183e+10	5.50874e+10	4.57544e+10	5.5723e+10	-3.41382e+11	-9.58724e+10	-7.55246e+09	-5.56516e+10	-4.70951e+10	-5.20235e+09	-4.10584e+10	6.18735e+10
1.22e-09	2.54421e+11	3.69291e+11	-4.87699e+11	-1.93571e+10	-2.30592e+10	-2.61359e+11	2.47713e+10	-6.36627e+10	1.11034e+11	-2.62337e+10	-2.25705e+11	1.07438e+11	-2.04175e+10	7.56119e+10	1.32278e+11
1.225e-09	9.39838e+10	-5.77039e+10	-2.38637e+11	1.49841e+11	-1.6035e+11	5.49567e+11	-1.01014e+10	4.6122e+10	-1.81996e+11	-2.17846e+10	1.88859e+11	-6.36089e+10	-7.01507e+09	1.75698e+10	2.10476e+10
1.23e-09	2.5321e+11	-5.23089e+11	-2.06038e+11	9.37332e+10	1.78629e+11	3.21826e+11	3.72344e+09	5.84028e+10	1.16323e+11	-1.37618e+10	-1.15462e+11	-1.22389e+11	-1.86979e+10	9.22643e+10	-5.99344e+10
1.235e-09	1.87979e+11	-3.58958e+11	8.12187e+10	6.84772e+10	2.00308e+11	3.58555e+11	3.65705e+09	1.18307e+11	-1.40755e+10	5.06566e+09	6.01999e+10	-2.33105e+11	-1.1807e+10	-2.92491e+11	-9.81313e+10
1.24e-09	8.93029e+10	-4.50883e+10	2.48067e+11	1.19551e+10	7.10625e+10	-1.8334e+10	2.83677e+09	9.62767e+10	-1.8874e+11	-3.37054e+10	-1.04076e+11	2.25873e+11	-2.76247e+09	-7.76117e+10	-5.17612e+10
1.245e-09	1.20407e+11	1.38805e+11	1.87611e+11	1.90611e+10	-1.21937e+11	-2.82977e+11	-1.57297e+10	2.29419e+11	-1.146e+11	-2.8705e+09	3.0237e+11	-3.47345e+10	5.6434e+09	-1.30282e+11	-1.16728e+11
1.25e-09	2.74458e+11	5.30566e+11	4.07392e+10	8.53609e+10	-2.25765e+11	-3.96662e+11	8.17682e+09	-3.3159e+10	2.19726e+11	2.98713e+10	4.43136e+11	-2.45441e+11	1.221e+10	1.45684e+11	-7.04866e+10
1.255e-09	1.64864e+11	3.75394e+11	-7.93125e+10	1.4813e+10	-8.29737e+10	8.25887e+10	1.07395e+09	2.6876e+11	1.09778e+11	-9.26561e+09	-4.28003e+10	-1.05563e+11	-1.70333e+09	-4.48351e+10	-1.42394e+10
1.26e-09	1.4262e+11	-1.80999e+10	-2.87321e+11	5.70176e+10	-1.76122e+11	9.78712e+10	1.44964e+10	-7.51524e+10	2.23338e+11	-6.03732e+09	3.56959e+10	3.28567e+10	-2.65801e+09	1.73506e+10	1.12205e+11
1.265e-09	8.81075e+10	-2.48966e+11	-2.12548e+10	4.06944e+10	1.70671e+11	2.88575e+11	-1.88057e+10	-1.31092e+11	-5.12587e+10	-3.53376e+09	-8.10519e+10	1.97939e+11	-3.26556e+08	3.62227e+10	5.71372e+10
1.27e-09	1.26123e+11	-3.34888e+11	2.62389e+10	8.24084e+10	1.99782e+11	2.52624e+11	5.22043e+10	3.90521e+11	-2.87359e+11	-1.09753e+09	-9.43543e+10	-8.97778e+10	-2.9736e+09	-1.02647e+11	3.49876e+10
1.275e-09	2.78559e+11	-2.47773e+11	4.45466e+11	1.07959e+11	3.50809e+11	5.49853e+10	-1.00328e+10	-3.67874e+09	-3.44665e+10	-1.01153e+10	1.62413e+10	3.42136e+10	-2.09796e+08	-4.70977e+10	2.67608e+11
1.28e-09	3.46528e+11	2.62463e+11	4.68906e+11	3.08561e+10	1.55235e+10	-2.44917e+11	6.07471e+10	-3.31482e+11	-1.7612e+11	3.81238e+09	9.88374e+10	5.58633e+10	-7.22356e+09	2.01946e+10	1.1796e+09
1.285e-09	1.31663e+11	1.83015e+11	1.88912e+11	9.0676e+10	-1.46855e+11	-4.35265e+11	4.89787e+10	-3.96346e+11	-2.31203e+10	-6.72637e+08	8.73601e+10	2.38505e+10	-1.54225e+10	-1.29006e+11	-2.65483e+11
1.29e-09	4.3326e+11	5.5718e+11	-2.65298e+11	6.9164e+10	-1.24689e+11	-3.47861e+11	-2.02692e+10	5.92481e+09	-1.01243e+11	2.62074e+10	3.01519e+11	-1.95966e+11	-7.98956e+09	-6.67982e+10	-2.66057e+10
1.295e-09	2.25885e+11	1.0685e+11	-4.09239e+11	8.31634e+10	-3.40876e+11	2.24554e+11	5.1218e+07	4.94976e+10	2.62569e+10	1.81345e+09	6.27415e+10	-2.08227e+10	-3.03546e+10	3.71894e+10	-2.16962e+11
1.3e-09	2.82883e+11	-1.19668e+11	-4.64649e+11	3.52872e+10	-2.82371e+11	1.1243e+11	6.74591e+09	-6.81225e+10	2.64285e+11	3.55038e+09	-6.95286e+09	-6.04928e+10	2.02302e+09	-1.93949e+11	1.06309e+11
1.305e-09	5.92022e+11	-7.37957e+11	2.47478e+10	3.14958e+10	9.81709e+10	5.21461e+10	3.92927e+10	1.00319e+11	-3.0975e+11	-8.31899e+09	1.02348e+11	-2.9623e+10	1.91163e+10	3.28882e+11	1.54422e+10
1.31e-09	5.32203e+11	-5.05456e+11	4.86871e+11	6.62787e+10	2.98784e+11	2.42129e+11	5.73832e+10	-9.96592e+10	-3.73983e+11	-4.1789e+09	1.76714e+10	6.57308e+10	1.39961e+10	1.39686e+11	-4.27621e+10
1.315e-09	5.81958e+11	-2.17563e+11	6.21783e+11	1.05553e+11	3.03543e+11	-2.12e+11	9.67713e+10	-2.43515e+11	-4.88353e+11	-1.69739e+09	-1.59579e+11	1.18343e+11	-3.42706e+10	1.75969e+11	1.16283e+11
1.32e-09	4.67404e+11	1.74806e+11	5.55087e+11	1.11646e+11	2.17901e+11	-3.59651e+11	1.05413e+10	-1.57712e+11	-4.48946e+10	2.888e+09	8.99059e+10	1.01107e+11	-1.13849e+09	-3.34669e+11	1.22174e+11
1.325e-09	3.95226e+11	4.26085e+11	1.86619e+11	1.19952e+11	-1.53641e+11	-4.11951e+11	5.72257e+10	-2.06705e+11	2.42819e+11	3.34357e+10	1.6813e+11	-1.60652e+11	1.97964e+10	-1.07034e+11	-3.04561e+11
1.33e-09	7.34394e+11	4.72741e+11	-6.30132e+11	7.47084e+10	-2.2282e+11	4.56789e+10	6.34722e+10	1.09609e+10	2.53195e+11	-3.61776e+09	-6.48696e+10	-4.5894e+10	1.0115e+10	3.1805e+10	1.96373e+11
1.335e-09	6.15698e+11	-1.47367e+11	-4.23936e+11	1.70284e+11	-1.00872e+11	4.26847e+11	5.51496e+10	1.04383e+11	2.01208e+11	3.6571e+09	5.93507e+10	-6.54909e+10	-5.15212e+09	3.35312e+11	2.42162e+11
1.34e-09	7.45738e+11	-4.51703e+11	-3.57867e+11	7.46661e+10	3.12082e+11	1.39383e+11	-5.15436e+08	1.06145e+11	8.56113e+10	2.96793e+10	-2.76103e+11	1.74117e+10	-8.49916e+09	-4.25587e+10	9.85588e+10
1.345e-09	8.57356e+11	-5.9365e+11	8.354e+10	2.56802e+11	4.96557e+11	7.86944e+10	4.84431e+10	1.77422e+11	-2.08824e+11	-6.31131e+09	-6.17569e+10	8.34631e+10	-6.13589e+09	1.07629e+11	-6.67708e+10
1.35e-09	9.85615e+11	-2.70209e+11	4.72709e+11	2.98233e+11	5.12169e+11	-1.04523e+11	5.83545e+10	-3.36662e+11	-1.31986e+11	-9.78637e+09	-1.93665e+11	1.82014e+10	2.22103e+10	2.13274e+10	-9.90423e+10
1.355e-09	1.0472e+12	-2.5674e+10	6.1855e+11	3.36343e+11	5.89936e+10	-6.92976e+11	1.46405e+11	-5.32452e+11	-4.64977e+10	3.16871e+10	1.13787e+11	1.46929e+11	1.96445e+10	-1.26876e+11	-2.02621e+11
1.36e-09	6.62186e+11	-1.35774e+11	3.13361e+11	2.96067e+11	-1.0327e+11	-3.99888e+11	1.14626e+11	-3.46449e+11	1.53959e+11	9.29117e+09	-1.88576e+11	2.5123e+11	-2.77977e+09	-2.22542e+11	-8.15154e+10
1.365e-09	8.81009e+11	7.75846e+10	3.43771e+11	4.43966e+11	-3.67079e+11	-5.5032e+11	1.63934e+11	-4.45726e+10	5.17426e+11	-2.23786e+10	-1.93638e+10	1.3859e+10	1.31411e+10	-9.41209e+10	-3.37118e+10
1.37e-09	9.48648e+11	3.6189e+11	8.6444e+10	5.64421e+11	-7.02921e+11	-1.36068e+11	1.1975e+11	-1.36406e+11	4.40793e+11	7.661e+09	-8.56813e+10	-1.0332e+11	1.92371e+10	-2.30073e+11	1.5371e+10
1.375e-09	9.90865e+11	4.74699e+11	-1.69465e+11	5.05039e+11	-6.06421e+11	2.05114e+11	1.9075e+11	3.59676e+11	1.47932e+11	-8.70106e+09	9.20124e+10	8.41334e+10	1.89665e+09	1.57236e+11	2.28201e+11
1.38e-09	9.14559e+11	4.45661e+11	-1.81926e+11	4.1179e+11	-4.61566e+11	3.73772e+11	1.8017e+11	3.92934e+11	-6.48654e+10	9.71587e+09	-1.22185e+11	1.11224e+11	-1.3764e+10	-1.64674e+11	5.71614e+10
1.385e-09	9.05579e+11	1.15153e+11	-5.40952e+11	5.77395e+11	-1.55192e+11	7.66165e+11	2.23591e+11	3.06772e+11	-3.33941e+11	-1.77663e+10	5.51036e+10	9.78498e+10	7.32629e+09	-4.83208e+10	-3.25739e+10
1.39e-09	9.47036e+11	-4.12353e+11	-4.2362e+11	5.06414e+11	5.43498e+10	7.22801e+11	1.05814e+11	-3.31194e+10	-2.90141e+11	9.50786e+10	-5.56771e+10	4.13222e+11	-5.065e+08	-5.02012e+10	-5.91322e+10
1.395e-09	9.80466e+11	-3.98015e+11	-1.40563e+11	3.35254e+11	3.33063e+11	2.87466e+11	1.3659e+11	-2.94612e+11	-2.63596e+11	4.21856e+10	1.14156e+11	1.34258e+11	-1.12722e+10	-6.89471e+10	1.16978e+11
1.4e-09	6.41686e+11	-3.8228e+11	6.76555e+10	3.38658e+11	4.99588e+11	-1.88536e+10	1.76208e+11	-4.0067e+11	-1.9334e+11	7.8628e+10	3.21437e+11	9.48823e+10	-1.28627e+09	-4.21657e+10	1.4602e+11
1.405e-09	9.51894e+11	-1.25539e+11	3.23304e+11	5.5323e+11	3.94055e+11	-6.13504e+11	1.17704e+11	-3.29395e+11	3.78208e+10	9.77791e+10	2.50294e+11	-2.68905e+11	4.44922e+10	-2.34194e+11	3.06075e+11
1.41e-09	1.14146e+12	-5.59382e+10	5.3145e+11	2.48775e+11	-7.74042e+10	-4.28001e+11	2.02375e+11	-3.20572e+11	2.33053e+11	6.89241e+10	2.04079e+11	-1.97644e+11	-7.31868e+09	9.97939e+10	-4.52683e+10
1.415e-09	1.01294e+12	-1.15527e+11	3.65406e+11	4.48771e+11	5.76783e+10	-5.55703e+11	2.41116e+11	-5.03167e+11	2.23181e+11	1.39062e+11	8.38321e+10	-4.69113e+11	4.06801e+09	9.4083e+09	1.22684e+11
1.42e-09	9.45617e+11	3.99618e+11	1.38342e+11	2.0009e+11	-2.20388e+11	-2.5135e+11	1.92306e+11	1.79632e+11	3.44982e+11	5.01737e+10	-1.99359e+11	-1.02149e+11	-2.66541e+10	-1.93432e+11	-5.86946e+09
1.425e-09	9.09535e+11	3.62876e+11	1.18435e+11	4.93795e+11	-6.79461e+11	-1.49076e+11	2.43831e+11	4.23231e+11	3.13623e+11	1.0209e+11	-3.4225e+11	-2.65666e+11	-1.56172e+10	2.2717e+10	-2.01253e+10
1.43e-09	6.95981e+11	2.13393e+11	-2.07401e+11	4.31465e+11	-2.14654e+11	6.03974e+11	1.40277e+11	1.41771e+11	2.65415e+11	2.94655e+10	-1.11976e+11	1.94389e+11	-3.7648e+10	-2.77376e+11	7.30896e+10
1.435e-09	1.04747e+12	1.77987e+10	-4.63662e+11	3.91405e+11	1.73644e+08	6.61019e+11	1.54125e+11	4.57633e+11	1.65643e+11	5.06246e+10	-1.65217e+11	1.32764e+11	2.69902e+10	3.31086e+10	-2.14681e+11
1.44e-09	1.01292e+12	-4.36817e+10	-5.76526e+11	3.12599e+11	1.28599e+11	4.52262e+11	2.61492e+11	3.94558e+11	-4.81981e+11	8.82474e+10	-9.06791e+10	4.1271e+11	-3.3913e+09	-8.41371e+09	-4.59672e+10
1.445e-09	8.07227e+11	-3.56162e+11	-2.13433e+11	5.37694e+11	6.00869e+11	5.16714e+11	2.00659e+11	-2.03218e+10	-3.92382e+11	4.81355e+10	-1.08869e+10	3.50474e+11	-3.64039e+09	1.07247e+11	-3.54236e+10
1.45e-09	1.01105e+12	-3.80651e+11	-6.99586e+10	4.35801e+11	5.26576e+11	-4.19422e+10	3.73505e+11	-3.49382e+11	-5.86645e+11	6.68166e+10	1.21663e+11	2.15929e+11	6.76735e+10	-2.98852e+11	-1.30034e+11
1.455e-09	9.5618e+11	-2.58928e+11	3.0843e+11	3.21928e+11	3.38743e+11	-3.72116e+11	4.09747e+11	-8.71124e+11	-2.06443e+11	4.70623e+10	2.81114e+11	4.74719e+10	-6.88738e+09	1.27192e+10	2.83214e+10
1.46e-09	1.05302e+12	2.75364e+11	5.96244e+11	4.02595e+11	-4.90461e+10	-6.49339e+11	2.31539e+11	-6.63288e+11	2.87194e+11	5.46947e+10	2.11431e+11	-1.13767e+11	7.45432e+10	-6.29751e+10	3.36498e+11
1.465e-09	8.86183e+11	3.61441e+11	3.75514e+11	5.2183e+11	-5.20255e+11	-5.77492e+11	1.30209e+11	-1.24719e+11	3.07479e+11	1.34882e+10	8.58536e+10	-1.18854e+11	4.32235e+10	6.78552e+10	2.69361e+11
1.47e-09	9.92319e+11	2.38622e+11	4.22371e+11	3.35403e+11	-3.25411e+11	-2.7823e+11	1.0725e+11	-6.81804e+10	2.86182e+11	7.68691e+10	-3.78633e+11	-2.71857e+11	3.45594e+09	6.52441e+10	6.75903e+10
1.475e-09	1.00719e+12	3.72517e+11	5.05011e+10	1.94125e+11	-2.41887e+11	-2.45248e+11	2.08348e+11	4.09422e+11	4.05766e+11	9.17655e+10	-4.3163e+11	-1.92345e+11	-6.40683e+09	6.05558e+10	-2.48954e+11
1.48e-09	7.17713e+11	1.97317e+11	-2.65638e+11	3.47909e+11	-2.85469e+11	4.3117e+11	2.44314e+11	4.4227e+11	1.28115e+11	2.71835e+10	-1.52769e+11	-2.44104e+11	2.65447e+10	2.65052e+09	-1.72883e+11
1.485e-09	8.09385e+11	3.08286e+11	-3.09315e+11	5.1391e+11	-2.9623e+11	5.269e+11	1.50841e+11	4.21097e+11	-1.70379e+11	-4.88183e+09	-1.84921e+10	-1.63973e+10	2.53817e+10	-8.18736e+10	-2.20657e+11
1.49e-09	9.27537e+11	6.60591e+10	-5.09301e+11	4.6742e+11	-1.4652e+11	5.78222e+11	2.58643e+11	5.9899e+11	-3.14236e+11	2.86678e+10	-1.52058e+11	9.42053e+10	1.77972e+10	7.01794e+10	-8.80363e+10
1.495e-09	7.25708e+11	-1.43291e+11	-4.33206e+11	3.84435e+11	3.49434e+11	4.29036e+11	1.73131e+11	-2.25722e+11	-5.12281e+11	4.33446e+10	3.59486e+10	2.64344e+11	9.06054e+09	-1.18789e+11	-8.05885e+10
1.5e-09	9.46974e+11	-4.55357e+11	1.22565e+10	3.83469e+11	5.24579e+11	2.15417e+11	1.63726e+11	-3.03685e+11	-4.6584e+11	6.4571e+10	1.3567e+11	3.14741e+11	3.34778e+10	-3.84515e+11	1.90552e+11
