Mon Oct 21 17:59:59 2024

<base> : Rectangle : 0m, 0m, 0m; 5um, 50nm, 5nm. Cells : 1000, 10, 1. Cellsize : 5nm, 5nm, 5nm
<supermesh> : Rectangle : 0m, 0m, 0m; 5um, 50nm, 5nm. Cells : 1000, 10, 1. Cellsize : 5nm, 5nm, 5nm

Saved data (dataname (unit) <meshname> (cells_rectangle)) : 

time (s)	<mxdmdt> (1/s) <base> (2.6um, 0m, 0m; 2.61um, 50nm, 5nm)			<mxdmdt> (1/s) <base> (3um, 0m, 0m; 3.01um, 50nm, 5nm)			<mxdmdt> (1/s) <base> (3.5um, 0m, 0m; 3.51um, 50nm, 5nm)			<mxdmdt> (1/s) <base> (4um, 0m, 0m; 4.01um, 50nm, 5nm)			<mxdmdt> (1/s) <base> (4.5um, 0m, 0m; 4.51um, 50nm, 5nm)			

0	8350.32	-99093	-104561	8576.16	-17160.5	318964	-13175.6	707813	630961	-3506.71	-259085	129225	-16337.2	303543	-343710
5e-12	1.50412e+10	1.02584e+11	-2.40101e+11	-2.12874e+09	-7.42556e+10	-7.05882e+10	2.40056e+09	-8.39739e+10	2.63126e+10	-9.86029e+08	-1.20022e+11	9.95659e+10	5.80514e+09	8.60802e+10	-2.55277e+11
1e-11	1.58246e+09	-1.68561e+11	-1.71424e+10	-5.32857e+09	-4.73457e+10	-6.65381e+10	-7.41158e+09	-2.23129e+10	-1.7886e+11	-5.05181e+09	-2.20084e+10	8.57039e+10	-3.36142e+10	-5.01253e+09	3.49889e+11
1.5e-11	-4.49123e+09	-5.60881e+10	-7.79012e+10	2.54642e+10	-3.59339e+11	-6.0903e+10	2.43824e+08	6.95448e+08	-2.22617e+11	-6.77725e+09	2.19034e+08	-9.04628e+10	9.80754e+08	-2.72867e+11	1.5029e+11
2e-11	3.00543e+10	-1.14778e+11	1.98369e+11	6.67685e+09	-1.93374e+11	-3.365e+10	-2.47493e+10	1.3706e+10	1.03617e+10	-7.4122e+08	1.58652e+11	1.38475e+11	-1.64766e+09	5.40732e+10	-1.79865e+11
2.5e-11	2.45963e+10	3.83512e+10	1.13697e+11	-1.29108e+10	-8.44825e+10	2.98975e+11	-7.31165e+09	4.74942e+10	-9.56094e+09	-1.59234e+10	1.91207e+10	-1.75494e+11	1.20165e+09	6.12238e+10	1.36495e+10
3e-11	1.71364e+10	-1.43263e+11	1.96251e+11	1.37787e+09	-9.57716e+10	-1.82072e+11	-3.29071e+09	4.46366e+10	-9.25374e+09	4.63108e+09	7.65408e+08	-1.2435e+11	-1.75997e+09	-2.56078e+11	2.75609e+10
3.5e-11	3.78896e+10	6.12808e+10	2.53234e+11	1.51812e+10	-1.41737e+11	1.33931e+11	-6.21607e+09	8.51167e+09	-3.28585e+10	-1.57864e+10	2.95527e+11	2.41872e+10	-9.64799e+09	1.10102e+11	1.53213e+10
4e-11	1.10438e+11	4.70736e+11	7.83059e+10	-3.26823e+09	1.19139e+11	1.19913e+11	-7.89761e+09	1.04651e+11	-4.72525e+10	-6.31012e+09	-1.12153e+11	2.95998e+10	-1.54727e+10	4.23773e+10	-4.94219e+10
4.5e-11	1.18241e+10	3.69546e+10	1.24598e+11	3.35405e+10	-1.92097e+11	5.19013e+10	-6.17137e+09	4.98107e+10	6.37419e+10	-6.82435e+09	-1.46634e+11	2.98646e+10	-2.5478e+10	-1.37994e+11	7.40318e+10
5e-11	2.42727e+09	1.13803e+11	-1.42376e+11	2.53353e+10	-1.19606e+11	3.20526e+11	2.32914e+10	-1.43104e+11	4.52284e+10	-2.13153e+10	-5.69168e+10	3.76745e+11	7.80945e+09	-1.71789e+11	3.43493e+11
5.5e-11	1.73397e+10	2.73498e+10	9.43112e+10	1.53045e+10	-8.21862e+10	9.38074e+10	-2.01439e+10	2.17714e+10	9.84013e+10	-2.04032e+10	1.44138e+11	-6.89049e+10	-4.73196e+10	9.25297e+10	-2.97368e+11
6e-11	1.25038e+10	-1.84066e+10	4.33887e+10	-8.78097e+09	2.26431e+10	3.81366e+10	1.46284e+09	-2.75641e+10	1.1608e+10	-1.46068e+10	7.73882e+10	1.08292e+11	-7.80033e+09	1.07185e+11	5.9991e+10
6.5e-11	1.93651e+10	-1.71189e+11	3.02745e+11	-1.47222e+10	-1.35587e+11	-2.14919e+11	4.14933e+10	-2.95284e+11	-9.39286e+10	-2.50163e+10	6.89787e+10	7.43383e+10	6.75868e+08	-8.16652e+09	1.17799e+11
7e-11	1.93422e+10	2.40207e+11	2.58741e+11	4.72506e+08	-1.65624e+11	-1.03588e+11	7.5339e+09	6.70589e+10	1.12234e+10	-3.39663e+10	2.91424e+11	1.74564e+11	2.95033e+10	-1.49684e+11	-5.22705e+11
7.5e-11	1.98032e+10	-9.01791e+10	-2.57737e+11	-2.4266e+10	-3.32699e+10	1.8653e+10	6.82253e+09	-8.50554e+10	-2.36089e+11	-2.24063e+09	2.69862e+11	9.22512e+10	-7.85216e+09	-2.14976e+11	3.55344e+10
8e-11	8.1467e+09	-9.17475e+10	-1.85401e+11	-7.34411e+09	-8.0703e+08	6.14296e+10	-2.80702e+10	2.3711e+11	5.57348e+10	-1.2089e+10	-3.67844e+10	-4.56822e+10	3.19822e+09	-1.18228e+11	1.55539e+10
8.5e-11	5.91319e+09	5.49618e+10	4.01418e+10	-3.40627e+10	2.25818e+11	-1.24103e+11	-2.12443e+10	2.38944e+11	8.07929e+10	-1.05563e+10	-1.15895e+11	-2.44765e+10	-6.05225e+09	1.6451e+11	-2.03215e+11
9e-11	6.52503e+08	-6.08775e+10	-6.61155e+10	-3.33969e+10	-1.62192e+11	-2.88486e+11	-1.01192e+09	-8.00515e+10	2.41877e+10	6.5525e+09	-1.88107e+11	3.94996e+10	-5.75158e+08	-4.75653e+10	-2.02573e+11
9.5e-11	1.00479e+09	1.98672e+11	1.61501e+09	-7.29252e+09	-1.36099e+09	-1.475e+11	7.71716e+09	1.45061e+11	8.69009e+09	-1.69799e+10	-2.03095e+11	6.11288e+10	7.04261e+08	5.7281e+10	-4.34856e+10
1e-10	8.94119e+08	4.30442e+10	-8.34779e+10	2.18119e+10	1.73566e+11	5.5321e+09	-1.63523e+10	-9.04647e+10	-1.78492e+11	-4.45746e+09	-7.35833e+10	6.94083e+10	-1.41077e+10	-3.366e+10	9.63872e+10
1.05e-10	-1.51404e+10	-1.32808e+11	1.26364e+10	8.9427e+09	9.22971e+10	2.82814e+10	-6.3049e+09	1.21719e+11	-5.23108e+10	8.74244e+08	-6.66088e+10	5.31249e+09	-1.86695e+10	2.09483e+11	5.29236e+10
1.1e-10	-1.99528e+10	-1.9658e+10	9.07423e+10	5.00772e+09	7.90335e+10	6.01394e+10	-1.49932e+10	-3.24234e+10	-1.21979e+11	3.62876e+09	2.48229e+11	-5.3229e+10	-1.64156e+09	-1.3628e+11	-1.49189e+11
1.15e-10	-2.57414e+09	-1.2257e+11	-4.67455e+09	2.98739e+09	1.10507e+11	3.44822e+11	1.49087e+08	3.5353e+11	-5.88383e+10	-7.87515e+09	-1.26245e+11	-1.0143e+11	-8.35482e+09	-5.13441e+10	-3.31291e+10
1.2e-10	3.11554e+10	-1.91424e+10	-1.78913e+11	4.74476e+09	8.38118e+10	-1.68617e+10	-1.65909e+10	1.60389e+11	-1.90335e+10	-5.75749e+09	1.15241e+11	1.25353e+11	-8.41024e+09	-1.09442e+11	-9.98194e+10
1.25e-10	2.5061e+10	2.18714e+11	9.21306e+10	2.68509e+09	-2.92013e+10	1.19354e+11	-2.67635e+09	-3.02382e+11	6.09145e+10	-2.51889e+09	-5.09685e+10	2.01157e+11	-1.50083e+10	9.29615e+10	-1.08309e+11
1.3e-10	1.06349e+10	-1.78914e+10	1.60048e+11	1.26522e+10	7.11039e+10	1.20063e+11	-3.05503e+09	-9.09936e+09	2.81461e+10	-6.119e+09	7.60584e+10	2.65483e+10	-1.45744e+09	2.34704e+11	-1.97809e+11
1.35e-10	2.69573e+09	9.89483e+10	8.08724e+10	1.11765e+10	1.39685e+11	9.93728e+10	-3.40465e+09	1.32148e+11	1.62158e+11	2.37684e+10	-3.55787e+11	2.4407e+11	-2.33504e+10	1.14532e+11	4.60395e+10
1.4e-10	2.36524e+10	1.1848e+11	1.74524e+11	-1.40149e+09	-2.36609e+09	-9.21328e+10	-1.2496e+10	-9.24949e+10	9.18986e+10	6.70368e+09	-8.95768e+10	1.55866e+11	-1.72088e+10	5.54585e+10	6.64272e+10
1.45e-10	4.88149e+10	-8.39931e+10	2.79437e+11	7.89369e+09	-1.76046e+11	-2.32025e+09	-1.34741e+10	6.09497e+09	-1.98407e+10	-1.55267e+10	-2.00922e+10	-5.90356e+10	-1.58415e+09	1.78341e+11	-1.90356e+11
1.5e-10	2.05507e+10	1.73215e+11	1.04902e+11	-1.10209e+10	1.54428e+10	-6.23183e+10	-1.51006e+10	1.56514e+10	2.12983e+11	-2.35655e+10	1.60751e+11	1.68636e+10	-9.24214e+09	-1.13255e+11	3.40114e+10
1.55e-10	2.1045e+10	-1.50988e+10	2.5792e+11	5.66606e+10	-3.46863e+11	-1.25649e+11	-3.24337e+09	-7.31462e+09	-7.68777e+09	9.37132e+09	-2.91356e+11	-5.69801e+10	8.0861e+09	5.73713e+10	5.86639e+10
1.6e-10	7.93885e+10	1.87626e+11	3.22022e+11	1.63497e+10	-2.52201e+11	5.36806e+10	1.45887e+08	-9.03732e+09	3.85751e+10	-1.20898e+10	-1.70801e+11	-2.85385e+11	-4.1562e+09	4.38756e+10	1.36769e+11
1.65e-10	6.88786e+10	-1.78574e+11	3.01972e+11	7.05192e+09	-1.38344e+11	-1.07125e+11	1.57617e+10	-2.40307e+11	-3.97852e+10	5.64829e+09	2.434e+11	1.81814e+10	8.18419e+09	-1.674e+11	8.59213e+10
1.7e-10	3.9214e+10	1.81314e+11	3.8625e+11	2.26959e+09	-5.59833e+10	-1.77452e+11	1.1567e+10	2.6827e+10	-1.69008e+11	-1.28508e+10	1.55574e+11	-1.82104e+11	-1.26351e+10	7.82586e+10	8.40485e+10
1.75e-10	1.15365e+11	-2.33238e+11	3.1599e+11	1.69613e+10	-3.56111e+11	-1.37707e+11	-1.24636e+10	-2.78634e+11	1.48227e+11	-1.7736e+10	1.78059e+11	-7.0898e+09	7.03579e+09	-3.11923e+10	3.15923e+11
1.8e-10	1.61035e+11	-9.08634e+10	5.29449e+11	4.46922e+10	-2.64071e+11	-1.16591e+11	-1.32908e+09	-2.48387e+11	1.1529e+11	-1.85157e+10	2.45891e+10	1.40164e+11	1.42247e+09	-1.96909e+11	2.58256e+09
1.85e-10	1.43598e+11	-6.04255e+11	3.03528e+11	3.52297e+10	-2.44489e+11	-6.53766e+09	-1.71032e+10	-3.44897e+11	1.60626e+11	-3.01142e+10	1.33158e+11	2.2123e+11	4.67536e+09	1.2891e+10	-2.16261e+11
1.9e-10	-1.06535e+09	9.94683e+10	2.74951e+11	6.9919e+10	-3.30668e+11	-2.24657e+11	1.07165e+10	-6.61705e+10	1.08288e+11	-1.1161e+10	-1.52429e+11	-8.32606e+10	-1.22602e+10	-9.80407e+10	1.61939e+10
1.95e-10	4.42557e+10	-2.36196e+11	1.65382e+11	1.51334e+10	-3.73974e+10	-2.22413e+11	7.32156e+08	8.61098e+09	2.21013e+10	4.4737e+08	-1.6262e+11	-2.63291e+11	-3.5158e+09	2.6245e+11	3.52517e+10
2e-10	7.31232e+10	-2.98253e+11	1.39297e+11	3.1071e+10	-1.00722e+11	-2.49573e+11	-2.20706e+10	1.82574e+11	5.59534e+10	-5.77479e+09	1.53401e+11	-2.92902e+10	-2.78521e+09	-6.49263e+10	-1.74663e+11
2.05e-10	3.95804e+10	-1.33486e+11	1.56614e+11	4.21158e+09	-2.27913e+11	-1.67182e+10	6.37755e+09	4.32911e+10	-8.81131e+10	1.24552e+10	6.16054e+10	-2.31023e+11	6.46496e+09	-1.14211e+11	-2.54095e+11
2.1e-10	1.18724e+11	-5.18507e+11	-5.86077e+09	3.48014e+10	-8.35183e+10	-3.63367e+11	5.54086e+09	2.94408e+11	-1.08829e+11	3.17426e+10	-1.73303e+11	-1.91564e+11	6.55835e+08	3.0787e+11	1.2442e+11
2.15e-10	1.18572e+11	-4.45072e+11	-1.30057e+09	2.87805e+10	-2.87283e+11	-2.45246e+10	-5.00997e+09	3.04209e+10	8.78364e+10	-5.8188e+09	9.56566e+09	1.69418e+10	2.89241e+09	2.42694e+10	-2.97612e+11
2.2e-10	1.78929e+11	-4.06937e+11	1.73693e+11	6.33917e+10	-2.72718e+11	-1.99854e+11	1.7049e+10	5.32604e+10	-1.32748e+11	-3.63514e+09	-2.49492e+10	-6.53874e+10	9.07319e+09	-1.6748e+11	-1.35402e+11
2.25e-10	7.09549e+10	-1.3775e+11	-5.31783e+09	4.88558e+10	-3.05237e+10	-2.18422e+11	2.18481e+10	4.19009e+11	-2.16149e+11	8.4961e+09	2.82752e+11	-3.59854e+10	-6.19092e+09	8.20402e+09	8.37205e+10
2.3e-10	2.21068e+11	-4.54921e+11	-2.35868e+11	1.71902e+11	2.49308e+11	-4.18117e+11	1.32828e+10	7.69442e+10	-2.05349e+11	2.07457e+10	2.13491e+11	-7.52409e+10	1.7119e+10	7.24309e+10	-2.77567e+11
2.35e-10	3.18206e+11	-6.70778e+11	-1.93306e+11	3.85177e+10	1.19864e+11	-1.24485e+11	2.42737e+10	1.89816e+10	-3.7307e+11	4.81941e+09	1.44875e+10	-1.23702e+11	3.99613e+08	7.90041e+10	-8.94218e+10
2.4e-10	3.41111e+11	-5.52023e+11	-2.97077e+11	9.37301e+10	9.61167e+10	-3.76873e+11	1.35067e+11	4.60446e+11	-3.98584e+11	-1.22996e+10	-1.03314e+11	1.12338e+11	1.50677e+10	2.09484e+11	-4.42758e+10
2.45e-10	1.64165e+11	-1.09073e+11	-4.09868e+11	8.17177e+10	2.42379e+11	-3.01875e+11	1.94829e+10	-3.36314e+10	-3.18065e+11	-8.05889e+09	3.00375e+10	-6.73097e+10	4.05588e+08	-1.13682e+10	9.95107e+09
2.5e-10	1.50658e+11	-2.98955e+11	-2.29078e+11	1.56248e+11	2.61236e+11	-3.8576e+11	3.80508e+10	2.34254e+11	-1.08822e+11	3.44766e+10	2.4809e+11	-9.58516e+10	1.38634e+10	1.41521e+11	-1.79978e+11
2.55e-10	1.49111e+11	-2.39603e+11	-3.59216e+11	1.83248e+11	3.00025e+11	-3.59816e+11	3.69029e+10	3.13106e+11	-7.83907e+10	2.06109e+10	3.64708e+10	1.29141e+11	-4.78618e+09	2.97974e+10	-8.94309e+10
2.6e-10	1.65689e+11	-2.66834e+11	-2.67663e+11	1.36266e+11	2.82859e+11	-3.65599e+11	3.92623e+10	2.31081e+11	-9.2545e+10	2.17601e+10	2.17396e+11	-1.30603e+11	-3.60657e+09	-9.45689e+10	4.26364e+10
2.65e-10	2.48633e+11	-3.49145e+11	-3.96368e+11	9.3094e+10	2.44275e+11	-1.99912e+11	2.55232e+10	1.42905e+11	4.94312e+10	2.57035e+09	-2.72511e+09	1.24999e+11	2.03851e+10	2.65754e+11	-1.01398e+11
2.7e-10	2.43929e+11	-4.2908e+11	-3.02041e+11	7.91336e+10	1.88805e+11	-2.85954e+11	2.29671e+10	1.67783e+11	-3.0174e+11	2.45402e+10	8.43066e+10	-6.5189e+10	-3.39217e+09	2.12169e+10	1.23319e+11
2.75e-10	1.91365e+11	-4.49966e+11	-1.58036e+11	9.81076e+10	3.27538e+11	-1.75165e+11	8.14335e+10	5.63676e+11	-1.18077e+11	-1.47582e+10	2.71669e+10	-1.4232e+11	3.39244e+09	-1.90617e+10	1.38696e+11
2.8e-10	1.83999e+11	-3.81772e+11	-5.00975e+10	9.50768e+10	4.35847e+11	-6.14934e+10	2.44182e+10	2.15387e+11	-1.41231e+11	2.30199e+10	1.85657e+11	5.64211e+10	2.45678e+10	1.66265e+11	1.10751e+11
2.85e-10	2.16517e+11	-4.33074e+11	-3.46147e+11	6.65647e+10	1.46935e+11	-1.96578e+11	2.70469e+10	1.51148e+11	-1.5308e+11	4.13937e+09	3.30395e+10	4.05466e+10	1.80726e+08	1.55653e+11	1.4682e+10
2.9e-10	2.12736e+11	-4.35384e+11	-3.46212e+11	1.52532e+11	1.3186e+11	-3.90189e+11	9.76106e+10	3.20837e+11	3.11749e+10	1.74733e+10	1.8242e+11	7.13861e+10	1.08867e+10	1.9012e+10	1.60905e+11
2.95e-10	1.01015e+11	-2.05745e+11	-3.01193e+11	1.26269e+11	2.56976e+11	-4.70064e+11	3.86051e+10	2.6433e+11	1.10567e+11	8.41455e+09	-1.06144e+11	1.93249e+11	-2.33412e+10	-6.85947e+10	-1.63125e+11
3e-10	2.01139e+11	-4.49553e+11	-3.76178e+11	3.67831e+10	1.44847e+10	-2.1082e+11	2.91775e+10	2.56818e+11	6.62035e+10	2.58193e+10	1.68113e+11	1.72619e+11	6.45232e+09	-1.05901e+10	8.99429e+10
3.05e-10	1.50335e+11	-2.25834e+11	-3.70195e+11	1.1283e+11	2.90256e+11	-3.01806e+11	4.11308e+10	3.12654e+11	-2.12342e+11	-9.83337e+08	7.17323e+10	-3.87653e+10	-5.49249e+09	-3.50419e+11	2.23558e+10
3.1e-10	1.27967e+11	-1.00653e+11	-2.73359e+11	4.6661e+10	1.58105e+11	-2.12835e+11	3.91476e+10	1.49429e+11	-1.11855e+11	3.96212e+10	3.06347e+11	5.17918e+10	3.73964e+10	1.81317e+11	2.75148e+11
3.15e-10	7.22882e+10	-2.73944e+11	-1.28308e+11	6.2019e+10	2.16142e+11	-1.82556e+11	4.51098e+10	2.07232e+11	-9.13782e+10	-4.10614e+09	1.44466e+11	-1.02761e+10	1.29513e+10	4.27658e+10	2.91549e+11
3.2e-10	6.16052e+10	-1.33019e+11	-1.41614e+11	5.76784e+10	7.17496e+10	-2.46162e+11	5.17414e+10	4.6181e+11	-9.34968e+10	2.49656e+10	2.49834e+11	7.96384e+10	4.21764e+09	1.56154e+11	2.58651e+10
3.25e-10	2.62896e+10	1.13908e+11	-7.16894e+10	7.20438e+10	2.30556e+11	-7.59586e+10	9.20195e+09	2.55688e+11	-1.25423e+11	-1.12708e+10	5.48363e+10	4.10981e+10	-1.71945e+10	-6.0288e+10	6.81257e+10
3.3e-10	1.70085e+11	1.79811e+10	-5.12548e+11	-8.53674e+09	-1.43014e+10	1.56627e+11	-3.52076e+09	7.10587e+10	-1.14437e+10	1.25151e+10	8.76246e+10	7.83739e+10	1.02602e+10	-7.15956e+10	7.23057e+10
3.35e-10	6.00089e+10	1.12781e+11	-1.73971e+11	3.48435e+10	1.29179e+11	1.03248e+11	2.96695e+10	3.1684e+11	1.09116e+11	6.08438e+09	1.24877e+11	-1.22111e+11	1.71443e+10	-1.25855e+11	3.426e+11
3.4e-10	1.93462e+11	-6.47747e+10	-4.35907e+11	5.56967e+10	4.06197e+11	-6.00336e+10	1.15212e+10	1.82431e+11	2.08486e+11	8.80116e+09	2.01773e+11	1.11063e+11	-9.68131e+09	1.43265e+11	-7.02762e+10
3.45e-10	9.16943e+10	-2.2625e+11	-3.13156e+11	4.68618e+10	4.05415e+11	5.40267e+10	1.33948e+10	9.11445e+09	1.85602e+11	-1.32175e+10	7.21111e+10	-1.77926e+11	-1.66478e+09	1.78287e+09	1.0312e+11
3.5e-10	1.7052e+11	-3.63683e+09	-4.26754e+11	6.59864e+10	3.71732e+11	1.6631e+11	2.81929e+10	2.95477e+10	2.13267e+11	-2.70649e+09	4.06213e+11	1.84158e+11	-1.41554e+10	8.4677e+10	2.27628e+11
3.55e-10	3.46346e+11	-1.01286e+11	-6.91949e+11	6.10878e+10	4.16267e+11	-9.37336e+10	1.83588e+10	-5.51588e+10	3.26171e+11	1.78559e+10	4.75773e+10	2.48163e+11	1.76537e+10	-2.02808e+11	1.28169e+11
3.6e-10	3.25158e+11	2.50733e+11	-5.15496e+11	5.39058e+10	2.77898e+11	-8.88347e+10	4.24312e+10	1.89381e+11	2.5155e+11	-5.78778e+09	-1.38752e+11	6.85301e+10	2.0194e+10	1.19403e+11	1.39874e+11
3.65e-10	3.11282e+11	5.64018e+10	-6.0951e+11	1.69981e+11	6.54603e+11	1.4475e+11	6.96141e+09	-1.45409e+11	4.55296e+10	-6.36377e+09	8.45988e+10	-3.75031e+10	5.16753e+10	-1.69298e+11	1.84823e+11
3.7e-10	9.94771e+10	-1.98409e+10	-2.37333e+11	1.77415e+11	4.83046e+11	7.87309e+10	5.69713e+09	-1.93443e+10	2.27691e+11	2.10087e+10	3.60325e+10	3.19275e+11	6.5863e+09	1.55929e+11	2.42065e+11
3.75e-10	2.76429e+11	2.11019e+11	-4.89211e+11	2.11333e+11	4.26277e+11	8.87965e+10	-1.42463e+10	5.43075e+10	-1.57811e+11	-7.22015e+09	8.85246e+10	4.69602e+10	2.94837e+09	-1.73323e+11	7.81968e+10
3.8e-10	2.81905e+11	2.3836e+11	-5.78898e+11	6.73753e+10	2.3036e+11	-4.19267e+09	1.16307e+10	7.4175e+10	3.73761e+10	-3.33933e+09	-2.62878e+10	3.28032e+10	2.12502e+10	-1.33065e+11	1.95057e+11
3.85e-10	2.83609e+11	5.12378e+11	-1.9838e+11	9.50883e+10	3.18728e+11	-4.41254e+10	8.71216e+10	9.7337e+10	3.81722e+11	-4.0055e+09	-4.91207e+10	-8.0229e+10	1.58973e+10	3.66405e+10	1.72905e+11
3.9e-10	4.84625e+11	6.41536e+11	-4.66914e+11	1.67146e+11	3.72179e+11	1.169e+11	1.07793e+11	2.87417e+11	2.82917e+11	5.04755e+10	-4.04634e+10	5.32477e+11	9.28463e+09	-1.65244e+11	-8.76129e+10
3.95e-10	3.06124e+11	2.51541e+11	-5.78634e+11	1.9043e+11	2.61525e+11	4.218e+11	6.73538e+10	2.06366e+11	1.94719e+11	4.62135e+10	-6.16326e+10	2.56694e+11	1.97593e+09	-1.67703e+10	5.47874e+10
4e-10	1.74864e+11	3.76034e+11	-1.39195e+11	2.26574e+11	1.75355e+11	4.18802e+11	5.28841e+10	1.19161e+11	2.39484e+11	1.81783e+10	-8.13915e+10	1.59021e+11	-8.84181e+09	1.06379e+10	-1.26204e+11
4.05e-10	3.65326e+11	5.87878e+11	-5.0374e+11	2.78192e+11	2.16872e+11	6.67787e+11	3.17115e+10	4.22585e+10	1.30958e+11	-2.70657e+10	-1.37279e+11	-1.06983e+11	-1.95202e+10	7.69952e+09	3.75632e+11
4.1e-10	2.90831e+11	4.78275e+11	-3.00732e+11	1.51837e+11	3.28224e+11	3.80311e+11	2.55647e+10	1.38156e+11	1.25388e+11	5.33024e+09	-1.69061e+11	1.42834e+11	1.63882e+10	-2.29402e+11	3.09791e+11
4.15e-10	2.79154e+11	4.44624e+11	-6.62781e+10	1.83617e+11	4.13231e+11	2.81589e+11	7.60189e+10	7.83e+10	3.01778e+11	2.14942e+10	-1.46475e+11	1.25455e+11	-4.92033e+09	-1.1224e+10	1.96172e+11
4.2e-10	3.2116e+11	6.6186e+11	-1.90905e+10	1.31117e+11	1.92439e+11	3.0573e+11	5.80852e+10	2.74432e+11	3.83528e+11	2.96087e+10	-1.62499e+11	2.17407e+11	1.51511e+10	-2.07903e+11	3.32753e+10
4.25e-10	1.55576e+11	3.67736e+11	1.45836e+11	1.82554e+11	-2.25689e+11	4.87573e+11	2.0149e+10	-1.00324e+10	1.34898e+11	6.06525e+10	-4.04589e+11	4.12916e+11	2.34766e+10	-3.29642e+11	6.45778e+10
4.3e-10	3.20101e+11	6.29777e+11	-3.51018e+11	1.17493e+11	-4.53217e+10	4.77963e+11	8.87825e+10	-3.63067e+11	2.78903e+11	8.10537e+09	4.02567e+10	-3.24948e+10	-9.64756e+09	-3.16231e+10	1.899e+10
4.35e-10	2.54321e+11	4.18401e+11	-5.10282e+09	2.00837e+11	-3.75427e+10	6.07359e+11	3.16996e+10	-8.10489e+10	1.27558e+11	-9.15496e+09	6.17234e+10	4.84647e+10	2.78699e+10	-2.54277e+10	2.38749e+11
4.4e-10	4.15471e+11	5.80252e+11	1.71355e+11	1.17784e+11	2.91216e+08	3.57081e+11	2.81727e+10	-1.21339e+11	2.52037e+11	5.69613e+10	-3.54938e+11	2.80364e+11	3.91567e+10	-1.36815e+11	4.13733e+11
4.45e-10	3.4613e+11	4.69521e+11	3.33236e+11	1.83056e+11	-1.5022e+11	5.32826e+11	1.06115e+10	4.73433e+10	1.49029e+11	1.16564e+10	-8.01436e+10	-2.94212e+10	1.20788e+10	9.30317e+09	4.8244e+10
4.5e-10	4.08456e+11	6.37012e+11	5.90369e+10	2.66561e+11	-4.91221e+11	6.8151e+11	4.84335e+10	-1.44012e+11	2.64456e+11	7.21227e+09	-1.43913e+11	-1.3855e+10	2.10358e+10	-1.73085e+11	-1.78244e+11
4.55e-10	5.17953e+11	7.67518e+11	2.03562e+11	1.72597e+11	-3.74568e+11	3.61049e+11	5.57824e+10	-1.56276e+11	2.12071e+11	1.79003e+10	-1.50447e+11	-6.81263e+08	-7.13616e+09	-3.70217e+10	-8.78474e+10
4.6e-10	3.54784e+11	6.26677e+11	8.96507e+10	2.36337e+11	-2.68319e+11	4.49142e+11	5.67215e+10	-1.74337e+11	2.44461e+11	1.77192e+10	-8.795e+10	-6.0816e+10	-7.28547e+09	-2.4862e+10	-1.05226e+11
4.65e-10	3.67782e+11	4.81889e+11	1.29296e+11	2.40741e+11	-4.27174e+11	2.48685e+11	6.64829e+10	-2.64183e+11	1.32185e+11	5.52749e+10	-3.83063e+11	1.30192e+11	-5.07687e+09	-7.92684e+09	-3.74605e+10
4.7e-10	4.03984e+11	6.49714e+11	2.03796e+11	1.95417e+11	5.60107e+10	6.04876e+11	2.95221e+10	-2.729e+11	-1.19123e+11	4.22507e+10	-5.50641e+11	-1.49749e+11	8.59952e+09	-2.38805e+11	7.03096e+10
4.75e-10	3.42595e+11	5.8394e+11	8.82385e+10	2.44787e+11	-1.09092e+11	6.62877e+11	1.32135e+11	-4.28442e+11	2.69508e+11	8.14478e+10	-5.11071e+11	-2.73112e+11	1.03188e+10	-1.71094e+11	-5.39882e+08
4.8e-10	3.84433e+11	5.68799e+11	3.25329e+11	1.48094e+11	1.83343e+10	5.68654e+11	7.31228e+10	-3.18787e+11	5.45919e+10	3.60534e+09	-6.65113e+10	8.29325e+10	3.96755e+08	-2.53855e+11	-3.82092e+10
4.85e-10	2.8497e+11	3.42848e+11	3.0651e+11	1.5481e+11	-2.60105e+11	3.47065e+11	1.21815e+11	-5.68926e+11	-1.725e+11	3.68141e+10	-2.79431e+11	4.49307e+10	2.90127e+10	-1.70987e+11	-3.00397e+11
4.9e-10	2.46448e+11	3.1652e+11	3.8872e+11	1.05305e+11	-1.9572e+11	2.3041e+11	1.01082e+11	-4.24875e+11	3.30455e+10	1.99036e+10	-5.65069e+10	-1.77833e+11	-1.21383e+10	6.28327e+10	-7.9198e+10
4.95e-10	4.1094e+11	5.42796e+11	5.17066e+11	1.27849e+11	-1.54615e+11	3.31792e+11	3.24582e+10	-1.46637e+11	4.41975e+08	-2.19261e+10	1.61389e+11	-1.81319e+11	-1.63712e+10	9.81042e+10	-2.57316e+10
5e-10	3.11522e+11	2.35879e+11	5.24368e+11	1.59379e+11	-1.84703e+11	4.99266e+11	4.24214e+10	-1.99422e+11	8.51842e+10	1.59806e+10	-1.84945e+11	-8.60586e+10	-1.64914e+09	-2.50095e+10	2.40925e+10
5.05e-10	2.25308e+11	6.15762e+10	4.28551e+11	2.01425e+11	-6.60146e+11	1.15342e+11	7.58184e+10	-3.48876e+11	8.67014e+09	3.40654e+09	-2.36987e+10	-9.43717e+09	2.4876e+10	-2.80292e+11	-1.91491e+11
5.1e-10	3.34478e+11	6.53825e+10	4.97771e+11	7.69328e+10	-3.06791e+11	3.21599e+10	1.52564e+10	-1.79359e+11	2.21031e+10	3.40644e+10	-1.8453e+11	-1.99124e+10	-1.93546e+10	1.09713e+11	4.05094e+10
5.15e-10	2.93812e+11	2.41154e+11	4.55682e+11	1.60146e+11	-3.20795e+11	2.1953e+11	4.34041e+10	-1.81197e+11	1.07189e+11	5.6397e+10	-3.13774e+11	-1.2071e+11	4.17106e+10	2.03363e+11	-3.58945e+11
5.2e-10	3.67187e+11	4.39449e+10	5.73574e+11	1.43859e+11	-3.9331e+11	1.54311e+11	6.56534e+10	-3.30517e+11	-6.26966e+10	6.5663e+10	-2.66509e+11	-3.775e+11	-5.63607e+09	-3.78694e+10	-1.67815e+10
5.25e-10	3.56512e+11	-1.36431e+11	4.82831e+11	1.354e+11	-3.35401e+11	2.39324e+11	8.19672e+10	-3.30069e+11	1.60062e+11	2.85795e+10	-7.21561e+10	-3.33118e+11	1.59519e+10	-5.26704e+10	-2.01963e+11
5.3e-10	3.83464e+11	-2.3919e+10	5.84876e+11	1.80609e+11	-4.30693e+11	-1.6971e+11	7.88568e+10	-3.87995e+11	-7.26249e+10	-2.94129e+10	1.21154e+11	3.22008e+10	-2.1605e+09	1.77966e+11	-1.15586e+11
5.35e-10	3.32772e+11	-5.18584e+10	7.30044e+11	1.02781e+11	-3.13307e+11	1.80466e+11	6.77992e+10	-3.19895e+11	-2.29003e+11	2.26904e+10	-4.02955e+10	-2.68388e+11	5.60756e+09	-1.63457e+11	2.27441e+11
5.4e-10	2.84988e+11	-4.24339e+11	4.87643e+11	1.4035e+11	-3.52723e+11	-1.29305e+11	8.39917e+10	-3.22955e+11	-2.38465e+11	5.62182e+10	-2.09443e+11	-4.08097e+11	3.77308e+10	4.33042e+09	-4.20304e+11
5.45e-10	2.71416e+11	-1.8505e+11	4.35281e+11	1.49414e+11	-3.75318e+11	-2.3853e+11	6.49267e+10	-2.24534e+11	-3.65955e+11	2.98805e+10	-1.35871e+11	-4.08598e+11	4.25255e+09	4.47806e+09	-7.71581e+10
5.5e-10	2.35372e+11	-1.36175e+11	5.58821e+11	6.40623e+10	-3.09587e+11	7.73603e+10	6.96102e+10	-3.56884e+11	-1.27411e+11	3.18936e+10	3.41071e+10	-3.58392e+11	6.83327e+09	-1.59691e+11	-7.81307e+10
5.55e-10	1.87343e+11	-1.38512e+11	3.72339e+11	2.2642e+11	-5.1584e+11	-4.40576e+11	6.0376e+10	-2.63579e+11	-1.25082e+11	3.77256e+10	3.16938e+10	-2.81164e+11	4.38055e+10	1.05688e+11	-3.55604e+11
5.6e-10	1.51287e+11	1.44253e+10	3.68123e+11	1.72977e+11	-4.35253e+11	-1.59141e+11	-1.141e+09	-1.56456e+11	1.40067e+11	8.46058e+10	2.26977e+11	-2.67615e+11	2.4064e+10	-5.55318e+10	-1.89717e+11
5.65e-10	1.82725e+11	1.25895e+11	4.64399e+11	1.33103e+11	-3.54099e+11	-3.33972e+11	7.59623e+10	-2.43524e+11	-3.5013e+11	5.14344e+10	1.47284e+11	-2.76773e+11	8.85401e+10	4.9307e+10	-5.31956e+11
5.7e-10	3.04399e+11	-3.50945e+11	5.14864e+11	1.68452e+11	-3.36577e+11	-4.39429e+11	6.43281e+10	-6.58828e+10	-3.08712e+11	3.50433e+10	-3.43796e+10	-3.39151e+11	-8.59112e+09	1.43031e+11	1.29195e+11
5.75e-10	2.47716e+11	1.44806e+11	5.91108e+11	6.46472e+10	-3.9506e+11	-8.61138e+10	1.01137e+11	8.89705e+10	-5.08229e+11	3.14556e+10	-1.76056e+10	-2.10998e+11	1.64688e+10	-1.37004e+11	-1.08801e+11
5.8e-10	2.32331e+11	-1.44622e+11	4.10257e+11	5.71581e+10	-2.27349e+11	-5.29879e+10	2.51113e+10	-6.92239e+10	-1.5916e+11	1.63023e+10	1.30875e+11	-2.85864e+11	-2.6068e+10	1.74383e+10	1.544e+11
5.85e-10	3.11609e+11	-4.49252e+11	4.57708e+11	1.47799e+11	-2.9971e+11	-1.90846e+11	3.44178e+10	3.56998e+09	-1.69892e+11	3.30405e+10	6.83011e+10	-2.54657e+11	2.06364e+10	3.53897e+10	-9.07949e+10
5.9e-10	3.07902e+11	-3.32942e+11	6.26144e+11	1.12125e+11	-1.70507e+11	-2.76414e+11	-3.43563e+10	2.61539e+10	7.51711e+10	2.71192e+10	2.6158e+10	-1.46529e+11	1.69984e+10	-2.54601e+10	-2.22688e+11
5.95e-10	2.22767e+11	-4.62137e+11	3.0748e+10	8.79797e+10	-2.46015e+11	-7.74881e+10	8.96657e+10	1.78696e+11	-4.54001e+11	8.1875e+10	2.87971e+11	-3.59289e+11	9.87171e+09	1.01751e+11	-5.09756e+10
6e-10	2.02354e+11	-3.1125e+11	1.15728e+11	2.08392e+11	-3.00497e+11	-4.12955e+11	3.76886e+10	-1.41171e+11	-1.39115e+11	1.39823e+10	-4.80692e+10	-8.36449e+10	-5.39197e+08	5.74454e+10	3.22897e+09
6.05e-10	4.22589e+11	-6.81349e+11	2.97947e+11	2.41749e+11	-4.65915e+11	-4.66797e+11	3.80703e+10	-1.85497e+10	-2.91129e+11	3.22468e+10	-7.59976e+09	-3.21101e+11	9.44981e+09	2.89284e+11	1.39682e+11
6.1e-10	3.51927e+11	-7.16315e+11	1.88726e+11	2.43593e+11	-3.69893e+11	-7.88196e+11	6.81462e+10	1.71863e+10	-3.53821e+11	2.33291e+09	1.1716e+11	-3.06825e+10	-6.1528e+09	2.77298e+10	2.53797e+10
6.15e-10	2.00578e+11	-3.37192e+11	2.05027e+11	3.64139e+10	1.78775e+11	-3.22273e+11	1.53125e+10	-2.49953e+11	-8.23494e+10	4.84979e+10	8.84904e+10	-3.11298e+11	3.25077e+10	2.38838e+11	2.58438e+11
6.2e-10	2.95435e+11	-6.28437e+11	-6.1321e+10	4.04633e+10	7.53084e+10	-2.35574e+11	1.09189e+10	-2.00304e+08	-1.85912e+11	-2.61045e+09	-6.25147e+10	-3.07032e+10	3.85428e+10	2.59371e+11	-1.53364e+11
6.25e-10	2.30142e+11	-5.14049e+11	-1.75818e+11	5.44849e+10	-6.19309e+10	-1.9966e+11	-1.18386e+09	1.3632e+11	6.10738e+10	2.3286e+09	5.69168e+10	-1.88241e+10	3.68171e+10	2.61107e+11	-3.3443e+10
6.3e-10	3.09268e+11	-5.28384e+11	-2.9061e+11	7.54062e+10	-8.35719e+10	-2.39513e+11	7.82641e+10	2.08963e+11	-3.348e+11	8.99433e+09	7.61647e+10	-8.12852e+09	2.76167e+10	2.11165e+11	-1.63303e+11
6.35e-10	3.6916e+11	-5.0329e+11	-1.1591e+11	1.9884e+11	7.88358e+09	-6.15851e+11	5.0059e+09	3.18869e+10	-6.87455e+10	-7.42309e+09	8.79602e+10	3.57793e+10	8.62632e+09	8.24441e+10	-1.6405e+11
6.4e-10	3.80118e+11	-7.10668e+11	7.08234e+10	1.24546e+11	-1.57733e+11	-3.53153e+11	4.87448e+10	1.66861e+11	-1.76994e+11	7.17755e+08	3.46334e+10	-2.8031e+11	4.78458e+09	1.70098e+11	-1.84773e+11
6.45e-10	4.92076e+11	-5.46249e+11	-4.25226e+11	4.42897e+10	-2.1047e+10	-2.23121e+11	6.03449e+10	3.46546e+11	-5.77577e+10	4.0234e+10	2.94958e+11	3.87011e+10	-6.3113e+09	-1.59558e+09	1.3462e+11
6.5e-10	4.37545e+11	-6.07164e+11	-2.97156e+11	2.03939e+11	2.99774e+11	-4.24966e+11	9.65636e+10	5.24335e+11	-1.15072e+11	-1.18362e+07	1.5863e+11	-1.82615e+11	6.43114e+09	1.3227e+11	1.71252e+08
6.55e-10	5.1659e+11	-5.31665e+11	-5.70903e+11	2.58256e+11	3.30328e+11	-5.55755e+11	8.37701e+10	3.41683e+11	-1.08691e+11	4.09597e+10	2.64316e+11	8.35337e+10	-2.78614e+08	1.79205e+11	3.0217e+10
6.6e-10	4.46561e+11	-1.86542e+11	-6.23513e+11	1.96962e+11	1.67518e+11	-5.32543e+11	1.50349e+10	1.64737e+11	2.74976e+10	-1.73448e+10	1.24413e+10	-1.30499e+11	2.49531e+09	4.84004e+10	-3.82844e+10
6.65e-10	3.97209e+11	-2.18481e+11	-5.5405e+11	1.4882e+11	2.65602e+11	-1.53711e+11	3.47094e+10	1.97946e+11	4.26138e+10	2.83848e+10	2.23867e+11	9.09591e+10	-1.07261e+10	7.13733e+10	-2.47133e+11
6.7e-10	3.96486e+11	-1.94381e+11	-5.29108e+11	1.66896e+11	2.87319e+11	-2.3113e+11	8.71955e+10	3.22858e+11	-8.09327e+10	2.74337e+10	2.86776e+11	1.5145e+10	2.89975e+10	2.44994e+11	-5.67101e+10
6.75e-10	2.80178e+11	-1.77386e+11	-4.64729e+11	3.226e+11	6.11894e+11	-4.41709e+11	1.14784e+11	4.99209e+11	-7.10244e+10	5.22553e+10	3.13679e+11	-7.91815e+10	1.81398e+10	7.47588e+10	4.12348e+11
6.8e-10	1.96621e+11	-2.62953e+11	-3.47972e+11	1.55232e+11	4.66349e+11	-3.12948e+10	3.06916e+10	1.90056e+11	-6.10865e+10	8.67143e+10	3.90693e+11	4.50033e+10	2.68115e+10	3.26329e+11	4.23782e+10
6.85e-10	3.78502e+11	-3.99658e+11	-5.15506e+11	1.60796e+11	4.57336e+11	-1.07525e+11	8.25583e+10	3.00367e+11	1.08077e+11	1.07177e+10	8.54954e+10	2.5489e+11	-1.70433e+10	-2.59234e+11	6.29006e+10
6.9e-10	1.61789e+11	6.81202e+09	-2.77637e+11	1.8518e+11	3.86697e+11	-3.36394e+11	6.48959e+10	1.71996e+11	1.48674e+11	5.67073e+10	2.37708e+11	1.11157e+11	3.36683e+10	6.86627e+10	2.53828e+11
6.95e-10	3.15986e+11	-2.08298e+11	-4.92033e+11	1.33002e+11	4.97029e+11	9.60367e+10	1.09536e+11	5.23353e+11	2.34245e+11	2.25695e+10	-3.07756e+10	2.43519e+11	3.37124e+10	-5.41297e+10	3.00505e+11
7e-10	4.92539e+11	-8.01677e+10	-8.11007e+11	1.68752e+11	5.59266e+11	9.03667e+10	2.34951e+10	1.44922e+11	1.2075e+11	6.66714e+10	1.33233e+11	3.25804e+11	5.20041e+10	8.23228e+10	2.43351e+11
7.05e-10	4.59765e+11	2.24818e+11	-6.62895e+11	7.67834e+10	1.81452e+11	-4.0771e+10	4.77161e+10	2.51047e+11	7.74218e+10	4.48394e+10	2.09834e+11	2.77265e+11	6.28832e+10	-7.99697e+10	4.59699e+11
7.1e-10	2.82595e+11	9.34438e+10	-4.35175e+11	1.57453e+11	2.71008e+11	3.81844e+11	1.25273e+11	4.97441e+11	6.99357e+10	2.68078e+10	1.31647e+11	2.62612e+11	7.24325e+09	-5.62064e+10	1.23995e+11
7.15e-10	3.85653e+11	3.002e+11	-4.55477e+11	2.02141e+11	6.01367e+11	1.13857e+11	4.24325e+10	2.27519e+10	3.3031e+11	2.18792e+10	1.85885e+11	1.43254e+11	3.07512e+10	-9.59011e+10	2.95317e+11
7.2e-10	3.50958e+11	2.10136e+11	-4.62237e+11	2.2378e+11	4.5591e+11	2.13131e+11	5.81818e+10	2.66372e+11	9.14025e+10	2.35275e+10	8.48673e+09	3.48887e+11	2.5706e+10	9.93163e+10	2.47471e+11
7.25e-10	5.16068e+11	6.5667e+11	-4.05869e+11	1.85538e+11	3.58717e+11	1.37008e+11	7.73112e+10	1.83766e+11	3.75054e+11	1.04337e+10	3.0883e+10	2.3489e+11	3.72153e+10	1.63683e+11	2.84322e+11
7.3e-10	6.40568e+11	6.36558e+11	-4.78966e+11	2.04897e+11	2.31993e+11	4.60771e+11	-8.97584e+09	8.78264e+10	-3.7935e+10	2.5917e+10	-1.00981e+11	1.39691e+11	4.92067e+09	-2.79143e+11	4.12651e+10
7.35e-10	5.12883e+11	3.74021e+11	-7.28445e+11	1.75752e+11	3.18103e+11	4.00034e+11	1.24703e+11	-1.87519e+11	5.83349e+11	7.00232e+10	3.74524e+10	3.28758e+11	4.15652e+10	-2.90466e+11	1.71561e+11
7.4e-10	4.51852e+11	4.95678e+11	-4.15077e+11	2.07956e+11	3.36427e+11	3.11104e+11	1.20627e+11	1.79357e+11	4.01519e+11	2.86638e+10	-1.82496e+11	1.71915e+11	1.61988e+10	-3.6726e+10	1.79793e+11
7.45e-10	2.80202e+11	3.29362e+11	-2.78808e+11	3.1751e+11	3.69212e+11	5.58968e+11	4.86254e+10	7.1173e+09	2.09795e+11	2.98862e+10	8.65031e+10	1.85993e+11	2.50854e+10	-2.52103e+11	2.54104e+11
7.5e-10	2.58929e+11	4.66276e+11	-1.19224e+11	2.75509e+11	4.41067e+11	3.81321e+11	8.76379e+10	-4.36582e+10	3.96084e+11	4.60989e+10	-1.85558e+11	2.75855e+11	6.49576e+10	-4.41819e+11	5.34394e+10
7.55e-10	3.13788e+11	4.72576e+11	-1.87028e+11	1.45476e+11	1.8845e+11	2.38458e+11	1.66708e+11	-1.53106e+11	6.97766e+11	1.96502e+10	-1.22426e+11	9.92482e+10	4.57428e+10	-1.00571e+11	3.58626e+11
7.6e-10	3.89354e+11	6.1438e+11	-2.26176e+11	2.1606e+11	-5.42932e+10	4.82923e+11	7.80037e+10	6.9061e+10	2.7837e+11	1.55589e+10	-6.9457e+09	2.02294e+11	4.25416e+10	-2.12112e+11	2.94988e+10
7.65e-10	3.47491e+11	6.28054e+11	6.36918e+10	1.32833e+11	3.801e+11	2.39726e+11	5.45179e+10	-1.18131e+11	1.94896e+11	8.4626e+10	-8.72821e+10	5.19866e+11	2.24862e+10	-2.2315e+11	2.40156e+11
7.7e-10	4.12995e+11	5.90833e+11	-5.36504e+10	1.90972e+11	-1.80165e+11	5.28976e+11	1.12646e+11	-2.84311e+11	4.00206e+11	4.5011e+10	-2.32018e+11	1.79721e+11	8.13128e+10	-3.85914e+11	1.67333e+10
7.75e-10	3.0512e+11	5.13337e+11	-7.13669e+10	1.14347e+11	2.57235e+11	2.64806e+11	1.25222e+11	-2.77278e+11	4.59491e+11	6.72441e+10	-2.74255e+11	2.09263e+11	6.78627e+10	-4.54865e+11	1.52308e+10
7.8e-10	3.73629e+11	6.26347e+11	2.90014e+11	1.11749e+11	1.76517e+11	2.94785e+11	7.42844e+10	-1.43113e+11	2.23308e+11	1.11604e+10	-1.44123e+11	-2.06129e+10	2.76248e+10	-2.15008e+11	5.58294e+10
7.85e-10	3.6561e+11	6.87849e+11	3.31448e+10	2.00796e+11	5.0817e+10	5.21763e+11	7.63899e+10	2.26468e+11	4.80796e+11	4.53711e+10	-2.5577e+11	1.51095e+11	1.2096e+10	-2.07485e+11	-1.21786e+11
7.9e-10	3.01817e+11	4.04993e+11	4.70959e+11	2.04873e+11	-4.94849e+10	5.24305e+11	9.12077e+10	-2.48918e+11	3.96988e+11	6.4082e+10	-3.28612e+11	7.13022e+10	3.61845e+10	-2.60377e+11	-1.52449e+11
7.95e-10	2.41797e+11	5.22959e+11	6.74817e+10	7.98679e+10	-1.15252e+11	2.251e+11	4.11448e+10	-1.5721e+11	1.45949e+11	2.02672e+10	-1.65137e+11	1.38074e+11	4.41234e+10	-2.69452e+11	-9.4056e+10
8e-10	2.42983e+11	4.64038e+11	1.81986e+11	1.09879e+11	-9.75156e+10	3.71193e+11	4.17105e+10	-2.00376e+11	-4.58252e+10	-3.92114e+09	-6.11891e+10	-1.58086e+11	-2.58178e+10	9.01739e+10	1.29834e+11
8.05e-10	4.23357e+11	6.79218e+11	2.59077e+11	5.78925e+10	-2.93873e+11	9.44123e+10	4.51941e+10	-3.87198e+11	-1.89321e+11	2.86229e+10	-1.88013e+11	-1.32217e+11	2.33773e+09	-5.62111e+10	-2.45011e+11
8.1e-10	2.60566e+11	4.78838e+11	2.09941e+11	1.59371e+11	-2.79145e+11	3.60649e+11	3.84179e+09	-2.34437e+10	-1.13347e+11	-2.17547e+10	6.51456e+10	-1.31654e+11	7.72975e+10	-2.40154e+11	-2.28133e+11
8.15e-10	4.02403e+11	6.21856e+11	2.18258e+11	3.08437e+11	-5.59945e+11	5.96634e+11	2.0726e+10	-1.19442e+11	-3.58849e+10	3.84781e+10	-2.27297e+11	7.7936e+10	3.55022e+10	-4.42004e+10	-2.70452e+11
8.2e-10	3.83108e+11	5.25882e+11	2.68549e+11	1.9744e+11	-4.76816e+11	3.90078e+11	4.09417e+10	-3.1616e+11	1.7293e+11	-1.91447e+07	-6.99778e+10	-2.46933e+10	2.02212e+10	-8.16479e+10	-1.64061e+11
8.25e-10	2.99903e+11	5.28543e+11	2.01992e+11	2.16689e+11	-1.67137e+11	4.79874e+11	-1.29524e+09	-1.21999e+11	-2.77462e+11	-5.92411e+08	9.37967e+10	-8.59338e+10	6.32735e+10	-2.97873e+11	-5.03299e+11
8.3e-10	2.285e+11	1.74751e+11	3.2591e+11	2.46688e+11	-4.12436e+11	4.31572e+11	5.78158e+10	-2.93602e+11	9.29155e+10	1.74607e+10	-1.54823e+11	-6.31539e+10	3.2626e+10	5.47908e+10	-2.46196e+11
8.35e-10	1.28701e+11	1.70492e+11	1.75688e+11	2.29877e+11	-4.27514e+11	2.92158e+11	6.16986e+10	-2.37242e+11	3.08856e+10	2.7802e+10	-1.4289e+11	-1.27565e+11	2.26703e+10	2.83563e+11	-2.90076e+11
8.4e-10	1.83324e+11	6.31039e+09	3.64929e+11	1.38416e+11	-2.92232e+11	1.09227e+11	6.89147e+10	-3.8729e+11	-9.91847e+10	-2.97721e+09	-1.14513e+11	1.17988e+11	3.66903e+10	-2.10367e+10	-3.62262e+11
8.45e-10	2.43874e+11	1.50746e+11	4.55e+11	1.55403e+11	-2.96883e+11	4.02371e+11	1.39105e+11	-5.09637e+11	1.10131e+11	-1.7485e+09	-1.71195e+11	-8.44279e+10	-3.77636e+09	-3.40907e+11	-6.80256e+10
8.5e-10	2.85865e+11	7.25931e+10	6.62022e+11	9.30677e+10	-4.70501e+11	-5.82214e+10	1.43819e+11	-4.7386e+11	-5.00502e+09	2.57681e+10	-1.64682e+11	-1.44827e+11	1.41811e+10	4.70764e+10	-1.52813e+11
8.55e-10	1.54423e+11	-4.11725e+08	4.09061e+11	1.11865e+11	-6.14225e+11	8.74887e+10	4.48461e+10	-2.76846e+11	2.3329e+11	1.27199e+10	-1.01146e+11	-1.16295e+11	1.95823e+10	2.38753e+10	-2.81296e+11
8.6e-10	9.50938e+10	6.31667e+10	3.04891e+11	1.20282e+11	-5.4071e+11	-4.62376e+10	3.01708e+10	-1.60633e+11	-2.16988e+10	5.10422e+09	-2.39552e+11	-2.12996e+10	1.647e+10	6.93525e+10	-1.77644e+11
8.65e-10	1.2179e+11	8.47787e+10	4.46478e+11	1.08436e+11	-3.05808e+11	1.63356e+11	4.26595e+10	-2.24496e+11	4.56265e+11	1.07322e+10	-7.26742e+10	-7.65893e+10	3.63986e+10	-5.06018e+09	-2.52389e+11
8.7e-10	1.27474e+11	1.74389e+11	2.88945e+11	1.0296e+11	-4.2559e+11	1.3403e+11	5.33819e+10	-2.12755e+11	-2.23838e+11	1.16724e+10	2.21363e+10	-5.44827e+11	4.61563e+10	2.65697e+11	-3.81228e+11
8.75e-10	2.15478e+11	-1.05822e+11	5.09204e+11	9.36988e+10	-3.58956e+11	2.15816e+11	4.75912e+10	-1.83993e+11	-2.6186e+11	5.16402e+10	-2.68627e+11	-2.41096e+11	3.54462e+09	1.83785e+11	-1.48189e+10
8.8e-10	2.27528e+11	1.62749e+11	4.93058e+11	1.33688e+11	-5.33775e+11	1.85862e+11	1.64007e+10	-4.07671e+11	4.03354e+10	1.555e+10	-2.49759e+11	-4.33546e+10	-4.18697e+09	-2.53057e+11	1.41632e+10
8.85e-10	3.07254e+11	-1.29891e+11	6.34889e+11	8.79342e+10	-3.18733e+11	1.37442e+11	4.17804e+10	-2.57206e+11	4.10304e+10	-2.70655e+08	-1.97002e+11	-9.98546e+10	1.70926e+10	7.17044e+10	-1.45297e+11
8.9e-10	2.17291e+11	-2.68456e+11	3.90722e+11	1.14875e+11	-4.52523e+11	-1.03039e+11	1.78426e+10	-7.60638e+10	1.79805e+10	-1.68214e+10	-4.41393e+10	1.0736e+11	3.09759e+10	7.90918e+10	-2.28573e+11
8.95e-10	2.37912e+11	-2.06752e+11	3.89098e+11	5.92381e+10	-2.62157e+11	-1.0984e+11	4.62602e+10	-2.01148e+11	-1.9236e+11	1.51035e+10	-1.83317e+11	-1.99784e+11	1.33625e+10	2.02711e+11	-3.01792e+10
9e-10	4.02099e+11	1.12545e+11	7.63603e+11	8.24926e+10	-2.73499e+11	-1.2697e+11	1.92862e+10	-2.10543e+11	4.12161e+10	1.98906e+10	-1.37329e+11	-1.96891e+11	1.26705e+10	6.40484e+10	-2.01219e+11
9.05e-10	3.08606e+11	-8.058e+10	4.57285e+11	1.53128e+11	-4.58562e+11	-2.37696e+11	5.18546e+10	-1.26802e+11	-1.81073e+11	1.44584e+09	-3.70334e+10	-1.28342e+11	-2.6909e+10	3.10505e+10	3.86204e+11
9.1e-10	2.98117e+11	-2.69823e+11	4.31707e+11	1.72635e+11	-5.50522e+11	1.76713e+10	-2.80988e+10	-7.10556e+10	2.12539e+11	1.23034e+10	-2.93898e+10	-1.46071e+11	1.02773e+10	2.54444e+11	9.77263e+10
9.15e-10	3.43696e+11	-3.19424e+11	4.70573e+11	1.44822e+11	-3.09321e+11	-3.23911e+11	3.09092e+10	1.99132e+11	-4.09417e+11	-2.69702e+09	1.34171e+11	-1.40222e+11	1.15149e+10	2.04226e+11	-1.58155e+11
9.2e-10	1.9314e+11	-1.46427e+11	3.34242e+11	2.07283e+11	-3.80104e+11	-3.48708e+11	1.02479e+10	-3.82948e+10	-1.98206e+11	4.93171e+10	-1.20373e+11	-3.29473e+11	-8.44206e+09	2.35523e+11	8.98768e+10
9.25e-10	2.31191e+11	-2.00504e+11	3.19405e+11	1.82918e+11	-3.64712e+11	-3.40806e+11	5.61529e+10	1.6652e+10	-3.28273e+11	1.21061e+10	3.63587e+10	-9.31245e+10	6.87956e+09	2.06704e+10	-4.64236e+10
9.3e-10	3.47547e+11	-2.80069e+11	5.04526e+11	8.48719e+10	-3.21358e+11	4.12205e+10	6.71239e+10	-4.09967e+10	-2.87487e+11	2.84165e+10	2.46336e+11	-4.50349e+11	6.77081e+08	1.52005e+11	-1.13823e+11
9.35e-10	3.06471e+11	-2.40966e+11	4.38199e+11	2.51836e+11	-4.74224e+11	-3.70132e+11	4.10031e+10	1.53046e+09	-2.56889e+11	5.07544e+09	7.56031e+10	-4.45594e+10	1.45141e+10	-4.87228e+10	-2.44023e+11
9.4e-10	3.36129e+11	-5.17253e+11	1.55678e+11	2.48671e+11	-4.30113e+11	-4.27836e+11	4.89891e+10	-2.60403e+11	-1.21596e+11	4.48651e+10	3.03914e+11	-2.56915e+11	5.19443e+09	2.29074e+11	-9.29734e+10
9.45e-10	4.51136e+11	-5.50418e+11	4.00653e+10	2.8576e+11	-1.12377e+10	-7.53518e+11	3.648e+10	-4.3222e+10	-2.0269e+11	4.97843e+10	2.29501e+11	-2.28181e+11	5.36228e+10	2.86717e+11	-2.8412e+11
9.5e-10	5.66884e+11	-7.56039e+11	1.22704e+11	1.93571e+11	2.183e+10	-5.05367e+11	1.45313e+11	-1.25616e+11	-4.91217e+11	4.50195e+10	9.01896e+10	-2.61395e+11	2.42799e+10	3.19246e+11	1.58156e+11
9.55e-10	4.3184e+11	-7.06103e+11	2.4466e+11	3.20165e+11	-3.70364e+10	-6.88453e+11	4.4648e+10	8.43245e+10	-2.62109e+11	1.20658e+10	-2.43389e+10	-1.7823e+11	3.59326e+10	3.04725e+11	-1.55606e+10
9.6e-10	2.28199e+11	-3.30064e+11	-3.62269e+11	2.60386e+11	-1.8754e+10	-4.47563e+11	8.35699e+10	1.82299e+11	-2.86606e+11	2.48718e+10	1.05237e+11	-1.90117e+11	2.96723e+10	1.9073e+11	-5.17707e+10
9.65e-10	2.8877e+11	-5.53646e+11	-7.1494e+10	2.90982e+11	-1.72534e+11	-6.48935e+11	6.64568e+10	1.70033e+11	-2.0666e+11	2.68761e+10	2.36594e+11	-4.03815e+11	1.94577e+10	7.69076e+10	-1.977e+11
9.7e-10	1.84524e+11	-3.85276e+11	8.82665e+09	1.82905e+11	3.72906e+11	-4.89627e+11	1.11817e+11	3.56633e+11	-1.99734e+11	-1.4683e+10	1.03093e+11	9.99317e+10	1.10384e+10	1.81361e+11	3.36182e+10
9.75e-10	1.96064e+11	-5.23561e+11	6.13324e+10	2.14833e+11	-3.42214e+10	-5.26157e+11	5.3548e+10	2.10835e+11	-9.20147e+10	1.1613e+11	4.28545e+11	-1.56308e+11	2.90979e+10	2.76089e+11	-3.07754e+11
9.8e-10	8.88467e+10	-3.66741e+11	1.63481e+11	1.38641e+11	5.05076e+10	-4.46009e+11	1.11897e+11	3.13998e+11	-2.25127e+11	6.87277e+10	3.67224e+11	7.33297e+10	3.85735e+09	1.14657e+11	-1.09672e+11
9.85e-10	9.00981e+10	-3.06323e+11	-1.75423e+11	7.52291e+10	2.04971e+11	-3.38404e+11	7.28409e+10	2.58625e+11	-1.0683e+11	-2.16765e+10	-4.9025e+10	-2.50084e+11	6.2727e+09	1.82104e+11	-1.61358e+11
9.9e-10	8.60762e+10	-1.09392e+11	-2.34972e+11	8.05494e+10	1.77146e+11	-2.66238e+11	3.98658e+10	1.73435e+11	-5.70956e+10	-6.75155e+09	1.78797e+10	8.46476e+10	1.06617e+10	7.28303e+10	9.51648e+09
9.95e-10	6.39753e+10	3.14904e+10	-1.84408e+11	7.88701e+10	3.03827e+11	-3.19668e+11	5.11241e+10	2.97314e+11	2.28936e+10	6.11242e+10	2.77138e+11	3.24556e+11	-6.22204e+08	9.33161e+10	1.33341e+11
1e-09	1.80329e+11	2.18267e+11	-5.37267e+11	2.68751e+10	-1.82342e+10	-2.59955e+11	6.87258e+10	3.18387e+11	5.23129e+09	2.52003e+10	1.95492e+11	3.87355e+10	2.61627e+10	1.97252e+11	1.66381e+11
1.005e-09	2.73472e+11	-8.77505e+10	-6.51835e+11	4.82627e+10	1.79352e+11	-2.74542e+11	1.73138e+10	9.29382e+10	2.48795e+11	2.32439e+10	2.55272e+11	1.51783e+10	-1.13451e+10	-8.46172e+10	5.61639e+10
1.01e-09	2.8198e+11	4.49272e+10	-5.69437e+11	1.00157e+11	4.31456e+11	-2.07626e+10	3.07942e+10	2.00219e+11	-3.48641e+11	-4.91016e+09	9.01878e+10	5.67159e+10	-3.5555e+10	-2.16047e+11	7.41048e+10
1.015e-09	2.10368e+11	-4.58048e+10	-3.98274e+11	1.83724e+11	6.35844e+11	7.75003e+10	8.0926e+09	1.52188e+11	-6.72848e+10	-4.84026e+09	-4.29152e+09	-3.87312e+10	6.82952e+10	2.31183e+11	3.71893e+11
1.02e-09	2.58717e+11	-3.01402e+11	-4.43428e+11	3.14159e+10	1.18744e+11	1.21136e+11	1.26441e+10	1.77272e+11	1.17914e+11	3.11847e+10	1.82294e+11	3.04249e+11	-1.90918e+10	1.29813e+11	-1.09408e+11
1.025e-09	4.22788e+11	2.34757e+11	-6.61283e+11	1.46761e+11	4.21698e+11	2.57174e+11	7.87606e+10	2.34036e+11	4.27106e+11	-4.34493e+08	-2.65158e+10	5.80126e+10	2.39203e+10	4.31241e+11	1.87752e+10
1.03e-09	2.16576e+11	2.19376e+11	-3.04802e+11	2.1255e+11	6.90308e+11	1.83601e+11	4.40098e+10	8.36663e+10	2.6638e+11	9.42816e+09	9.19168e+10	1.49025e+11	4.18454e+09	-3.9173e+10	9.20017e+10
1.035e-09	3.36191e+11	3.33013e+10	-5.96752e+11	1.6188e+11	4.71676e+11	9.17454e+10	2.63198e+10	-1.08365e+10	2.27603e+11	-8.98422e+09	3.99455e+10	-8.69543e+10	1.76842e+10	-1.3578e+11	2.56996e+11
1.04e-09	3.4628e+11	1.2803e+11	-5.57295e+11	1.85784e+11	4.60513e+11	2.73295e+11	6.07452e+10	1.53808e+11	2.24252e+11	4.80664e+10	5.80044e+10	3.75147e+11	-2.51634e+09	4.76088e+10	1.98022e+11
1.045e-09	4.38858e+11	4.55242e+11	-6.29981e+11	1.89971e+11	4.77933e+11	2.6209e+11	8.00393e+10	1.18356e+11	2.48415e+11	9.8805e+09	3.89984e+10	8.626e+10	1.44206e+09	-1.96626e+11	2.18496e+11
1.05e-09	5.24652e+11	1.19613e+11	-7.15366e+11	2.57157e+11	5.2054e+11	3.30007e+11	7.87569e+10	1.5969e+11	3.55182e+11	3.125e+10	-1.37032e+10	2.72357e+11	3.13476e+10	4.76764e+10	3.13587e+11
1.055e-09	3.93092e+11	-3.66796e+10	-6.68632e+11	1.90203e+11	3.92496e+11	2.47594e+11	4.91554e+10	7.62133e+09	2.63066e+11	6.7567e+09	1.79681e+11	1.16274e+10	9.7623e+09	-1.65442e+10	1.08737e+11
1.06e-09	2.09366e+11	2.9311e+11	-3.79639e+11	1.9027e+11	3.10836e+11	2.33416e+11	1.96565e+10	-1.40041e+11	2.56351e+11	-4.13205e+09	1.07307e+11	3.68984e+08	7.98492e+09	-2.53971e+10	2.33283e+11
1.065e-09	4.15624e+11	3.58979e+11	-5.99017e+11	1.96934e+11	4.25913e+11	2.30001e+11	3.8145e+10	7.92345e+10	1.58872e+11	-8.55621e+09	-3.12656e+08	-2.29789e+10	-1.44088e+09	5.42781e+10	3.88201e+10
1.07e-09	3.99447e+11	4.83767e+11	-6.33346e+11	1.73827e+11	2.8403e+11	1.87618e+11	9.4346e+10	1.5464e+11	3.86279e+11	9.8204e+09	-1.08438e+11	1.50448e+11	2.35529e+10	-8.61653e+10	2.10039e+11
1.075e-09	1.55368e+11	4.28224e+11	-1.8598e+11	1.64209e+11	3.20417e+11	2.70692e+11	5.33598e+10	3.37905e+10	1.8871e+11	2.13303e+10	-8.76009e+09	2.35884e+11	-1.27254e+09	-1.10884e+11	-9.44264e+10
1.08e-09	1.34713e+11	2.49854e+11	-2.8116e+11	1.82713e+11	2.72639e+11	3.41619e+11	5.25513e+10	1.21169e+10	1.90004e+11	9.15216e+10	-1.80833e+11	5.19144e+11	-8.79659e+08	1.19955e+11	1.05719e+11
1.085e-09	1.28815e+11	4.38658e+10	-5.45835e+11	3.7455e+10	3.5684e+10	1.30084e+11	5.84716e+10	1.8072e+11	2.09985e+11	3.63123e+10	-9.88973e+10	2.12903e+11	-6.43917e+10	9.7176e+10	-3.42281e+11
1.09e-09	1.24173e+11	2.65837e+11	-8.64804e+10	1.07778e+11	4.98351e+10	3.62616e+11	9.48437e+10	1.30469e+11	3.22368e+11	1.14396e+10	-1.78971e+11	1.20848e+11	8.83533e+10	-4.34082e+11	6.56516e+10
1.095e-09	2.01821e+11	4.30659e+11	-3.91308e+11	1.19786e+11	2.49899e+11	2.27699e+11	9.16246e+10	2.98919e+11	2.53175e+11	2.05114e+10	-1.40774e+11	7.14049e+10	3.69535e+10	-1.74544e+11	2.00045e+10
1.1e-09	1.83703e+11	4.61741e+11	-3.73112e+11	2.1744e+10	-6.94701e+10	8.54616e+10	9.51519e+10	1.73573e+11	3.80826e+11	1.81273e+10	-2.05045e+11	-7.62634e+10	2.2461e+10	-6.32718e+10	3.09504e+11
1.105e-09	1.82791e+11	4.07436e+11	-1.89047e+10	8.43605e+10	-7.84223e+10	2.96913e+11	8.28052e+10	7.02537e+10	4.01207e+11	2.92941e+10	-4.55915e+11	-2.85995e+10	9.78221e+09	-3.37336e+11	4.64046e+09
1.11e-09	2.39349e+11	4.38588e+11	1.15603e+11	4.9559e+10	-1.59106e+11	1.04388e+11	4.62812e+10	-2.66204e+11	2.57883e+11	2.31522e+10	-4.86503e+11	2.82917e+10	5.90299e+10	-2.88466e+11	-3.77229e+10
1.115e-09	2.33989e+11	4.92848e+11	1.71316e+11	1.04105e+11	-8.51668e+10	2.66703e+11	-7.98574e+09	-6.56817e+10	-1.68874e+10	-2.89996e+10	3.31062e+11	-2.03339e+11	2.40072e+10	-1.33068e+11	6.40529e+10
1.12e-09	3.26629e+11	5.488e+11	-2.27353e+11	1.01047e+11	-1.57506e+10	2.29795e+11	7.3049e+10	-1.91967e+11	5.91731e+11	5.75824e+09	4.82178e+10	1.42897e+11	2.43224e+10	-2.62464e+11	-2.52884e+09
1.125e-09	4.43004e+11	6.48909e+11	-1.36364e+11	2.63343e+11	6.27732e+10	6.28149e+11	7.27679e+09	6.87148e+10	4.92392e+10	2.96582e+10	-1.61177e+11	1.99048e+11	4.78011e+10	-3.68903e+11	4.82126e+10
1.13e-09	2.90921e+11	4.60221e+11	1.31603e+11	8.52299e+10	-1.74677e+11	2.06102e+11	9.68473e+10	-2.47206e+11	2.50606e+11	-2.90948e+09	-5.31877e+10	-1.10046e+10	2.70108e+10	-2.95497e+11	1.63111e+11
1.135e-09	3.17535e+11	6.95365e+11	1.40021e+11	3.65104e+11	-2.69922e+11	6.59777e+11	2.42859e+09	-1.25264e+09	4.7569e+10	-3.29735e+10	2.38366e+11	-2.656e+11	-4.22552e+09	3.82228e+10	-2.79468e+11
1.14e-09	1.22968e+11	2.82065e+11	2.36583e+10	9.66903e+10	-3.10399e+11	1.43813e+11	3.79135e+10	-2.98452e+11	1.1015e+11	3.54777e+10	-4.34684e+11	-2.17662e+11	2.05938e+10	-3.45688e+11	5.14853e+10
1.145e-09	2.5413e+11	4.77896e+11	2.5739e+11	1.745e+11	-2.44509e+11	3.78714e+11	4.1154e+10	-3.7765e+11	-4.02045e+10	1.45313e+10	-1.87354e+11	5.40036e+10	4.66636e+08	2.19437e+10	1.61261e+11
1.15e-09	2.51504e+11	3.43199e+11	3.95946e+11	1.17517e+11	-1.09454e+11	3.43804e+11	1.43639e+10	-1.79832e+11	-1.971e+10	4.42594e+10	-3.17042e+11	-1.13248e+11	1.02558e+10	-1.81679e+10	-7.47279e+10
1.155e-09	1.80236e+11	3.84736e+11	2.00103e+11	6.95076e+10	-1.22426e+11	2.31336e+11	1.31375e+11	-4.80874e+11	1.08305e+11	7.45699e+10	-4.61011e+11	6.4661e+10	2.32936e+10	-8.67711e+10	-2.55403e+11
1.16e-09	1.89463e+11	3.25622e+11	3.32932e+11	5.95353e+10	-1.48385e+11	1.92254e+11	5.66247e+10	-1.94727e+11	6.42399e+10	3.99166e+10	-3.89056e+11	-1.30164e+11	4.98692e+10	-3.50736e+11	-1.57557e+11
1.165e-09	2.11122e+11	3.36798e+11	3.22356e+11	1.19017e+11	-4.283e+11	4.75682e+10	2.39789e+10	-1.20023e+11	-3.69331e+10	4.64005e+10	-2.07908e+11	-3.28911e+10	2.94902e+10	-9.50809e+10	-1.48805e+11
1.17e-09	1.32776e+11	2.0213e+10	3.9587e+11	1.2527e+11	-3.77599e+11	2.48811e+11	4.84527e+10	-2.67825e+11	-1.20094e+11	5.85257e+10	-2.95428e+11	3.15926e+09	2.90926e+10	-3.8151e+11	1.10611e+11
1.175e-09	2.55365e+11	2.03255e+11	5.61675e+11	7.44489e+10	-3.76023e+11	-2.29949e+11	7.999e+09	-1.40809e+11	-1.24852e+10	1.54511e+10	-1.21374e+11	-8.961e+10	9.4107e+09	-5.36294e+10	-1.38687e+11
1.18e-09	2.87275e+11	9.07301e+10	7.89905e+11	1.77784e+10	-1.62552e+11	3.13617e+09	3.71584e+09	-1.74514e+11	1.29413e+11	-3.09138e+10	1.12677e+11	7.16274e+10	4.9867e+10	-9.31955e+10	-4.01182e+11
1.185e-09	2.13986e+11	4.1127e+11	4.16125e+11	-2.05341e+10	-2.49272e+10	4.38492e+10	-3.6654e+09	-6.11195e+10	-6.45643e+10	1.25274e+10	-3.11574e+11	-2.61548e+10	-4.10603e+10	-2.0556e+11	2.62192e+11
1.19e-09	2.95812e+11	3.69427e+10	5.8631e+11	1.30776e+10	-9.89463e+10	8.91175e+10	2.93916e+10	-2.05285e+11	-9.88122e+10	1.06168e+10	-7.33386e+10	-6.70228e+10	3.47934e+10	-7.03042e+10	-2.03949e+11
1.195e-09	1.99925e+11	1.49806e+11	3.49117e+11	6.87683e+10	-2.76171e+11	1.19844e+11	4.53014e+10	-4.78907e+11	-1.33219e+11	5.81759e+10	-2.99658e+11	-2.48355e+11	2.24898e+10	-1.69245e+11	-2.18454e+11
1.2e-09	3.26609e+11	2.10862e+10	5.70237e+11	7.07365e+10	-2.59107e+11	1.52994e+11	-3.14044e+10	-5.7864e+10	1.55437e+11	-8.10107e+09	-1.96541e+11	3.64603e+10	2.1283e+10	1.0184e+11	-1.50054e+11
1.205e-09	2.83012e+11	1.48779e+11	4.62737e+11	1.16827e+11	-3.40824e+11	5.08198e+10	4.57135e+10	-2.50901e+11	-2.22771e+11	-2.82194e+10	-2.02358e+11	1.97224e+11	7.58945e+10	-1.09227e+11	-4.89759e+11
1.21e-09	3.60583e+11	-1.62479e+11	6.40882e+11	1.47727e+11	-4.66191e+11	5.18528e+10	2.8135e+10	-7.59402e+10	-2.72722e+11	3.63035e+10	4.32267e+10	-4.7886e+11	1.25025e+10	1.30631e+11	-1.71731e+11
1.215e-09	3.18845e+11	1.056e+11	4.9652e+11	1.3422e+11	-3.72389e+11	8.21808e+10	4.55682e+10	-3.24394e+11	-2.50814e+11	1.78667e+10	-2.58666e+11	-1.18967e+11	2.93157e+10	-1.07951e+11	-5.17763e+11
1.22e-09	3.70636e+11	-7.64756e+10	6.40489e+11	1.82903e+11	-4.43015e+11	9.64837e+10	2.23109e+10	-2.13697e+11	2.17117e+11	1.737e+10	1.34882e+11	-1.24705e+11	1.89052e+10	1.64552e+11	-4.66468e+10
1.225e-09	2.74694e+11	-2.97922e+11	5.05031e+11	1.43559e+11	-3.84156e+11	-3.39672e+10	1.65922e+10	-1.46139e+11	4.51001e+10	2.40727e+10	-2.29312e+11	-1.42281e+11	-5.21319e+09	-4.29866e+10	-2.45222e+11
1.23e-09	4.83732e+11	2.18645e+10	6.92548e+11	1.84962e+11	-4.16304e+11	-8.64091e+10	6.28255e+10	-2.07339e+11	-2.69755e+11	-5.52047e+08	-1.84172e+11	-7.3139e+10	3.58377e+09	2.05764e+11	-1.35879e+11
1.235e-09	4.52423e+11	-2.21587e+11	6.54562e+11	2.08741e+11	-6.0481e+11	-1.66639e+11	-2.36384e+10	4.4272e+09	8.5716e+10	5.23923e+10	-7.46201e+10	-2.78357e+11	-6.08646e+09	6.63112e+10	-5.38715e+10
1.24e-09	2.57043e+11	-2.38241e+11	3.91064e+11	4.41209e+10	-1.25316e+11	3.80881e+10	-1.58373e+10	8.05485e+10	-2.01706e+10	1.17843e+10	4.68938e+10	-1.8183e+11	-2.47896e+10	-2.07066e+11	6.44436e+10
1.245e-09	2.40459e+11	-1.4512e+11	4.33369e+11	2.20158e+11	-5.04165e+11	-2.51627e+11	4.77105e+10	-2.36367e+11	-7.90087e+10	7.38027e+10	-2.29609e+11	-3.75574e+11	-1.82274e+10	2.29091e+11	1.04379e+11
1.25e-09	3.29327e+11	-9.32312e+10	5.28558e+11	7.94145e+10	-1.82685e+11	-1.03161e+11	1.90457e+10	-4.65703e+10	-1.46631e+11	1.04096e+10	-5.59206e+10	-8.47879e+10	7.86928e+09	1.54882e+11	1.00027e+11
1.255e-09	2.42097e+11	-1.51e+11	3.92088e+11	1.05055e+11	-3.71117e+11	-7.20971e+09	7.53612e+10	-2.03507e+11	-1.48624e+11	2.56631e+10	-4.41885e+10	-4.17275e+11	-3.80299e+09	-1.56745e+11	-1.11472e+11
1.26e-09	3.19329e+11	-2.34397e+11	5.54627e+11	1.06441e+11	-1.80647e+11	-1.91185e+11	1.02501e+11	-2.00987e+11	-4.10484e+11	6.45124e+09	1.28797e+11	-1.43718e+11	1.81369e+10	7.16799e+10	-9.85844e+10
1.265e-09	4.77343e+11	-5.97929e+11	4.0953e+11	1.20086e+11	-3.13905e+11	-2.17072e+11	2.88308e+10	-3.53609e+11	-9.10706e+10	2.38151e+10	-1.58739e+11	-1.09645e+11	3.8132e+10	2.48442e+11	-5.70345e+10
1.27e-09	4.82837e+11	-5.13585e+11	6.37124e+11	1.52338e+11	-2.65288e+11	-3.27228e+11	9.25641e+10	-1.37285e+11	-2.71029e+11	1.17082e+11	2.8034e+11	-4.78162e+11	-6.77798e+08	3.42508e+10	-3.03267e+10
1.275e-09	4.47932e+11	-7.265e+11	2.26027e+11	2.08836e+11	-3.13145e+11	-2.82257e+11	7.73038e+10	1.65125e+10	-2.91109e+11	3.92398e+10	1.10579e+11	-1.27206e+11	-3.36158e+10	2.9515e+11	2.17628e+11
1.28e-09	2.92481e+11	-4.04194e+11	3.0413e+11	2.46595e+11	-3.76835e+11	-3.90537e+11	2.5456e+10	-2.64333e+11	-5.5235e+10	1.73191e+10	-8.05974e+10	-2.04545e+11	4.06979e+10	2.67461e+11	-1.95819e+11
1.285e-09	2.64085e+11	-4.85284e+11	1.38922e+11	2.1956e+11	-2.19504e+11	-4.92479e+11	5.43008e+10	1.61807e+10	-2.46164e+11	1.27496e+10	-4.15224e+10	-2.65972e+11	1.99695e+09	1.62588e+11	9.21738e+10
1.29e-09	1.3843e+11	-3.42483e+11	1.02528e+11	1.1892e+10	-2.16043e+10	-1.61983e+10	1.30079e+10	-1.25894e+11	-1.12778e+11	1.83201e+09	-1.99325e+11	-1.15154e+11	3.06406e+09	-6.96594e+10	-2.39956e+11
1.295e-09	1.35854e+11	-3.96658e+11	6.21342e+10	6.36701e+10	2.01153e+10	-2.40403e+11	9.97345e+10	1.86936e+11	-3.2785e+11	-3.42721e+09	1.19588e+11	5.96002e+09	1.2557e+10	1.72408e+11	-1.24126e+11
1.3e-09	1.73245e+11	-5.79529e+11	2.02755e+11	1.94878e+10	-9.98337e+10	-9.25211e+10	8.78058e+10	-1.01399e+11	-2.91377e+11	2.89766e+10	2.6981e+11	-2.914e+11	-1.12047e+09	8.61533e+10	-2.29236e+10
1.305e-09	2.11986e+11	-5.73748e+11	-3.67799e+10	8.90409e+10	-1.70575e+11	-2.64409e+11	8.69859e+10	3.41343e+11	-4.05381e+11	8.64402e+09	-9.61077e+10	-2.74703e+11	5.95572e+09	5.35479e+10	-2.78443e+11
1.31e-09	2.09098e+11	-5.11612e+11	-1.22821e+11	7.51766e+10	2.06924e+10	-2.5028e+11	-1.2611e+10	1.44129e+11	1.02653e+11	6.86022e+10	3.07863e+09	-4.90468e+11	1.5044e+10	2.567e+11	-3.68469e+10
1.315e-09	1.71881e+11	-5.427e+11	1.58466e+11	9.51837e+10	1.71432e+11	-3.64563e+11	-5.08995e+10	2.88871e+11	3.7487e+11	4.42335e+10	3.30624e+11	1.58878e+11	3.84425e+09	1.26e+11	-9.83003e+10
1.32e-09	1.28638e+11	-3.40722e+11	4.03701e+10	1.31579e+10	-8.04659e+10	-1.1838e+11	4.87969e+10	2.19452e+11	-2.7301e+11	-5.49499e+09	2.24397e+10	2.99078e+10	-2.86723e+10	-1.67398e+11	-1.10454e+11
1.325e-09	7.79267e+10	-2.99133e+11	-7.21737e+09	6.85636e+10	-1.19917e+11	-2.96546e+11	1.35613e+10	7.46636e+10	-2.28429e+11	2.08587e+09	1.10874e+10	1.13956e+11	8.6016e+10	5.90437e+11	1.0157e+11
1.33e-09	1.40583e+11	-9.22393e+10	-3.25535e+11	4.07884e+10	-1.15605e+11	-3.34657e+11	1.03331e+10	-4.38446e+10	-1.48986e+11	1.07808e+10	1.45623e+11	-8.55391e+10	4.50022e+10	2.23812e+11	-4.85076e+10
1.335e-09	6.61774e+10	-2.34721e+10	-2.20662e+11	9.06282e+10	3.29035e+11	-2.62887e+11	-3.20788e+10	-1.29146e+11	1.23415e+11	1.28925e+10	2.31899e+11	8.2633e+08	4.88739e+10	2.33166e+11	2.39244e+11
1.34e-09	2.23265e+11	-2.36474e+11	-3.97221e+11	4.41963e+10	3.31363e+11	-1.68502e+11	5.45517e+09	7.98684e+10	-3.54038e+09	1.54293e+10	1.92421e+11	-2.62442e+09	-8.55169e+09	2.99143e+10	-1.3429e+11
1.345e-09	1.87626e+11	-3.32472e+11	-2.95393e+11	1.07251e+11	5.44961e+11	-3.5621e+10	2.1804e+10	1.4041e+11	1.12822e+10	-1.0358e+10	1.25385e+10	-2.0886e+10	2.86975e+08	-5.06349e+10	7.436e+10
1.35e-09	2.727e+11	1.83854e+10	-6.09363e+11	8.18362e+10	2.96855e+11	-3.64105e+10	-1.71106e+10	-1.29373e+11	-1.64933e+11	8.14362e+09	2.66598e+11	-7.55039e+10	1.10159e+10	-2.42515e+10	4.85084e+11
1.355e-09	4.46252e+11	2.91479e+09	-7.14472e+11	3.14599e+10	1.1448e+11	-3.50877e+10	1.54554e+10	2.25222e+11	7.62581e+10	1.69993e+10	1.91678e+11	-2.08625e+11	-3.16205e+09	-6.07058e+10	2.73721e+11
1.36e-09	3.45719e+11	-1.68635e+10	-6.10655e+11	1.29262e+11	3.74222e+11	-2.21364e+11	6.40061e+10	5.02951e+11	6.59459e+10	1.35233e+10	1.31912e+11	6.42075e+10	-9.13534e+09	-6.45148e+10	1.63533e+11
1.365e-09	2.87895e+11	-3.48896e+10	-4.71357e+11	1.02416e+11	3.58563e+11	1.6172e+11	4.4433e+10	1.51142e+11	1.23977e+11	2.43459e+10	3.38339e+11	-1.0027e+11	1.10799e+10	9.00451e+10	3.13792e+10
1.37e-09	3.6368e+11	-2.0428e+11	-6.10271e+11	1.62207e+11	5.00867e+11	1.31483e+11	2.33382e+10	1.1235e+11	-2.43383e+10	8.4639e+10	1.4312e+11	4.2467e+11	3.38637e+10	1.59811e+11	1.8131e+11
1.375e-09	3.54974e+11	2.76262e+10	-5.62992e+11	2.14458e+11	5.50303e+11	3.23592e+11	1.55037e+11	4.08158e+11	3.92478e+11	4.24957e+10	4.02588e+10	2.02639e+11	2.5657e+10	2.17731e+10	1.7739e+11
1.38e-09	2.72471e+11	3.03311e+11	-3.6185e+11	1.67411e+11	5.00448e+11	-1.23765e+10	2.37671e+10	1.98739e+11	-1.73484e+11	1.41815e+10	-1.06139e+09	1.70797e+11	5.65819e+10	-3.22814e+11	4.11272e+11
1.385e-09	4.12622e+11	-1.43617e+10	-6.99553e+11	1.32387e+11	3.28188e+11	4.46348e+10	7.42135e+10	4.94044e+11	2.04975e+11	8.34977e+10	3.45331e+11	3.6037e+11	2.93028e+09	-4.42743e+10	8.83501e+10
1.39e-09	2.50217e+11	2.99832e+11	-3.30965e+11	3.09073e+10	2.39585e+10	1.8082e+11	5.50189e+10	1.66233e+11	3.48523e+11	3.10822e+10	2.78904e+09	3.15025e+11	7.59226e+09	-1.2999e+11	1.26077e+11
1.395e-09	3.96635e+11	3.85619e+11	-4.67322e+11	1.75992e+11	4.99687e+11	1.16884e+11	8.33565e+10	1.09299e+11	3.02e+11	2.72247e+10	-5.61382e+10	2.19244e+11	3.64438e+10	2.34502e+10	2.97227e+11
1.4e-09	5.30476e+11	4.77156e+11	-5.43116e+11	1.58041e+11	4.48613e+11	8.45429e+10	1.12041e+11	4.56574e+11	3.89121e+11	9.83521e+10	2.21522e+11	4.36256e+11	2.9006e+10	-2.49756e+11	1.91974e+11
1.405e-09	2.91469e+11	2.89379e+11	-4.04051e+11	1.87421e+11	1.94053e+11	4.51534e+11	3.37945e+10	2.72419e+10	2.31721e+11	1.7045e+10	-5.33766e+10	1.55378e+11	6.97332e+10	-1.31531e+11	3.18431e+11
1.41e-09	4.5189e+11	5.645e+11	-3.30394e+11	7.61846e+10	1.43466e+11	1.11421e+11	5.15794e+10	4.88775e+10	2.22495e+11	3.60398e+10	1.56822e+11	1.9034e+11	6.1942e+10	-1.95771e+11	2.29611e+11
1.415e-09	1.87343e+11	9.83778e+10	-3.6902e+11	2.27276e+11	3.88082e+11	3.4289e+11	3.92731e+10	-1.33749e+11	2.97347e+11	5.90461e+09	-1.52386e+11	1.13922e+11	1.42973e+10	1.53041e+11	1.03059e+11
1.42e-09	2.10579e+11	2.42071e+11	-3.8243e+11	3.14411e+11	4.61727e+11	6.61603e+11	3.87682e+10	-9.33963e+10	1.74387e+11	1.99116e+10	-7.11428e+10	1.46001e+11	6.73663e+09	-2.04668e+11	-1.00733e+11
1.425e-09	3.76344e+11	6.81433e+11	-1.36253e+11	9.51314e+10	3.27292e+11	1.242e+11	8.40073e+10	1.99841e+11	4.20783e+11	1.04875e+10	-4.10797e+10	2.71037e+10	-1.91117e+09	-1.78169e+11	-1.75356e+11
1.43e-09	3.82301e+11	5.91575e+11	-1.461e+11	1.39306e+11	3.81863e+10	3.94483e+11	2.2171e+10	-2.58018e+11	3.75636e+10	4.43177e+10	-3.77085e+11	2.39451e+11	1.3418e+09	-1.49895e+11	-2.85648e+10
1.435e-09	3.13485e+11	5.54218e+11	5.71919e+10	1.68846e+11	1.79624e+11	4.08049e+11	7.18068e+10	8.36666e+10	3.1864e+11	6.66889e+10	-2.53651e+11	3.11254e+11	-7.25012e+09	-1.47458e+11	-4.86536e+10
1.44e-09	1.11352e+11	2.16887e+11	4.44087e+10	9.01569e+10	2.07897e+11	2.2147e+11	2.45504e+10	4.14204e+10	2.73699e+11	1.89619e+10	-4.49202e+10	2.34136e+11	3.868e+09	-2.21973e+11	-1.25069e+09
1.445e-09	3.19321e+11	4.58586e+11	-2.8771e+11	2.06084e+11	3.48651e+11	5.06675e+11	3.13599e+10	-3.37602e+10	1.75993e+11	2.05201e+10	1.79104e+10	1.79598e+11	2.17759e+10	-1.67242e+11	2.34701e+11
1.45e-09	3.82562e+11	5.9155e+11	-1.26477e+11	1.44573e+11	2.12968e+11	3.0114e+11	5.04866e+10	-1.75109e+11	2.37757e+11	4.5255e+10	-2.97287e+11	2.20287e+10	1.19545e+10	-1.99782e+11	-1.05242e+10
1.455e-09	2.46659e+11	4.61319e+11	-1.51494e+11	8.85327e+10	8.84239e+10	2.15156e+11	9.58118e+10	-2.93061e+11	3.27851e+11	1.78685e+10	-3.0036e+10	1.67033e+11	-1.13359e+09	1.03607e+11	3.06757e+10
1.46e-09	2.50859e+11	4.66975e+11	-3.29409e+11	2.20194e+11	3.45874e+11	5.15352e+11	7.06312e+10	-7.56901e+10	2.74026e+11	6.33506e+10	-3.59781e+11	1.12634e+11	2.61001e+10	-1.67671e+11	1.53076e+11
1.465e-09	2.83243e+11	5.95356e+11	4.82628e+10	1.28187e+11	-1.53729e+11	3.70559e+11	1.13845e+11	-1.56112e+11	4.04044e+11	-8.58894e+09	7.32341e+10	5.67094e+10	-5.98103e+09	-4.1924e+10	1.11729e+11
1.47e-09	2.22141e+11	3.91732e+11	5.81458e+09	1.09759e+11	-2.42646e+10	3.31394e+11	6.6411e+10	-1.69191e+11	2.12365e+11	-7.17798e+09	-3.78541e+11	-2.51429e+11	-7.06846e+08	-4.23476e+10	5.82662e+09
1.475e-09	3.23969e+11	4.70472e+11	6.7979e+10	1.04415e+11	-1.52732e+09	2.90449e+11	7.22933e+10	-3.07596e+11	6.34413e+10	4.85664e+10	-2.76769e+11	-1.06093e+10	1.1775e+10	-1.51287e+10	-2.72021e+11
1.48e-09	2.60475e+11	3.84498e+11	-5.54461e+10	8.0695e+10	1.05111e+11	2.52522e+11	-2.16971e+10	1.61516e+11	1.85816e+10	-2.24602e+09	1.80485e+10	1.61148e+11	2.65828e+10	-1.74604e+11	-2.57513e+11
1.485e-09	2.53577e+11	4.79074e+11	-5.03913e+10	2.48529e+11	5.81797e+10	6.39498e+11	4.14799e+10	-1.30972e+10	2.64404e+11	4.00722e+10	-3.35756e+11	-6.45016e+10	2.12379e+10	-2.32842e+11	3.6552e+10
1.49e-09	3.16823e+11	5.07469e+11	2.0991e+11	1.45359e+11	-1.84326e+11	4.12361e+11	5.78472e+10	-2.92105e+11	2.29749e+11	9.06815e+09	-2.43402e+11	-3.17825e+10	3.47504e+10	-1.63894e+11	-2.29849e+11
1.495e-09	2.27782e+11	3.51931e+11	1.16364e+11	2.15553e+11	-2.55684e+11	4.58951e+11	1.77772e+11	-5.184e+11	3.57361e+11	-2.17835e+09	-1.98466e+11	-2.06677e+10	-4.27991e+09	-1.6986e+11	1.02178e+11
1.5e-09	3.83104e+11	4.97026e+11	4.49518e+11	1.61979e+11	-3.53428e+11	2.26044e+11	3.28967e+10	-3.90127e+10	1.57329e+11	-6.29186e+09	-1.08488e+09	1.43855e+10	-1.77493e+10	5.96736e+10	6.72155e+10
