Tue Oct 22 16:43:17 2024

<base> : Rectangle : 0m, 0m, 0m; 7um, 50nm, 5nm. Cells : 1400, 10, 1. Cellsize : 5nm, 5nm, 5nm
<supermesh> : Rectangle : 0m, 0m, 0m; 7um, 50nm, 5nm. Cells : 1400, 10, 1. Cellsize : 5nm, 5nm, 5nm

Saved data (dataname (unit) <meshname> (cells_rectangle)) : 

time (s)	<mxdmdt> (1/s) <base> (3.6um, 0m, 0m; 3.61um, 50nm, 5nm)			<mxdmdt> (1/s) <base> (4um, 0m, 0m; 4.01um, 50nm, 5nm)			<mxdmdt> (1/s) <base> (4.5um, 0m, 0m; 4.51um, 50nm, 5nm)			<mxdmdt> (1/s) <base> (5.5um, 0m, 0m; 5.51um, 50nm, 5nm)			<mxdmdt> (1/s) <base> (6.5um, 0m, 0m; 6.51um, 50nm, 5nm)			

0	51595.9	-22223.4	560498	18077.1	1.10166e+06	-470926	36288.3	679197	553155	7991.6	255455	-925803	9613.39	-189311	-190667
5e-12	3.5767e+09	-1.23773e+11	1.09315e+11	1.43818e+10	1.61644e+11	1.2308e+11	-1.18269e+08	-1.39959e+11	4.66666e+10	-1.96851e+10	6.09478e+10	9.73251e+10	-4.39792e+09	1.41368e+11	1.15734e+11
1e-11	5.59253e+09	2.86276e+11	-2.06649e+11	-2.04831e+10	-2.68577e+11	2.33541e+11	-1.25594e+10	2.17747e+11	3.8355e+10	-1.79785e+10	-1.537e+11	1.34049e+11	2.21796e+09	-1.17288e+11	-8.28711e+10
1.5e-11	1.82964e+10	-2.57551e+09	-3.34084e+11	8.43938e+09	2.59398e+11	-5.67309e+10	6.10329e+09	-1.82327e+11	-7.5023e+10	-1.26344e+10	-3.3349e+10	7.39954e+09	1.98515e+10	6.13998e+10	-1.93713e+11
2e-11	3.86872e+10	1.35321e+11	-2.41154e+11	5.22479e+08	-3.38074e+10	-1.54213e+11	2.6863e+09	7.259e+10	-7.35181e+10	2.61838e+10	2.44325e+11	-2.97864e+11	-1.1636e+10	9.91731e+10	-4.79819e+10
2.5e-11	-2.13605e+08	5.26334e+10	-2.14817e+11	1.68104e+10	1.41359e+11	-7.65388e+10	-8.5338e+09	1.85212e+11	7.05936e+10	1.26929e+10	1.50927e+11	-2.58822e+11	-9.7002e+09	2.15559e+11	1.45072e+11
3e-11	1.77896e+10	1.65247e+11	2.24524e+10	-2.77593e+10	-1.07677e+11	-8.58483e+10	-1.51258e+09	-3.28635e+10	9.6183e+10	1.47409e+09	-7.30987e+10	6.72292e+10	-1.66152e+10	-3.43554e+11	3.27526e+11
3.5e-11	7.17867e+10	1.68559e+11	-3.09707e+11	2.58303e+10	1.53429e+11	1.55467e+11	-2.91024e+10	-2.24205e+11	1.40647e+11	9.94336e+08	-2.588e+11	-5.80837e+10	-3.7773e+08	-1.71477e+11	2.40466e+11
4e-11	-8.92289e+09	-1.38292e+09	9.36078e+09	-1.13488e+10	1.48379e+10	9.92028e+10	-3.2834e+09	1.76623e+10	7.50949e+09	-1.364e+10	7.10238e+10	3.43187e+11	-2.322e+10	8.73201e+10	-2.38988e+11
4.5e-11	1.38357e+11	3.84277e+11	-1.69047e+11	2.585e+09	-5.90159e+10	5.12171e+10	2.70841e+10	2.71607e+11	1.28304e+11	1.42309e+10	-1.83338e+11	-3.20283e+10	-1.29105e+10	3.42387e+10	9.07425e+10
5e-11	1.1756e+11	3.41595e+11	-2.36763e+11	1.93737e+10	1.46968e+11	7.02982e+09	-5.88896e+09	-9.68724e+10	5.84053e+10	-1.0417e+10	2.83118e+11	-4.65799e+10	-5.33459e+08	6.9223e+10	-1.58586e+11
5.5e-11	1.79363e+11	5.75141e+11	8.83699e+09	3.13313e+10	1.84583e+11	1.08044e+11	-1.36972e+10	-3.39444e+10	-1.87184e+11	2.36591e+09	-4.65472e+10	1.25672e+11	-2.92375e+09	-8.295e+10	-8.11735e+10
6e-11	1.76795e+11	3.58625e+11	-2.25036e+11	-1.02244e+10	2.18316e+11	-4.19995e+09	-2.48697e+09	-4.79333e+10	3.30242e+10	-3.8989e+09	2.02712e+11	1.77799e+11	-9.44529e+09	1.22773e+11	-1.73159e+08
6.5e-11	3.75345e+11	6.27916e+11	-3.19591e+10	1.45611e+10	8.05346e+10	1.03956e+11	5.71154e+10	-2.97688e+11	2.52316e+11	1.99366e+09	6.15063e+10	4.22883e+10	-1.51015e+10	9.19413e+10	7.62783e+10
7e-11	3.85359e+11	5.4488e+11	-1.08914e+11	1.33425e+11	-7.78558e+10	3.83762e+11	7.37808e+09	1.11216e+11	1.39949e+11	-3.33528e+09	8.56583e+10	-4.2149e+10	-2.56631e+10	1.52415e+11	-2.0953e+11
7.5e-11	5.69771e+11	7.34869e+11	1.94442e+11	1.57568e+11	4.75271e+10	4.36462e+11	1.05399e+10	-3.61731e+09	7.53381e+10	-8.57838e+09	-1.19821e+11	-3.12633e+11	1.79327e+09	1.72588e+11	8.94168e+10
8e-11	7.48122e+11	7.93946e+11	4.37911e+11	2.18584e+11	-2.25422e+11	4.3309e+11	-1.05277e+10	-1.80588e+11	-4.1248e+10	-2.36439e+10	-1.19592e+11	-4.15034e+10	-6.17706e+08	-1.82702e+11	-2.04487e+11
8.5e-11	5.64338e+11	6.70664e+11	1.82313e+10	2.40735e+11	-2.78563e+11	4.95791e+11	3.48121e+10	-7.00001e+10	1.88085e+11	2.28126e+10	-2.36016e+11	-1.9358e+11	-1.90515e+10	1.91517e+11	8.82873e+10
9e-11	6.20323e+11	5.46918e+11	1.69256e+11	2.58863e+11	-2.96861e+11	3.72097e+11	6.48475e+10	-8.33708e+10	2.17104e+11	3.98734e+09	-1.91041e+11	1.14798e+11	-7.96088e+09	-1.86384e+11	3.59095e+10
9.5e-11	6.73019e+11	3.74948e+11	4.723e+11	3.14818e+11	-5.2851e+10	7.10579e+11	1.19507e+11	-2.81651e+11	1.53254e+11	7.09307e+09	-9.88324e+10	-5.3119e+10	1.16989e+09	-3.38826e+11	-2.95566e+10
1e-10	6.15778e+11	3.93056e+11	4.89372e+11	4.22351e+11	-4.17445e+11	5.13259e+11	1.03818e+11	-3.4117e+11	1.31971e+11	-9.2711e+09	3.68137e+10	1.49068e+11	-1.67642e+10	1.4276e+10	1.81022e+11
1.05e-10	6.51977e+11	3.96933e+11	3.87396e+11	3.54017e+11	-5.07191e+11	4.46943e+11	6.58719e+10	-1.18568e+11	2.6933e+11	5.34936e+09	-1.5126e+11	-3.4801e+10	-1.40884e+09	-1.1033e+11	-7.31275e+10
1.1e-10	4.59028e+11	1.75815e+11	4.64271e+11	3.94355e+11	-5.97983e+11	3.0531e+11	4.33935e+10	-1.72248e+11	-2.93814e+10	1.23598e+09	6.09199e+10	-1.12178e+11	2.89838e+09	1.96455e+11	1.59696e+11
1.15e-10	6.46982e+11	2.02159e+11	6.56049e+11	3.95878e+11	-5.52078e+11	1.4748e+11	1.82486e+11	-4.5613e+11	1.12029e+11	5.85046e+09	-7.30093e+10	5.55421e+10	-1.04193e+10	-1.22732e+11	2.35126e+11
1.2e-10	5.71447e+11	2.32917e+11	5.90675e+11	4.11224e+11	-6.36185e+11	2.79866e+11	1.44086e+11	-5.02145e+11	1.40224e+11	2.55495e+10	-3.51462e+11	-4.15119e+09	1.67295e+09	-7.31789e+10	-1.88951e+10
1.25e-10	8.43045e+11	1.54164e+11	7.15051e+11	3.77992e+11	-7.224e+11	-1.39882e+11	1.10001e+11	-2.94075e+11	1.63491e+11	-8.54158e+09	-1.54763e+11	2.28008e+11	-1.49518e+09	-5.05797e+10	-2.1128e+11
1.3e-10	6.55577e+11	8.42392e+10	7.23176e+11	3.06898e+11	-6.27097e+11	3.44502e+11	1.4357e+11	-3.56467e+11	2.11075e+11	-1.89432e+09	-2.80525e+11	2.35577e+11	-5.91819e+09	1.45958e+11	-7.98032e+09
1.35e-10	7.42988e+11	3.1131e+11	6.11177e+11	4.5146e+11	-7.38841e+11	-2.77921e+11	1.19431e+11	-3.71642e+11	-1.00975e+11	1.9569e+10	-3.59421e+11	-1.48883e+11	-3.7473e+09	-1.68639e+10	-2.11018e+10
1.4e-10	7.38042e+11	2.20714e+11	7.0503e+11	3.66809e+11	-5.85198e+11	5.90946e+10	1.7753e+11	-4.46073e+11	-4.18975e+11	4.19004e+10	-6.68121e+10	-2.94876e+11	-4.82543e+09	6.72341e+10	-1.00006e+11
1.45e-10	7.11543e+11	-1.87284e+11	6.41204e+11	3.08652e+11	-5.67075e+11	-2.46832e+10	1.26204e+11	-4.23593e+11	-1.44008e+11	1.74873e+10	-1.76322e+11	-5.28055e+10	2.55318e+09	1.76321e+11	-1.00958e+11
1.5e-10	7.79882e+11	-1.2227e+11	8.86793e+11	3.57455e+11	-6.00079e+11	6.90133e+10	1.90486e+11	-5.21532e+11	-3.08345e+11	3.00239e+10	-8.18102e+10	-3.01819e+11	-5.86393e+09	-8.34634e+10	-6.39934e+10
1.55e-10	7.43187e+11	-2.80627e+11	7.89749e+11	3.74585e+11	-6.74979e+11	-3.22899e+11	1.97433e+11	-4.68997e+11	-2.34554e+11	3.26985e+10	-1.51965e+11	-2.08465e+11	1.27733e+10	-7.51831e+10	-2.97197e+11
1.6e-10	6.59787e+11	-1.23869e+11	7.96176e+11	4.2256e+11	-7.00965e+11	-9.68272e+10	1.69748e+11	-3.48449e+11	-3.84754e+11	5.05835e+10	-1.27875e+11	-2.82088e+11	1.7206e+10	1.09078e+11	-2.89588e+10
1.65e-10	7.56274e+11	-3.53532e+11	6.95575e+11	2.74e+11	-4.68181e+11	-1.65963e+11	1.23216e+11	-2.57504e+11	-1.8476e+11	3.5166e+10	-1.73796e+09	-2.19949e+11	2.48121e+10	3.77173e+10	-4.23948e+11
1.7e-10	5.33115e+11	-3.63264e+11	4.58677e+11	2.29234e+11	-5.10717e+11	-1.56172e+11	1.80661e+11	-3.15951e+11	-3.91878e+11	-6.02565e+08	1.84615e+11	-3.06455e+11	-1.00182e+09	1.77706e+11	-1.79622e+11
1.75e-10	6.47414e+11	-3.48771e+11	5.6361e+11	2.79066e+11	-4.10926e+11	-2.65083e+11	2.20601e+11	-4.19161e+11	-3.78278e+11	4.76323e+10	1.63291e+11	-2.46113e+11	4.48831e+10	4.27059e+11	2.14865e+11
1.8e-10	7.1861e+11	-4.27307e+11	6.20173e+11	2.97863e+11	-3.29211e+11	-5.67213e+11	1.65779e+11	-4.2463e+11	-4.16564e+11	1.33244e+10	-3.20771e+10	-1.74614e+11	-1.12077e+10	-4.85909e+10	-6.83312e+10
1.85e-10	6.12982e+11	-4.38829e+11	4.95561e+11	4.28381e+11	-3.97232e+11	-5.21752e+11	9.10028e+10	1.06811e+11	-4.96573e+11	2.95559e+10	2.42314e+11	-1.92357e+11	-3.38688e+10	-1.85792e+11	1.44674e+11
1.9e-10	5.71938e+11	-4.19887e+11	6.15266e+11	3.0983e+11	-4.08506e+11	-3.81205e+11	1.12729e+11	-7.01579e+10	-4.35646e+11	1.09924e+10	-7.64349e+09	-1.49523e+11	9.58272e+09	5.0015e+10	-5.0559e+10
1.95e-10	4.79568e+11	-4.89126e+11	2.35602e+11	1.90897e+11	3.26278e+10	-5.33908e+11	8.55399e+10	-2.71711e+11	-1.77724e+11	1.10917e+10	-2.01875e+10	-2.3474e+11	1.01818e+10	8.45129e+10	-2.13756e+11
2e-10	5.42477e+11	-5.31577e+11	4.74491e+11	1.79891e+11	3.55847e+08	-3.99445e+11	1.09486e+11	-2.6878e+11	-2.07367e+11	4.26235e+10	1.23993e+11	-3.08985e+11	-4.22973e+08	-6.47945e+09	1.55745e+11
2.05e-10	6.07989e+11	-6.98306e+11	3.09508e+11	2.64401e+11	-8.50932e+10	-5.74318e+11	1.43825e+11	-5.67486e+10	-4.31182e+11	4.54198e+10	1.5986e+11	-3.04579e+11	-8.19027e+09	-5.46135e+10	2.10171e+11
2.1e-10	4.35771e+11	-5.63863e+11	7.11185e+10	3.04299e+11	-3.75168e+10	-5.84434e+11	1.56747e+11	1.5166e+11	-4.86737e+11	2.26802e+10	2.11334e+11	-9.95136e+10	6.3157e+09	4.80284e+10	2.40135e+11
2.15e-10	4.15824e+11	-4.89575e+11	1.57325e+11	2.67981e+11	9.01708e+10	-5.68994e+11	2.02412e+11	4.05444e+09	-6.22628e+11	2.77879e+10	1.43061e+11	-2.57069e+11	1.71144e+10	1.33738e+11	8.42462e+10
2.2e-10	6.76077e+11	-7.17344e+11	3.131e+10	2.32062e+11	-7.70624e+10	-4.24375e+11	1.36543e+11	-2.20174e+10	-4.03773e+11	3.7881e+10	1.3133e+11	-2.45801e+11	-6.6989e+09	-1.88972e+10	7.06924e+10
2.25e-10	6.30454e+11	-5.52839e+11	1.10141e+11	2.72949e+11	2.9225e+10	-5.1958e+11	1.08489e+11	2.38732e+11	-3.09859e+11	-3.05056e+09	3.5599e+10	-8.40043e+09	2.4135e+10	2.5815e+11	1.29215e+11
2.3e-10	5.91294e+11	-7.03545e+11	7.13659e+10	1.32845e+11	2.84002e+11	-2.38206e+11	8.56527e+10	-1.15076e+10	-2.79891e+11	1.83683e+10	6.14714e+10	-2.32779e+11	1.0393e+10	3.42914e+11	1.04109e+10
2.35e-10	2.80605e+11	-3.04225e+11	5.21208e+10	3.61258e+11	3.0683e+10	-6.80274e+11	7.96854e+10	8.40878e+10	-2.18751e+11	-2.11064e+10	-1.03343e+11	-9.55672e+10	-8.54128e+09	-1.02134e+11	-7.36459e+10
2.4e-10	5.66611e+11	-6.57688e+11	2.96972e+11	2.31393e+11	1.17219e+11	-3.70854e+11	8.91168e+10	1.54557e+11	-2.35604e+11	9.13748e+09	2.11853e+10	6.70239e+10	-3.05886e+10	-3.31248e+08	-2.63466e+11
2.45e-10	6.52512e+11	-6.30238e+11	-2.05161e+11	2.94494e+11	1.42756e+11	-4.98242e+11	1.54e+11	1.17694e+11	-4.30483e+11	-2.74084e+08	6.06959e+10	-5.55997e+10	-1.42099e+10	-6.20463e+09	-8.85164e+10
2.5e-10	6.70036e+11	-6.9531e+11	-3.35756e+11	3.9977e+11	2.79594e+11	-6.35188e+11	2.83634e+10	3.29688e+09	-1.87468e+11	1.6073e+10	1.58801e+11	1.53871e+10	5.8958e+09	2.98452e+11	6.08084e+10
2.55e-10	7.63715e+11	-7.22807e+11	-1.88929e+11	3.32817e+11	5.87781e+10	-6.76258e+11	6.51777e+10	1.63371e+11	-1.97802e+11	3.38426e+10	3.78847e+11	4.38947e+10	-8.68486e+09	2.35803e+10	-7.64775e+09
2.6e-10	4.95837e+11	-4.18879e+11	-3.52517e+11	2.32829e+11	-9.72182e+10	-5.54583e+11	1.60505e+11	2.69271e+11	-1.82122e+11	8.03447e+10	1.95071e+11	3.73682e+11	4.43161e+09	1.32603e+11	-9.26799e+10
2.65e-10	5.57218e+11	-6.01737e+11	-1.27805e+11	3.48378e+11	2.60636e+11	-5.52841e+11	1.27468e+11	2.97311e+11	-1.73474e+11	4.95757e+10	2.68955e+11	-1.97665e+10	3.38275e+10	1.2802e+11	3.91256e+11
2.7e-10	6.67098e+11	-6.00324e+11	-5.08314e+11	3.10228e+11	2.6588e+11	-5.2082e+11	5.74793e+10	1.28485e+11	-8.31077e+10	4.50714e+10	3.5561e+11	-1.29996e+11	-2.59667e+10	6.60737e+10	-1.7129e+11
2.75e-10	6.16053e+11	-7.1319e+11	-2.3334e+11	3.80456e+11	6.83027e+11	-4.48138e+11	1.16762e+11	3.97176e+11	1.84488e+11	1.25407e+10	1.03598e+11	1.73385e+11	-1.84411e+09	1.74126e+11	1.66924e+11
2.8e-10	5.67895e+11	-4.72157e+11	-3.97622e+11	3.0381e+11	4.69859e+11	-3.06408e+11	1.68515e+11	5.67114e+11	6.33317e+09	-4.90371e+09	1.67439e+11	-7.10258e+10	-6.2474e+09	3.85577e+11	1.39934e+11
2.85e-10	4.72849e+11	-2.62514e+11	-6.34281e+11	3.53633e+11	4.9979e+11	-3.8837e+11	6.68676e+10	2.75542e+11	1.8144e+10	-8.83713e+09	2.69477e+10	2.27345e+10	4.86233e+09	-2.28159e+10	5.09472e+10
2.9e-10	5.8579e+11	-2.2538e+11	-6.62517e+11	2.75254e+11	4.29314e+11	-4.32414e+11	1.09342e+11	2.74009e+11	-7.27772e+10	3.98318e+10	3.14861e+11	-3.04636e+09	-7.74293e+09	7.45248e+10	2.05157e+10
2.95e-10	5.00049e+11	-1.44643e+11	-6.16066e+11	1.74147e+11	2.99256e+11	-1.74814e+11	1.5906e+11	3.95829e+11	-8.86866e+09	1.26509e+10	1.19203e+11	9.16158e+10	1.46326e+10	-6.18752e+10	6.11548e+10
3e-10	4.9761e+11	-1.48588e+11	-5.98233e+11	1.59098e+11	3.94332e+11	1.90073e+11	1.76937e+11	5.45077e+11	-6.73716e+10	4.16295e+10	2.8477e+11	9.04038e+10	-2.00203e+10	-1.96889e+11	-9.33489e+10
3.05e-10	4.55422e+11	-3.51992e+11	-3.65921e+11	2.87463e+11	6.01545e+11	-2.73932e+11	1.13672e+11	3.9151e+11	3.08344e+11	1.39061e+10	3.54862e+11	9.80033e+10	-3.6313e+09	-4.14349e+11	2.74206e+11
3.1e-10	5.20096e+11	9.6956e+10	-6.43067e+11	2.53229e+11	3.013e+11	-4.50187e+11	2.36776e+11	6.67576e+11	2.43777e+11	-3.67069e+09	2.11261e+11	-9.43777e+10	-6.1244e+09	-4.02471e+10	-1.6543e+11
3.15e-10	4.2901e+11	-1.55121e+11	-4.10004e+11	3.55817e+11	8.11033e+11	7.17804e+10	9.83519e+10	4.47359e+11	1.14538e+11	-1.80422e+10	2.43471e+11	1.80492e+11	-1.49818e+09	-1.81932e+10	1.18731e+10
3.2e-10	5.93957e+11	-2.20296e+11	-5.95262e+11	4.12335e+11	7.41217e+11	-4.96668e+11	1.07125e+11	3.21828e+11	6.73711e+10	2.11487e+10	-1.91477e+10	3.82551e+11	-1.42768e+10	-1.67467e+10	-9.1096e+10
3.25e-10	6.36366e+11	-2.14721e+11	-5.17345e+11	4.87428e+11	7.55072e+11	-1.61192e+11	1.16367e+11	4.58997e+11	2.47794e+11	2.4277e+10	-8.36046e+10	2.7911e+11	-1.13344e+10	-2.12909e+11	-4.23074e+11
3.3e-10	5.33267e+11	-1.05588e+11	-5.31e+11	2.59555e+11	5.48243e+11	-4.05062e+10	2.23448e+11	6.59572e+11	1.95606e+11	1.2474e+10	1.55406e+11	3.57636e+10	-8.49678e+09	7.88594e+10	-1.13252e+11
3.35e-10	6.31889e+11	-7.55587e+10	-7.22652e+11	1.77467e+11	3.20679e+11	-7.9755e+10	2.00022e+11	3.92674e+11	4.75996e+11	-1.06572e+10	1.86897e+09	6.65677e+09	-5.73145e+09	-9.55112e+10	-1.65663e+11
3.4e-10	6.11087e+11	-1.46572e+11	-5.60332e+11	2.58291e+11	4.59528e+11	-8.35663e+10	5.53631e+10	9.62049e+10	1.06471e+11	-2.87784e+09	2.57203e+11	-1.6792e+11	1.33125e+09	-1.51689e+11	5.63463e+10
3.45e-10	7.26891e+11	2.24466e+10	-7.91276e+11	1.71886e+11	3.32024e+11	-8.72625e+10	1.16825e+11	3.52601e+11	1.24166e+11	2.96007e+10	2.4633e+10	4.2076e+11	1.72051e+10	-6.78984e+10	3.26435e+10
3.5e-10	2.92129e+11	-2.2046e+11	-3.0611e+11	4.12743e+11	6.583e+11	1.38018e+11	3.53236e+10	1.26019e+11	2.17859e+10	-9.10454e+09	3.16049e+11	1.03375e+11	7.32684e+09	-1.54069e+11	-3.09341e+10
3.55e-10	5.92226e+11	4.70813e+10	-6.18765e+11	3.99623e+11	6.63352e+11	3.72884e+11	7.76107e+10	3.77496e+11	3.61686e+10	-2.19918e+10	4.01004e+11	4.53438e+10	-4.63016e+09	-2.98965e+10	-6.09504e+10
3.6e-10	7.26117e+11	2.8332e+11	-6.48404e+11	2.95265e+11	4.847e+11	2.6608e+11	4.81254e+10	3.37814e+10	1.95121e+11	-1.22586e+09	8.54475e+10	2.89797e+10	9.02452e+08	-1.67602e+11	-3.33344e+11
3.65e-10	5.41653e+11	4.0531e+11	-4.55967e+11	2.19575e+11	5.56612e+11	-4.4715e+10	1.33786e+11	2.24658e+11	2.84699e+11	-2.01374e+10	3.48474e+10	-3.94556e+10	4.71477e+09	-1.57647e+11	2.83303e+11
3.7e-10	8.25561e+11	2.59328e+11	-7.89687e+11	3.57917e+11	5.41746e+11	2.40995e+11	1.07967e+11	6.02533e+10	3.33755e+11	4.35423e+10	-2.52813e+11	2.64497e+11	-1.82493e+10	-2.47536e+11	-2.94941e+11
3.75e-10	3.72929e+11	1.0359e+11	-3.28532e+11	2.74694e+11	4.44246e+11	2.08289e+11	1.45377e+11	2.6382e+11	3.45339e+11	1.86047e+10	-3.01489e+11	1.17185e+11	-5.31076e+09	-2.49573e+11	-2.86792e+11
3.8e-10	6.94708e+11	5.42248e+11	-5.6591e+11	5.1015e+11	6.1119e+11	6.37192e+11	2.34441e+11	2.56953e+11	4.83052e+11	-1.18206e+10	-2.01207e+11	2.28905e+11	7.41507e+09	-2.0663e+11	1.05737e+11
3.85e-10	3.86607e+11	3.58708e+11	-2.50768e+11	2.47546e+11	2.92599e+11	3.82688e+11	1.97323e+11	2.04046e+11	4.29901e+11	2.18097e+10	1.22851e+11	1.74246e+11	4.02448e+09	-1.17978e+11	4.25191e+10
3.9e-10	3.89311e+11	3.77318e+11	-2.21561e+11	3.04153e+11	4.28852e+11	3.78521e+11	1.44729e+11	7.16089e+10	3.53838e+11	-1.29498e+10	5.55838e+09	2.6259e+09	-1.08773e+10	-1.04618e+11	2.34564e+10
3.95e-10	4.82306e+11	2.6179e+11	-6.16159e+11	2.30871e+11	2.38066e+11	5.29636e+11	1.13645e+11	-4.0327e+10	3.76664e+11	3.5311e+10	-2.58835e+11	2.87278e+11	1.72832e+10	-2.70752e+11	-2.29438e+10
4e-10	8.25632e+11	7.25191e+11	-6.17571e+11	3.15915e+11	4.57326e+11	4.13613e+11	1.4856e+11	1.16273e+11	4.62595e+11	2.17627e+10	-1.08767e+11	6.63682e+10	-2.99423e+09	-4.52491e+10	-4.0492e+10
4.05e-10	4.76011e+11	5.52252e+11	-8.7036e+10	3.61695e+11	2.95271e+11	5.67352e+11	1.32502e+11	-6.54337e+10	4.20895e+11	1.5667e+10	-1.46526e+11	1.30249e+11	2.8149e+09	-6.82205e+10	6.26064e+10
4.1e-10	4.55316e+11	5.09312e+11	-3.77168e+11	3.3359e+11	2.42435e+11	5.94545e+11	1.84568e+11	1.07185e+11	5.95966e+11	-1.58306e+10	8.15482e+10	-2.6068e+10	3.05402e+09	9.80374e+09	-5.61814e+10
4.15e-10	4.60514e+11	3.81813e+11	-4.4451e+11	2.9232e+11	4.52845e+11	3.34841e+11	5.4636e+10	-2.78083e+11	1.90939e+11	4.1615e+10	-3.38554e+11	1.58415e+11	4.36871e+10	-1.85291e+11	-2.24532e+11
4.2e-10	6.4158e+11	7.97972e+11	3.37814e+09	2.79544e+11	7.2136e+10	5.40986e+11	9.66915e+10	-9.96128e+10	2.72082e+11	9.019e+09	-2.09855e+11	-2.53707e+10	2.90024e+10	-3.11452e+11	-1.42516e+11
4.25e-10	4.2846e+11	4.67772e+11	-1.61172e+10	2.57026e+11	3.06096e+11	5.13851e+11	1.37026e+11	-8.63047e+10	4.91685e+11	5.41535e+10	-4.29554e+11	7.84647e+10	-1.47675e+10	7.99152e+10	1.07325e+11
4.3e-10	4.33375e+11	5.04647e+11	-2.89665e+11	2.26543e+11	-5.13811e+09	4.01989e+11	8.73969e+10	7.98015e+10	3.52146e+11	3.84224e+09	-4.74391e+10	1.02926e+11	-2.4413e+09	-1.88962e+11	1.96526e+11
4.35e-10	5.40849e+11	5.7934e+11	7.12727e+09	2.72515e+11	-1.25021e+11	5.11962e+11	3.73014e+10	-2.51861e+11	1.38804e+11	3.14021e+10	-2.44635e+11	1.11623e+11	8.69385e+08	-3.67472e+10	-9.0139e+10
4.4e-10	7.22567e+11	9.00616e+11	-1.79664e+11	1.2848e+11	-7.15847e+10	2.83321e+11	1.15889e+11	-2.78857e+09	2.9303e+11	-7.59659e+08	-4.31277e+10	-4.31655e+10	1.57381e+10	-1.69365e+11	-2.72633e+11
4.45e-10	5.76235e+11	6.18276e+11	1.64005e+11	2.36185e+11	-9.68983e+10	5.46919e+11	1.25081e+11	-4.27137e+11	1.05141e+11	-1.01625e+10	3.03266e+10	-6.85307e+10	-2.73522e+10	-8.88195e+10	2.90853e+11
4.5e-10	4.87939e+11	5.83398e+11	2.03451e+11	2.13535e+11	1.16118e+11	4.15961e+11	1.47842e+11	-3.24428e+11	3.94379e+11	3.23111e+10	-3.7102e+11	-9.57818e+10	1.19191e+10	-3.55582e+11	-5.99474e+10
4.55e-10	5.28241e+11	4.85446e+11	2.31418e+11	2.79723e+11	-2.51107e+11	4.19815e+11	1.22267e+11	-3.47007e+11	1.52825e+11	1.48675e+10	-2.19718e+11	1.01857e+11	1.90162e+10	1.80455e+10	-9.88372e+10
4.6e-10	5.68675e+11	5.46328e+11	3.87941e+11	3.26399e+11	-2.20853e+11	5.95764e+11	8.72488e+10	-1.90169e+11	3.02366e+11	2.52479e+10	-1.90293e+11	8.93185e+09	1.78822e+10	1.02731e+10	-2.76618e+11
4.65e-10	5.57e+11	4.83898e+11	2.91544e+11	3.00997e+11	-4.93969e+11	3.93172e+11	2.26465e+11	-5.04846e+11	3.50492e+11	1.48412e+09	-1.46883e+11	2.35366e+11	3.1288e+10	-2.27401e+11	-8.794e+10
4.7e-10	7.16505e+11	2.6235e+11	6.27635e+11	1.66402e+11	-4.00643e+11	1.1093e+11	9.70098e+10	-1.51848e+11	2.75067e+11	1.57134e+10	-2.20962e+11	-1.87721e+11	4.1002e+09	7.35331e+10	-1.30506e+11
4.75e-10	3.78888e+11	2.1059e+11	3.69773e+11	3.22736e+11	-4.83613e+11	3.38027e+11	1.34347e+11	-3.19629e+11	2.64482e+11	2.55255e+10	-1.88091e+11	-1.37052e+11	-2.44328e+09	-4.73625e+10	-9.26144e+10
4.8e-10	5.86519e+11	2.35519e+11	6.54868e+11	2.69697e+11	-4.23897e+11	1.79431e+11	1.08293e+11	-3.68717e+11	8.95983e+10	1.10901e+09	8.13267e+10	-1.18356e+11	-2.58087e+10	1.04907e+11	-3.20327e+11
4.85e-10	6.75311e+11	7.83855e+10	6.56416e+11	3.17986e+11	-4.65417e+11	1.9678e+11	5.46393e+10	-1.61151e+11	1.37727e+11	2.89232e+10	-1.29597e+11	-9.93553e+10	-1.11132e+09	-2.76045e+10	-6.8446e+10
4.9e-10	6.16295e+11	3.76867e+10	8.10922e+11	2.98211e+11	-4.87697e+11	2.39898e+11	1.73468e+11	-5.25846e+11	1.40113e+11	5.33505e+10	-2.3203e+11	-2.48729e+11	-7.33711e+09	1.64966e+11	1.57449e+10
4.95e-10	4.62828e+11	8.83185e+10	4.91983e+11	3.12732e+11	-6.23484e+11	-3.20046e+10	1.38968e+11	-4.75506e+11	-1.5505e+11	6.54271e+09	-9.02516e+10	2.94004e+10	-1.52993e+10	1.64598e+11	-2.50566e+11
5e-10	5.7871e+11	-2.83044e+11	6.35922e+11	2.70398e+11	-5.12235e+11	-3.63846e+10	1.04912e+11	-4.10366e+11	-1.68109e+11	1.80118e+10	3.48228e+09	-2.61195e+11	6.87714e+09	3.56451e+09	-2.2907e+11
5.05e-10	6.94607e+11	-2.41691e+11	5.76233e+11	2.39064e+11	-4.29919e+11	-3.48762e+11	1.09875e+11	-3.82575e+11	-8.2567e+10	3.82171e+10	-1.83184e+11	-3.22844e+11	2.67186e+10	2.2757e+11	-8.66757e+10
5.1e-10	7.04304e+11	-2.54064e+11	6.05913e+11	3.22955e+11	-5.08682e+11	-3.48769e+11	1.24123e+11	-2.64088e+11	-4.26604e+11	1.59838e+10	-1.60238e+11	-1.98015e+11	-1.48407e+10	4.18442e+10	1.45366e+11
5.15e-10	7.25209e+11	-5.56003e+11	4.81778e+11	3.12926e+11	-3.29619e+11	-4.54738e+11	1.56468e+11	-3.88401e+11	-4.028e+11	-2.99162e+10	-1.46573e+11	2.32071e+11	2.69074e+10	2.27152e+11	-2.89841e+11
5.2e-10	5.89361e+11	-5.31795e+11	4.60606e+11	2.15856e+11	-5.26301e+11	3.3912e+10	1.3001e+11	-3.70942e+11	-9.3753e+10	6.82533e+08	-6.46279e+09	-3.08431e+11	1.6215e+10	1.34848e+11	-3.06103e+11
5.25e-10	7.12096e+11	-2.82917e+11	6.56033e+11	2.57688e+11	-5.0809e+11	-1.51556e+11	1.11063e+11	-2.23588e+11	-2.21967e+11	-1.01561e+10	-2.43902e+11	-1.4699e+10	2.25796e+10	8.76855e+10	-1.13022e+11
5.3e-10	7.4799e+11	-7.46456e+11	5.6733e+11	3.63376e+11	-4.80282e+11	-5.39119e+11	2.10722e+11	-1.7842e+11	-6.3661e+11	3.63427e+10	-2.11521e+10	-3.92445e+11	3.12513e+09	2.43557e+10	-1.04887e+11
5.35e-10	6.62284e+11	-2.0811e+11	5.81176e+11	2.88363e+11	-2.90221e+11	-5.03869e+11	2.27497e+11	-6.75124e+10	-7.95858e+11	1.22655e+10	1.21313e+10	-1.81412e+11	-2.37468e+10	-5.31049e+10	2.53922e+10
5.4e-10	5.8211e+11	-4.41261e+11	4.6745e+11	3.67843e+11	-4.49745e+11	-7.5115e+11	1.7378e+11	2.90529e+10	-6.45663e+11	8.30503e+08	-1.12294e+10	-8.76945e+10	9.04853e+08	-1.34381e+11	-1.81001e+11
5.45e-10	5.08128e+11	-3.73812e+11	4.09423e+11	3.37576e+11	-3.91818e+11	-4.94027e+11	8.92747e+10	-1.78735e+11	-3.04263e+11	1.83179e+10	8.45644e+10	-2.03666e+11	7.21801e+09	7.84115e+10	1.51845e+11
5.5e-10	5.24336e+11	-3.60203e+11	3.77687e+11	3.46058e+11	-3.78257e+11	-4.77626e+11	1.57388e+11	-2.47222e+11	-4.32794e+11	3.15169e+10	1.89447e+11	-9.85383e+10	2.95307e+10	3.442e+11	-7.09925e+09
5.55e-10	6.19462e+11	-5.06982e+11	3.40058e+11	2.99406e+11	-3.08635e+11	-4.26126e+11	1.21786e+11	6.99233e+09	-3.47551e+11	2.58865e+10	3.91485e+11	3.53769e+10	8.86769e+09	2.32985e+11	7.93677e+10
5.6e-10	5.23986e+11	-5.01367e+11	2.59285e+11	3.28408e+11	-2.39915e+11	-4.70765e+11	1.23659e+11	-1.37003e+11	-3.25076e+11	-1.67239e+10	-1.55654e+11	-3.27714e+11	1.14419e+10	1.96882e+11	1.94195e+10
5.65e-10	5.30598e+11	-5.91404e+11	1.16269e+11	3.55542e+11	-4.23796e+11	-5.23441e+11	1.32958e+11	5.0167e+10	-5.28495e+11	6.06615e+10	3.59044e+11	-1.73692e+11	2.74077e+10	1.74772e+11	-3.32947e+10
5.7e-10	5.4444e+11	-6.45447e+11	1.40238e+11	4.35863e+11	-3.9536e+11	-6.34193e+11	7.34387e+10	1.39287e+11	-2.24077e+11	-7.34305e+09	-2.1848e+10	-8.26267e+10	3.29861e+09	2.14504e+11	2.1297e+11
5.75e-10	6.50102e+11	-6.90066e+11	1.13758e+11	2.81173e+11	-1.90565e+11	-4.75988e+11	9.16509e+10	8.32675e+10	-2.19938e+11	2.55129e+10	2.65133e+11	7.15163e+10	-1.82881e+10	-1.65625e+11	5.63828e+10
5.8e-10	6.446e+11	-6.60839e+11	3.11349e+10	2.49602e+11	7.03587e+10	-5.09523e+11	-1.83985e+10	-1.64802e+11	-3.39392e+10	1.43334e+10	1.94175e+11	-2.05703e+11	1.42231e+09	-9.21559e+10	1.42252e+11
5.85e-10	7.87894e+11	-7.34458e+11	4.748e+11	2.67141e+11	2.79506e+10	-4.6202e+11	1.46152e+11	1.27389e+11	-6.04671e+11	-4.19624e+09	8.42945e+10	1.69996e+11	9.20777e+09	1.37436e+11	1.66926e+11
5.9e-10	5.15985e+11	-6.27584e+11	3.07313e+11	3.02228e+11	-1.70009e+10	-4.85587e+11	1.82272e+11	-4.29753e+09	-6.13732e+11	3.70278e+10	2.05591e+11	-2.94166e+11	2.28516e+10	3.00881e+11	6.70559e+10
5.95e-10	6.16644e+11	-7.27312e+11	-1.71824e+11	2.73243e+11	2.37694e+11	-4.12246e+11	1.96606e+11	1.48847e+11	-4.81126e+11	4.23474e+10	3.3987e+11	1.19364e+11	6.60624e+09	3.38152e+10	1.70029e+11
6e-10	6.89622e+11	-7.45717e+11	-1.42226e+11	3.87546e+11	1.17482e+11	-6.60373e+11	1.35446e+11	3.22884e+11	-2.48841e+11	-1.21716e+10	-7.16988e+10	1.17528e+10	1.65785e+09	1.81633e+11	-1.26118e+11
6.05e-10	7.64258e+11	-7.86246e+11	-1.38103e+11	4.03436e+11	3.63778e+11	-6.02412e+11	1.87206e+11	4.19384e+11	-4.24358e+11	-7.57811e+09	-2.2368e+10	-4.54034e+10	-1.01461e+09	-1.11354e+11	-1.01497e+09
6.1e-10	7.30497e+11	-7.42311e+11	-8.91886e+10	1.99394e+11	-1.43058e+11	-4.37133e+11	1.07066e+11	1.41633e+11	-2.1621e+11	3.33029e+10	3.68387e+11	-6.03657e+10	-9.16615e+09	-3.4313e+10	7.5651e+10
6.15e-10	7.22398e+11	-8.38721e+11	1.73426e+11	2.64548e+11	2.25525e+11	-4.6876e+11	1.3445e+11	2.75682e+11	-2.17173e+11	9.69457e+09	-5.7813e+10	1.85544e+11	-2.78593e+09	2.02438e+11	2.76722e+11
6.2e-10	7.12397e+11	-6.4902e+11	-3.11973e+11	3.37941e+11	-8.24532e+10	-6.61862e+11	7.97666e+10	3.06572e+11	4.9297e+09	5.20028e+09	5.84866e+10	-1.08273e+11	-4.72486e+09	1.04581e+09	2.01012e+11
6.25e-10	7.03025e+11	-6.13342e+11	-1.97209e+11	1.72718e+11	-8.66734e+10	-4.08614e+11	9.98407e+10	3.18758e+11	-9.77125e+10	3.35613e+10	3.16174e+11	2.42748e+11	4.07501e+10	8.93758e+10	2.48721e+11
6.3e-10	6.6018e+11	-4.49136e+11	-4.2282e+11	4.63681e+11	2.1803e+11	-8.0055e+11	1.76263e+11	6.49291e+11	-8.47619e+10	-9.29421e+09	-3.10188e+10	2.32042e+10	3.41368e+09	-2.83295e+11	1.92598e+11
6.35e-10	7.58742e+11	-6.11841e+11	-3.89178e+11	2.07465e+11	3.10357e+11	-2.86465e+11	1.54989e+11	5.24151e+11	-2.75694e+11	3.39855e+10	2.60476e+11	8.32705e+10	-1.48433e+10	6.42607e+10	-1.41377e+11
6.4e-10	6.91654e+11	-2.59567e+11	-6.54773e+11	2.24702e+11	3.70711e+11	-1.43191e+11	1.64882e+11	3.85411e+11	-1.6648e+11	6.76887e+10	3.20541e+11	9.51049e+10	-1.14484e+10	5.85237e+09	-6.06204e+10
6.45e-10	8.1105e+11	-3.43177e+11	-7.15393e+11	5.98005e+11	5.75888e+11	-6.52614e+11	1.22724e+11	2.584e+11	-2.63045e+11	4.00984e+10	3.38286e+11	1.63898e+11	3.41835e+10	2.72293e+10	3.71799e+11
6.5e-10	5.98102e+11	-3.49132e+11	-6.26538e+11	3.50467e+11	4.01309e+11	-3.97362e+11	1.0232e+11	2.5593e+11	-2.5825e+11	1.89338e+10	8.0547e+10	1.07276e+11	-1.85662e+10	1.2802e+11	-6.22095e+10
6.55e-10	4.73651e+11	-2.04784e+11	-4.46327e+11	3.47606e+11	4.5808e+11	-2.66161e+11	1.47245e+11	3.81154e+11	-3.68599e+11	-2.21768e+08	1.5698e+11	-5.10754e+10	6.72445e+09	9.82609e+10	1.81348e+11
6.6e-10	3.97289e+11	-1.02375e+11	-4.66942e+11	3.03503e+11	4.46314e+11	-1.46327e+11	2.33851e+11	5.14515e+11	1.19215e+11	3.64832e+09	1.44699e+11	1.92312e+11	3.35746e+09	-4.64502e+11	1.68558e+11
6.65e-10	6.56305e+11	-2.92206e+11	-7.76804e+11	3.6551e+11	6.39843e+11	-2.17595e+11	9.78019e+10	2.48527e+11	-1.67509e+09	-1.12145e+10	-1.40312e+10	5.65687e+10	-1.88057e+10	-8.77786e+10	-1.63609e+11
6.7e-10	6.3275e+11	5.84831e+10	-6.24389e+11	3.09234e+11	6.06594e+11	-2.15359e+11	4.90743e+10	1.29109e+11	6.45205e+10	4.32423e+09	7.4563e+10	2.79313e+10	-3.21572e+09	-4.79416e+10	-4.41473e+10
6.75e-10	6.63425e+11	2.05057e+11	-7.91849e+11	2.27105e+11	3.95326e+11	1.1154e+11	1.20435e+11	3.18337e+11	2.66834e+11	2.49835e+10	1.82841e+11	1.17226e+11	-2.68274e+10	-6.2978e+10	-2.86377e+09
6.8e-10	6.81714e+11	2.7817e+11	-6.21663e+11	3.10868e+11	5.18403e+11	2.05219e+11	1.17029e+11	2.53735e+11	4.3604e+11	1.56962e+10	1.34096e+11	6.90982e+10	-2.80036e+09	-5.1693e+10	1.03458e+11
6.85e-10	5.52051e+11	1.37794e+11	-5.05591e+11	2.37194e+11	3.25304e+11	2.93242e+11	1.29598e+11	3.60031e+11	2.81571e+11	4.43672e+10	2.02923e+11	4.00174e+11	-5.28869e+09	6.05851e+10	6.42346e+10
6.9e-10	6.40981e+11	3.75452e+11	-6.15283e+11	3.64059e+11	5.72486e+11	2.73236e+11	3.84596e+10	4.13165e+10	2.70094e+11	2.59214e+10	5.90066e+10	2.19926e+11	-1.52777e+10	2.43232e+11	-9.08431e+10
6.95e-10	4.88732e+11	3.18504e+11	-4.36801e+11	3.09687e+11	5.13787e+11	3.08139e+11	8.25287e+10	1.81199e+11	1.41848e+11	4.78505e+10	1.12589e+11	4.10372e+11	-1.00798e+10	2.9162e+11	7.28928e+10
7e-10	4.81914e+11	2.70816e+11	-4.56801e+11	3.22722e+11	5.04992e+11	2.95726e+11	1.60907e+11	1.06343e+11	5.35059e+11	1.31831e+10	2.58651e+10	2.06631e+11	-1.84261e+10	8.13441e+10	-3.6169e+10
7.05e-10	4.78836e+11	3.89804e+11	-3.99633e+11	2.80904e+11	5.16652e+11	2.91793e+11	1.33987e+11	1.41834e+11	4.82306e+11	1.89603e+09	-1.71455e+11	3.06751e+10	2.28229e+09	-6.57148e+10	2.44461e+11
7.1e-10	4.88619e+11	3.77143e+11	-4.44867e+11	2.26488e+11	3.44001e+11	2.65675e+11	9.18677e+10	1.27214e+11	2.17299e+11	-1.1405e+10	-3.39185e+11	1.22349e+11	-2.02418e+10	2.05305e+10	-1.82057e+10
7.15e-10	2.93875e+11	3.447e+11	-1.38471e+11	4.82676e+11	5.30467e+11	4.80581e+11	1.91322e+11	2.06166e+11	5.58729e+11	1.39239e+10	-1.06719e+11	1.23746e+11	3.2562e+10	-3.01942e+11	-4.82629e+10
7.2e-10	5.97062e+11	6.24114e+11	-3.1906e+11	2.72448e+11	2.98914e+11	3.86552e+11	1.90255e+11	-3.817e+09	6.02002e+11	9.62581e+09	-1.54787e+11	7.48946e+10	5.89484e+09	-8.26427e+10	2.25204e+09
7.25e-10	6.02834e+11	7.08492e+11	-2.92753e+11	2.89171e+11	2.642e+11	4.36328e+11	4.19785e+10	4.91445e+09	1.37119e+11	4.78391e+10	-3.52106e+11	2.32541e+11	-4.79313e+09	-2.82592e+11	-2.39249e+11
7.3e-10	5.05526e+11	5.96298e+11	-2.97047e+10	2.89047e+11	2.67563e+11	5.51782e+11	2.20288e+11	1.07793e+10	5.65915e+11	2.4707e+10	-5.02146e+10	2.23371e+11	-8.60557e+09	-1.73949e+11	-9.55047e+10
7.35e-10	4.87345e+11	5.32004e+11	-1.716e+10	2.08754e+11	-3.86795e+10	4.0975e+11	1.13842e+11	2.02004e+11	3.05877e+11	2.60642e+10	-2.08106e+11	1.74748e+11	-6.43021e+09	-1.95574e+11	1.64562e+11
7.4e-10	7.89375e+11	7.76001e+11	-1.71711e+11	2.63412e+11	1.81685e+11	4.752e+11	1.93718e+11	-2.17047e+11	6.22076e+11	4.31173e+10	-2.4405e+11	-8.94733e+10	5.38831e+09	-1.03402e+11	-4.03734e+09
7.45e-10	5.89769e+11	5.82356e+11	1.47449e+10	4.03768e+11	-4.11152e+10	7.16338e+11	-2.82398e+10	-1.54061e+10	-8.58577e+10	8.7154e+09	-1.5968e+11	-9.79338e+09	5.97551e+09	-1.36982e+11	-1.25678e+11
7.5e-10	5.51129e+11	6.24401e+11	-1.55645e+11	3.17979e+11	-1.26573e+11	5.78824e+11	6.78111e+10	2.6084e+11	2.96874e+11	8.59768e+10	-5.2504e+11	-9.14959e+09	1.4041e+10	-2.4507e+11	2.18051e+11
7.55e-10	5.55619e+11	5.12702e+11	2.16077e+11	3.68745e+11	-2.70908e+11	7.65189e+11	7.83982e+10	-1.3179e+11	2.56706e+11	2.7325e+10	-1.70545e+11	6.90755e+10	-1.49016e+10	-7.6288e+10	-1.11628e+11
7.6e-10	7.86505e+11	8.18447e+11	5.43268e+09	2.20598e+11	4.98936e+10	6.44862e+11	1.12319e+11	-2.19547e+11	3.41524e+11	8.73449e+09	-1.00115e+11	5.20699e+10	-1.45708e+10	-1.52113e+11	8.71949e+10
7.65e-10	4.9441e+11	4.912e+11	1.08212e+10	3.66817e+11	-1.94104e+11	4.99254e+11	1.23598e+11	-4.08977e+11	2.56549e+11	5.06198e+09	-4.04556e+10	-1.43695e+11	-6.44108e+08	-1.83913e+10	-6.16378e+10
7.7e-10	6.80402e+11	6.68408e+11	2.12466e+11	1.32834e+11	-4.6487e+10	2.86993e+11	9.01925e+10	-1.31742e+11	2.94017e+11	1.03284e+09	-2.03886e+10	1.28506e+11	1.76502e+10	-3.45505e+11	-5.7735e+09
7.75e-10	5.61027e+11	5.18541e+11	2.37219e+11	3.85172e+11	-4.23546e+11	4.86765e+11	1.54988e+11	-4.43843e+11	1.79128e+11	5.39775e+09	-1.02735e+11	2.30645e+11	-1.42145e+10	1.77778e+11	6.21866e+10
7.8e-10	5.849e+11	4.40266e+11	4.0755e+11	2.50226e+11	-2.47078e+11	3.22856e+11	2.18991e+11	-5.012e+11	5.93459e+11	1.59181e+10	-1.53402e+11	-1.17039e+11	9.34338e+09	-2.7e+11	2.47544e+10
7.85e-10	5.29747e+11	2.69258e+11	5.41966e+11	4.0962e+11	-2.64678e+11	6.95288e+11	1.41328e+11	-3.53877e+11	4.059e+11	7.66274e+09	-2.81902e+11	-2.21877e+11	5.66516e+09	-5.82088e+10	-1.18441e+11
7.9e-10	6.73187e+11	4.60467e+11	5.65733e+11	3.96343e+11	-3.59668e+11	5.82507e+11	1.23322e+11	-3.42789e+11	4.72334e+10	4.06736e+10	-1.45709e+11	-3.91466e+11	-1.01819e+10	-1.38732e+11	-2.27406e+11
7.95e-10	6.68089e+11	5.66016e+11	4.94034e+11	3.72425e+11	-4.42615e+11	4.11187e+11	1.14604e+11	-3.07129e+11	8.2715e+10	2.55678e+10	-5.20273e+11	1.48856e+11	-1.91828e+10	1.19819e+11	-5.3525e+10
8e-10	5.42788e+11	3.01065e+11	5.91977e+11	4.03187e+11	-4.79726e+11	4.10004e+11	2.44927e+11	-7.13474e+11	1.96477e+11	1.69665e+10	-1.96485e+11	-2.96506e+10	-7.77102e+09	-1.52391e+11	-6.3885e+10
8.05e-10	4.76309e+11	2.62385e+11	4.79637e+11	1.25848e+11	-2.23238e+11	1.62271e+11	5.63567e+10	-1.4013e+11	1.68957e+11	-2.56494e+09	-3.51523e+10	6.14308e+09	2.09988e+10	1.68168e+10	-2.25309e+11
8.1e-10	3.98186e+11	1.52874e+11	5.11452e+11	2.87722e+11	-5.13396e+11	2.69109e+11	1.27403e+11	-3.78293e+11	4.7016e+10	4.599e+10	-2.49935e+11	-1.59524e+11	1.42058e+10	-1.92127e+11	-9.32883e+10
8.15e-10	6.16094e+11	2.50228e+11	6.83669e+11	2.22961e+11	-4.61857e+11	8.69308e+10	1.05682e+11	-2.39842e+11	-3.22988e+11	2.64365e+10	-1.32231e+11	-2.38083e+11	9.79484e+09	1.45684e+11	-9.22372e+10
8.2e-10	4.33467e+11	5.04974e+10	5.85259e+11	2.17157e+11	-4.637e+11	1.92118e+11	5.18447e+10	-1.97289e+11	6.11414e+10	5.29918e+10	-1.95319e+11	-1.96597e+11	8.12555e+09	1.85099e+10	-1.4633e+11
8.25e-10	3.60366e+11	1.39066e+11	4.86797e+11	2.49809e+11	-3.83315e+11	3.63471e+11	1.66284e+11	-5.18602e+11	1.38457e+11	9.4376e+10	-1.79479e+10	-5.26353e+11	2.67401e+09	6.38853e+10	4.95496e+10
8.3e-10	4.68915e+11	1.58394e+11	5.97908e+11	2.78266e+11	-5.07396e+11	1.67512e+11	1.11292e+11	-2.45437e+11	-3.70008e+11	-3.08102e+10	-2.779e+11	-1.03738e+11	-8.49113e+09	-1.52936e+11	2.92376e+11
8.35e-10	5.92953e+11	1.09131e+11	8.49006e+11	2.09892e+11	-5.47281e+11	-1.36253e+11	8.89542e+10	-3.46199e+11	9.40286e+10	1.12165e+10	-2.1275e+11	-6.83822e+10	1.69292e+10	2.52495e+11	1.27391e+11
8.4e-10	2.46439e+11	1.84061e+10	3.65161e+11	2.13238e+11	-4.44768e+11	2.3486e+11	1.3272e+11	-4.19318e+11	-1.2664e+11	1.85066e+10	-5.59841e+10	-2.70949e+11	2.05709e+10	-6.09485e+10	-3.46074e+11
8.45e-10	4.08689e+11	2.3575e+10	5.86315e+11	1.62221e+11	-3.74401e+11	-5.87715e+10	8.93515e+10	-3.1165e+11	-3.00891e+11	5.88213e+10	-1.14071e+11	-3.70931e+11	-1.53444e+10	2.20514e+10	-8.5334e+10
8.5e-10	4.97946e+11	2.02654e+10	5.36278e+11	2.01782e+11	-4.0901e+11	-6.74597e+10	1.41491e+11	-3.46035e+11	-3.17718e+11	-2.01493e+10	-2.31333e+10	7.84284e+10	3.43492e+10	-1.4678e+11	-4.10268e+11
8.55e-10	5.38189e+11	-1.90625e+11	6.36896e+11	3.12859e+11	-5.76897e+11	-1.91467e+10	8.82324e+10	-3.63196e+11	-7.43762e+10	1.69486e+10	-2.00353e+11	-2.06532e+11	3.52255e+10	1.79278e+11	-2.39617e+11
8.6e-10	5.27618e+11	-3.16018e+11	5.80197e+11	3.46365e+11	-5.85342e+11	-1.81177e+11	4.4554e+10	-1.37879e+11	-1.26348e+11	6.13372e+10	3.63972e+11	-2.68591e+11	2.60865e+09	1.69964e+11	-1.71722e+11
8.65e-10	6.7272e+11	-2.39845e+11	6.08884e+11	2.44916e+11	-3.55532e+11	-3.32669e+11	1.20693e+11	-3.60705e+11	-2.41303e+11	-8.47741e+07	3.66154e+11	1.56673e+10	2.01302e+10	1.08307e+11	-3.6049e+11
8.7e-10	5.27426e+11	-3.51657e+11	3.82105e+11	1.42064e+11	-2.62321e+11	-1.54082e+11	1.43669e+11	-1.41683e+11	-5.09166e+11	6.67007e+10	1.65256e+11	-3.70769e+11	5.21042e+09	1.47011e+11	-1.08022e+11
8.75e-10	3.57159e+11	-1.00624e+11	4.35397e+11	3.08636e+11	-3.16675e+11	-5.19799e+11	1.87621e+11	-3.99182e+11	-6.28433e+11	5.66891e+10	2.34867e+11	-2.70468e+11	-5.32632e+09	1.5548e+11	1.83244e+11
8.8e-10	6.00792e+11	-4.55401e+11	4.1817e+11	2.43944e+11	-3.54238e+11	-2.75803e+11	7.39658e+10	3.80456e+10	-3.78181e+11	4.77175e+10	1.22829e+11	-2.4823e+11	-1.60554e+10	1.67118e+11	-1.85554e+11
8.85e-10	6.08149e+11	-4.62927e+11	5.03004e+11	2.94054e+11	-4.30487e+11	-2.89819e+11	1.89498e+11	1.41897e+10	-5.67771e+11	1.24211e+09	1.49945e+11	-8.55641e+09	1.82658e+10	2.01341e+11	-4.80959e+10
8.9e-10	5.98597e+11	-6.85269e+11	2.0561e+11	3.76126e+11	-2.00092e+11	-7.04828e+11	1.47827e+11	-8.38612e+10	-3.95268e+11	2.11353e+10	9.27111e+10	-4.33218e+11	5.60943e+09	9.51804e+10	-3.65731e+10
8.95e-10	5.73392e+11	-3.72495e+11	4.85362e+11	2.56483e+11	-2.07649e+11	-4.96732e+11	1.52756e+11	-2.04407e+11	-3.74673e+11	2.97421e+10	2.29279e+11	-1.36962e+11	1.58787e+10	2.82136e+11	1.90457e+10
