Tue Oct 15 18:09:09 2024

<base> : Rectangle : 0m, 0m, 0m; 1um, 50nm, 5nm. Cells : 200, 10, 1. Cellsize : 5nm, 5nm, 5nm
<supermesh> : Rectangle : 0m, 0m, 0m; 1um, 50nm, 5nm. Cells : 200, 10, 1. Cellsize : 5nm, 5nm, 5nm

Saved data (dataname (unit) <meshname> (cells_rectangle)) : 

time (s)	<mxdmdt> (1/s) <base> (200nm, 0m, 0m; 210nm, 50nm, 5nm)			<mxdmdt> (1/s) <base> (400nm, 0m, 0m; 410nm, 50nm, 5nm)			<mxdmdt> (1/s) <base> (600nm, 0m, 0m; 610nm, 50nm, 5nm)			<mxdmdt> (1/s) <base> (800nm, 0m, 0m; 810nm, 50nm, 5nm)			

0	145402	773245	-98602.4	-157629	-1.16784e+06	-150256	-3898.34	-190198	-113606	52378.3	139844	1.07705e+06
5e-12	2.66243e+10	-4.29538e+10	2.69014e+11	-3.38982e+10	2.91298e+10	-1.96442e+11	9.3464e+09	-1.77578e+10	-3.63188e+11	-1.62596e+09	-3.99329e+10	1.01467e+10
1e-11	1.50778e+10	1.27641e+11	2.12942e+10	3.90585e+09	-5.499e+10	8.33352e+10	1.10156e+10	3.97885e+11	-5.08818e+10	5.69354e+09	1.71216e+09	-3.86611e+10
1.5e-11	-1.24693e+10	-1.34126e+11	1.32346e+11	5.41731e+09	-3.61787e+10	-1.18195e+11	6.14128e+09	1.98575e+11	-1.6631e+11	-1.23493e+10	-7.52176e+10	1.42162e+11
2e-11	1.18342e+10	-2.08436e+10	-2.07102e+11	-1.17691e+10	-1.51376e+11	1.4194e+11	-1.29888e+10	-5.45404e+10	-1.67764e+11	-9.36114e+08	8.91481e+10	1.1042e+11
2.5e-11	1.33954e+09	1.81993e+11	5.06937e+10	-1.01694e+10	2.90144e+10	6.81669e+10	1.53343e+09	-3.50055e+10	1.10429e+11	-6.46463e+09	-4.11604e+10	1.0428e+11
3e-11	2.1689e+10	-1.94265e+11	-2.36571e+11	2.94135e+09	-1.58818e+11	2.72795e+11	3.64195e+10	6.97883e+10	2.62146e+11	4.23478e+09	4.20939e+10	-1.98262e+11
3.5e-11	1.85003e+10	1.20169e+11	-1.10687e+11	2.34244e+10	1.61524e+11	4.10967e+11	-1.83909e+10	1.38708e+11	4.92512e+09	-9.36714e+09	4.86273e+10	-1.04871e+11
4e-11	1.16822e+10	4.83601e+10	-2.9701e+11	-8.34108e+09	3.8538e+11	-4.99546e+09	1.64517e+10	5.10473e+09	1.47925e+11	1.30925e+09	-1.63368e+11	-1.69059e+11
4.5e-11	1.13099e+09	-9.58656e+10	7.8724e+10	-1.14218e+10	2.1804e+11	9.13584e+10	-2.7624e+10	2.19253e+11	-2.80662e+11	-2.44164e+10	4.92534e+10	2.22108e+11
5e-11	-2.92634e+09	-1.44982e+11	1.05356e+11	-1.45929e+10	1.85541e+10	-4.01266e+10	-1.03634e+10	1.65219e+11	-1.21385e+11	1.13272e+10	1.38159e+11	-1.05396e+11
5.5e-11	1.98584e+10	-6.92494e+10	-2.88721e+11	-2.03404e+10	1.38028e+11	-1.03421e+11	-1.38219e+10	7.0698e+10	1.75307e+11	-2.02957e+10	-2.28208e+11	6.55019e+10
6e-11	-2.80309e+08	4.99536e+09	-8.95603e+10	1.7821e+10	2.07434e+11	7.91716e+10	-9.34959e+09	-3.20393e+10	-1.94051e+10	-4.59236e+09	-2.79068e+11	4.54508e+10
6.5e-11	-9.71741e+09	1.44822e+11	-9.88428e+10	-2.7107e+10	-3.91613e+10	-7.76321e+10	-4.35553e+09	1.38385e+11	1.05393e+11	-1.10479e+10	-4.76648e+10	-1.38036e+11
7e-11	5.41091e+09	-2.62824e+11	-4.78769e+10	3.28227e+10	2.37461e+11	2.16265e+11	-3.78472e+09	6.53391e+10	6.17323e+09	-1.18721e+09	-9.17807e+09	1.70545e+10
7.5e-11	-2.42859e+09	-8.58674e+10	2.18913e+11	-1.36288e+10	-1.02379e+11	9.0032e+10	1.17329e+10	-1.92253e+11	1.75205e+11	-1.56763e+09	-8.4291e+10	4.01652e+10
8e-11	4.92186e+10	-2.47831e+11	-1.72926e+11	2.7168e+09	1.90972e+11	1.0706e+11	4.22843e+09	-7.8342e+09	-1.36497e+11	-1.42458e+10	-2.20204e+11	-7.28779e+10
8.5e-11	1.14103e+11	-3.60195e+11	-1.44738e+11	-1.00638e+10	5.18704e+09	-6.68895e+10	-7.11767e+09	-1.36132e+11	-1.45604e+11	-6.03493e+09	-1.47635e+11	5.50132e+10
9e-11	4.62742e+10	-1.70223e+11	-1.01003e+11	4.74745e+10	1.37373e+11	5.1896e+11	-1.80242e+10	-2.96138e+10	1.05659e+11	1.52983e+09	-6.59799e+09	-1.41777e+10
9.5e-11	8.55331e+10	-4.02867e+11	1.84529e+10	3.14128e+10	-1.53854e+11	2.65871e+11	6.54814e+08	1.26005e+11	-7.10098e+10	-9.87363e+09	1.25777e+11	7.47477e+10
1e-10	1.20778e+11	-2.24099e+11	-3.19618e+11	5.73995e+10	-1.9812e+11	3.09821e+11	2.53291e+10	2.4572e+11	-1.55938e+11	3.01704e+10	-3.04383e+11	-5.43004e+10
1.05e-10	6.70574e+10	-1.44214e+11	-2.30598e+11	3.08809e+10	-9.47977e+10	1.283e+11	2.79631e+10	2.62215e+11	1.76846e+11	5.79707e+10	-3.52668e+11	1.25868e+11
1.1e-10	-8.46828e+09	2.9844e+10	-9.9274e+10	8.77156e+10	5.64454e+10	4.16054e+11	8.42569e+10	3.67853e+11	-5.54938e+10	1.29279e+10	-7.77808e+10	-1.8858e+10
1.15e-10	4.15499e+10	-9.47732e+10	-2.62286e+11	2.40457e+10	5.27879e+10	2.71872e+11	2.72299e+10	8.87879e+10	-5.74389e+10	1.00447e+11	-4.76615e+11	-2.92472e+11
1.2e-10	2.2733e+10	-2.28126e+11	-8.27564e+10	1.2293e+08	-1.57883e+11	-1.0731e+11	1.21085e+10	9.19219e+10	-2.73539e+10	2.06365e+10	-5.0162e+09	-1.74969e+11
1.25e-10	-6.9502e+09	9.7507e+10	-1.08786e+11	-4.89784e+08	-1.68005e+11	-2.84192e+10	6.47178e+10	4.10053e+11	3.53372e+10	1.28532e+10	-1.53004e+11	1.5865e+11
1.3e-10	4.67111e+09	-6.72722e+10	1.36096e+11	4.23805e+09	-5.5662e+10	1.31344e+11	2.0629e+10	2.76071e+11	-1.74726e+11	2.788e+10	-1.36402e+11	-3.42686e+10
1.35e-10	-3.46954e+09	3.72e+10	1.06895e+10	-1.24228e+10	7.46657e+10	-2.13561e+11	-7.14109e+09	1.30864e+11	-1.52806e+11	2.13613e+10	-1.48562e+11	5.56768e+10
1.4e-10	1.32932e+09	-1.40658e+11	-5.51656e+10	-1.2046e+10	2.01696e+11	4.12086e+11	-7.71861e+09	-4.72465e+10	1.66162e+11	-1.04332e+10	-1.21806e+11	1.66714e+11
1.45e-10	6.75482e+10	-2.89677e+11	2.2161e+11	-4.55241e+10	-2.72411e+11	-2.55487e+09	1.61601e+10	3.58681e+11	-6.44899e+10	-5.21935e+09	-1.01501e+10	-8.54534e+10
1.5e-10	1.73683e+11	-6.42042e+11	1.36467e+11	2.03908e+10	1.58321e+11	-5.87091e+10	6.02579e+09	2.6234e+10	-1.45502e+11	-1.72072e+10	-6.03428e+10	-7.22292e+10
1.55e-10	8.37894e+10	-2.43896e+11	5.67178e+10	-3.90223e+10	-5.97967e+10	-1.71135e+11	-1.22117e+10	9.85924e+10	-7.00344e+10	-3.32879e+10	7.33215e+10	-2.12312e+11
1.6e-10	1.55617e+11	-4.09714e+11	1.92301e+11	9.04362e+10	4.3645e+11	-7.02855e+10	2.64075e+10	2.08412e+11	-3.27925e+11	1.44396e+10	2.17711e+11	2.69098e+11
1.65e-10	1.98537e+11	-5.68451e+11	1.16617e+11	3.76284e+10	3.53974e+10	3.77485e+11	6.88276e+10	-1.21594e+11	-3.30238e+11	1.06515e+10	8.06616e+10	2.70791e+11
1.7e-10	1.24652e+11	-4.48836e+11	9.00415e+10	7.05633e+10	2.40117e+11	1.59108e+11	6.4532e+10	1.92328e+11	-3.78266e+11	5.0196e+10	-1.84916e+11	1.75007e+11
1.75e-10	1.53245e+11	-6.02583e+11	9.61024e+10	1.29079e+11	6.52802e+11	2.14767e+10	4.83099e+10	-2.34075e+09	-2.71353e+11	6.08731e+10	-2.14133e+11	1.26143e+11
1.8e-10	9.53288e+10	-9.92713e+09	5.99753e+11	3.59176e+10	1.57248e+11	1.44711e+11	9.39977e+10	2.77899e+11	-3.87333e+11	1.25664e+11	-2.02882e+11	4.43147e+11
1.85e-10	4.66877e+10	-2.5248e+11	1.26791e+11	3.8552e+10	3.09495e+11	-1.82625e+11	1.42438e+11	4.66639e+10	-5.51658e+11	1.15739e+11	-2.79367e+11	3.68615e+11
1.9e-10	1.10695e+11	-1.86625e+11	3.53106e+11	2.56247e+10	1.25236e+11	2.56128e+10	8.85614e+10	-6.95477e+10	-3.22865e+11	-2.21437e+10	8.50014e+10	4.43003e+10
1.95e-10	1.20189e+11	2.01968e+11	3.8176e+11	-5.84458e+09	2.00449e+11	-6.46186e+10	1.01839e+10	-2.8627e+10	-2.52555e+10	8.31739e+10	-1.12848e+11	2.48952e+11
2e-10	2.00808e+11	-5.91819e+10	5.15647e+11	-3.68357e+09	-4.75964e+10	-9.19216e+10	-1.07402e+10	9.14345e+10	1.38292e+10	2.93871e+09	-3.59326e+10	2.7023e+10
2.05e-10	1.93417e+11	5.79153e+10	3.5139e+11	3.15135e+10	8.76964e+10	-9.182e+10	-1.71034e+09	1.14918e+11	-1.1692e+11	-1.68542e+08	-9.41055e+10	3.50646e+10
2.1e-10	3.83569e+11	1.12734e+11	6.6504e+11	1.17526e+11	2.22946e+11	-2.84513e+11	2.3557e+10	-3.1295e+11	-6.26801e+09	4.43761e+10	1.06724e+11	2.51338e+11
2.15e-10	2.458e+11	2.24552e+10	4.79343e+11	5.21602e+10	2.85277e+10	-1.73872e+11	7.70911e+10	-3.50395e+11	-5.67672e+10	-3.60159e+10	2.24888e+11	-2.54261e+11
2.2e-10	2.9961e+11	-8.3086e+10	5.96416e+11	1.47286e+11	-8.72396e+10	-4.919e+11	2.88886e+10	-2.33233e+10	-1.70807e+11	2.59591e+10	-1.48214e+11	2.41861e+11
2.25e-10	3.11049e+11	-7.69856e+10	6.08937e+11	1.05326e+11	2.69457e+11	-1.46439e+11	1.61221e+11	-4.643e+11	2.32889e+10	1.81063e+11	4.50106e+11	2.50728e+11
2.3e-10	6.62735e+10	-3.54059e+10	1.81455e+11	1.00333e+11	4.76907e+11	-2.88047e+10	1.61833e+11	-3.85444e+11	-5.27734e+11	1.27681e+11	1.59578e+11	3.1021e+11
2.35e-10	2.58646e+11	1.4251e+11	5.45862e+11	1.41786e+11	4.0754e+11	-3.98513e+11	1.3067e+11	-3.84962e+11	-1.56482e+11	2.23432e+11	5.45606e+11	2.8461e+11
2.4e-10	2.077e+11	4.19671e+10	4.73229e+11	6.74938e+10	1.46122e+11	-1.94006e+11	8.32174e+10	-2.1193e+11	-2.01422e+11	2.16052e+11	1.68552e+11	6.305e+11
2.45e-10	1.74879e+11	1.09488e+11	4.11389e+11	8.39584e+10	2.42574e+11	-1.88692e+11	1.38433e+11	-4.58082e+11	-1.92899e+11	1.08001e+11	1.04996e+11	3.02315e+11
2.5e-10	2.81244e+11	1.17165e+11	5.54804e+11	-1.05475e+10	-1.28795e+11	-6.0502e+10	1.9185e+11	-4.06846e+11	-4.18174e+11	1.58344e+11	4.65915e+11	2.9817e+11
2.55e-10	4.56178e+11	3.98581e+11	7.08035e+11	8.57691e+09	9.78492e+10	-6.29101e+10	1.737e+11	-2.71766e+11	-5.49591e+11	1.57851e+11	3.69407e+11	3.08269e+11
2.6e-10	3.1863e+11	4.48457e+11	3.9036e+11	5.30945e+10	-4.01901e+10	-2.69994e+11	1.44092e+11	-3.82123e+11	-2.08927e+11	1.02458e+11	2.37312e+11	2.20595e+11
2.65e-10	3.76522e+11	2.10924e+11	5.57886e+11	9.68502e+10	1.37604e+11	-3.295e+11	1.28832e+11	-4.10583e+11	-1.411e+11	1.04979e+11	2.03223e+11	2.3884e+11
2.7e-10	5.13479e+11	2.23541e+11	6.14534e+11	1.01597e+11	3.04111e+11	-1.80643e+11	1.39374e+11	-3.42475e+11	-1.0434e+11	1.97374e+11	4.6994e+11	3.14312e+11
2.75e-10	4.30018e+11	-2.55762e+10	5.79567e+11	1.20492e+10	1.70992e+11	4.96178e+10	3.21326e+10	-1.77147e+11	1.31337e+11	1.66634e+11	3.94415e+11	2.00194e+11
2.8e-10	3.65026e+11	-2.6543e+10	4.40828e+11	2.26367e+11	3.3285e+11	-3.83047e+11	8.73554e+10	-2.2185e+11	-1.19577e+10	1.02551e+11	1.34131e+11	1.11419e+11
2.85e-10	4.61365e+11	3.53389e+11	5.27038e+11	1.87182e+11	2.18042e+11	-3.75469e+11	2.6982e+11	-6.42879e+11	-4.09334e+10	2.65995e+11	4.66373e+11	2.50245e+11
2.9e-10	5.41666e+11	-9.33445e+10	6.86449e+11	1.25226e+11	1.05365e+11	-3.37225e+11	2.29718e+11	-5.05321e+11	-5.59309e+10	2.45699e+11	4.15638e+11	2.95451e+11
2.95e-10	5.42094e+11	-1.12551e+11	6.33666e+11	1.68749e+11	2.77842e+11	-4.21191e+11	2.43827e+11	-5.08363e+11	-1.21483e+11	2.06965e+11	2.31277e+11	3.46105e+11
3e-10	5.9103e+11	-1.42145e+11	7.54799e+11	4.95948e+10	3.5594e+10	-1.40849e+11	2.80743e+11	-5.22908e+11	-1.89068e+11	3.09727e+11	3.39737e+11	3.84719e+11
3.05e-10	6.32935e+11	4.87019e+10	7.2138e+11	1.99634e+11	3.52974e+11	-2.91877e+11	1.8377e+11	-3.43384e+11	-1.33545e+11	3.68879e+11	4.03396e+11	5.10397e+11
3.1e-10	5.44026e+11	-7.12628e+10	6.52722e+11	1.16973e+11	2.74196e+11	-1.23281e+11	2.78889e+11	-4.91191e+11	-2.51618e+11	3.36927e+11	5.08637e+11	2.98038e+11
3.15e-10	6.84809e+11	-5.22367e+10	7.80053e+11	1.68592e+11	3.6108e+11	-7.12707e+10	3.75108e+11	-3.83932e+11	-5.91023e+11	4.64031e+11	4.84084e+11	6.70507e+11
3.2e-10	4.43519e+11	-7.82465e+10	4.64755e+11	1.56727e+11	3.28327e+11	-1.46343e+11	1.81801e+11	-8.87799e+10	-2.92325e+11	3.34565e+11	3.26816e+11	3.74623e+11
3.25e-10	5.32364e+11	-1.05325e+11	5.06532e+11	1.84138e+11	2.86561e+11	-2.58827e+11	1.8204e+11	-2.51775e+11	-2.98614e+11	2.65452e+11	-1.76761e+10	4.69211e+11
3.3e-10	6.27918e+11	-2.4639e+11	6.59339e+11	2.66025e+11	5.21926e+11	-2.00582e+11	2.87194e+11	-4.48282e+11	-3.34683e+11	2.06266e+11	1.68527e+10	3.57924e+11
3.35e-10	6.28053e+11	-4.91581e+11	3.08301e+11	1.05731e+11	1.87171e+11	-2.24099e+11	2.5687e+11	-4.22469e+11	-3.32116e+11	3.42048e+11	-7.11408e+10	5.49607e+11
3.4e-10	7.66583e+11	-6.8552e+11	3.11515e+11	2.82039e+11	6.06489e+11	3.69389e+10	3.34051e+11	-3.50488e+11	-5.48924e+11	4.47555e+11	-1.14635e+11	6.87824e+11
3.45e-10	8.69915e+11	-6.89487e+11	2.9011e+11	3.78753e+11	7.32706e+11	3.06534e+10	2.68506e+11	-1.7627e+11	-3.73855e+11	4.05133e+11	-2.8905e+10	4.84658e+11
3.5e-10	6.52592e+11	-7.17402e+11	3.70954e+10	1.6601e+11	3.23206e+11	9.17118e+10	4.85361e+11	-3.27633e+11	-6.48238e+11	4.67666e+11	-1.9131e+11	6.64003e+11
3.55e-10	6.00871e+11	-5.23801e+11	-7.04302e+10	1.95525e+11	4.50406e+11	2.58917e+11	4.54936e+11	2.58535e+11	-6.84973e+11	6.16889e+11	-2.38263e+11	7.36076e+11
3.6e-10	7.42742e+11	-7.1068e+11	-2.80426e+09	1.22984e+11	1.55339e+11	2.13841e+11	4.62078e+11	2.64123e+11	-6.03126e+11	5.12577e+11	-4.29277e+11	5.3429e+11
3.65e-10	6.66099e+11	-5.77325e+11	9.10803e+10	1.95754e+11	1.80782e+11	4.56203e+11	3.9647e+11	3.93734e+11	-4.7966e+11	5.80172e+11	-3.97559e+11	7.61524e+11
3.7e-10	8.12514e+11	-4.78013e+11	-5.93342e+11	1.53661e+11	2.07094e+11	3.45335e+11	3.91048e+11	5.17664e+11	-3.74978e+11	3.92016e+11	-5.67863e+11	1.85519e+11
3.75e-10	9.27181e+11	-5.55748e+11	-3.01323e+11	2.914e+11	3.22948e+11	5.98885e+11	2.3482e+11	2.78951e+11	-2.14425e+11	4.68536e+11	-6.7052e+11	4.64511e+11
3.8e-10	9.9838e+11	-3.24288e+11	-5.7846e+11	2.24329e+11	4.74126e+09	5.30987e+11	3.49981e+11	5.50631e+11	-1.64596e+11	4.1016e+11	-5.39406e+11	3.28385e+10
3.85e-10	7.8244e+11	-1.9178e+11	-4.71341e+11	2.78172e+11	-4.5331e+10	5.66021e+11	3.63349e+11	4.39563e+11	-2.20942e+11	5.90899e+11	-8.18645e+11	1.86404e+11
3.9e-10	5.77391e+11	9.10611e+09	-3.99325e+11	2.44857e+11	-2.85036e+11	4.09501e+11	3.94228e+11	5.87426e+11	3.29316e+10	5.85655e+11	-7.43037e+11	-2.3076e+11
3.95e-10	8.92031e+11	7.78657e+10	-6.56665e+11	3.19326e+11	-4.2641e+11	4.79293e+11	5.99844e+11	7.33017e+11	2.96649e+11	5.43402e+11	-5.76854e+11	-4.96862e+11
4e-10	5.2532e+11	1.70033e+11	-3.84501e+11	1.6688e+11	-2.02135e+11	3.97032e+11	4.83588e+11	4.19797e+11	5.08302e+11	6.85181e+11	-5.55918e+11	-6.72664e+11
4.05e-10	7.52238e+11	1.30051e+11	-6.39893e+11	3.17261e+11	-6.72505e+11	2.82364e+11	4.03946e+11	3.0939e+11	3.90971e+11	5.07321e+11	-3.34894e+11	-5.22121e+11
4.1e-10	1.00504e+12	5.9231e+11	-4.15313e+11	1.7198e+11	-3.59889e+11	7.1497e+10	3.90219e+11	1.99985e+11	5.61811e+11	2.74163e+11	-5.35062e+10	-3.7419e+11
4.15e-10	7.53266e+11	4.11134e+11	-4.29299e+11	1.25196e+11	-2.67213e+11	-2.17818e+10	3.58399e+11	-7.25446e+10	6.48803e+11	4.40462e+11	1.21386e+11	-5.73968e+11
4.2e-10	7.43186e+11	5.8799e+11	-3.02927e+10	3.36488e+11	-6.33758e+11	-1.32272e+11	3.90067e+11	-2.10198e+11	6.22662e+11	5.62627e+11	1.80868e+11	-7.63035e+11
4.25e-10	7.8782e+11	5.3647e+11	-1.91602e+11	1.99385e+11	-4.7689e+11	-9.11968e+10	3.85446e+11	-1.20353e+11	5.0923e+11	3.64041e+11	1.28819e+11	-5.00468e+11
4.3e-10	7.95351e+11	6.31669e+11	2.10635e+11	3.90775e+11	-5.57022e+11	-5.02685e+11	4.45988e+11	-2.15905e+11	7.41155e+11	4.85794e+11	3.73517e+11	-4.87589e+11
4.35e-10	9.65562e+11	6.93873e+11	2.81486e+11	2.34432e+11	-2.38934e+11	-4.08549e+11	4.05432e+11	-1.84668e+11	6.069e+11	4.49806e+11	2.41746e+11	-5.89616e+11
4.4e-10	7.4069e+11	4.013e+11	4.91042e+11	3.52567e+11	-3.24839e+11	-5.13685e+11	6.14492e+11	-5.74786e+11	6.0464e+11	4.3803e+11	4.1393e+11	-5.01781e+11
4.45e-10	7.49907e+11	5.25711e+11	4.31342e+11	3.33545e+11	8.21918e+10	-7.38353e+11	2.96948e+11	-3.55885e+11	2.17666e+11	5.9972e+11	6.49705e+11	-1.99819e+11
4.5e-10	6.69805e+11	2.67869e+11	5.40077e+11	2.54265e+11	1.46643e+11	-5.36042e+11	4.27808e+11	-4.86411e+11	2.11105e+11	3.94661e+11	4.61993e+11	-2.50658e+11
4.55e-10	7.4855e+11	4.8704e+11	5.11904e+11	1.69423e+11	1.42068e+11	-4.03912e+11	2.78693e+11	-4.54193e+11	4.282e+09	4.80544e+11	6.7961e+11	7.34085e+10
4.6e-10	7.26729e+11	1.07108e+11	5.53863e+11	1.76304e+11	4.30726e+10	-3.86966e+11	5.43853e+11	-8.05343e+11	2.09107e+11	5.0111e+11	7.19615e+11	1.85627e+11
4.65e-10	9.72821e+11	2.71338e+10	7.44701e+11	1.44122e+11	2.71005e+11	-4.28709e+11	2.9675e+11	-4.81358e+11	-2.59517e+09	4.05463e+11	3.50399e+11	5.05976e+11
4.7e-10	7.73695e+11	-1.33516e+11	5.10084e+11	2.36204e+11	3.0501e+11	-4.8996e+11	3.54758e+11	-5.17339e+11	-1.19887e+11	3.56193e+11	4.27662e+11	2.41859e+11
4.75e-10	7.10046e+11	-1.74967e+11	5.03327e+11	2.201e+11	4.10466e+11	-2.06963e+11	5.55856e+11	-7.64413e+11	-3.24646e+11	4.86495e+11	4.42509e+11	4.24776e+11
4.8e-10	9.81951e+11	-6.92389e+11	2.96406e+11	1.83078e+11	4.12438e+11	-1.27447e+11	4.09372e+11	-2.67288e+11	-5.89958e+11	4.23144e+11	1.45406e+11	5.69949e+11
4.85e-10	8.56841e+11	-6.89551e+11	2.94257e+11	1.7025e+11	3.80215e+11	1.08518e+10	5.44938e+11	-3.22858e+11	-5.98134e+11	4.11914e+11	-2.12988e+11	6.91753e+11
4.9e-10	7.67551e+11	-5.90846e+11	2.67475e+11	2.54655e+11	4.63777e+11	2.33601e+11	5.18303e+11	-3.84624e+11	-6.58317e+11	4.79011e+11	-7.00451e+10	6.62902e+11
4.95e-10	7.90923e+11	-6.62452e+11	-3.66574e+10	1.64808e+11	3.163e+11	2.13673e+11	4.82606e+11	1.01167e+11	-7.07817e+11	4.74053e+11	-1.9368e+11	5.20026e+11
5e-10	4.54564e+11	-4.01921e+11	1.41974e+11	2.8688e+11	5.38321e+11	3.55315e+11	5.09133e+11	5.24476e+11	-5.41965e+11	4.40508e+11	-1.90675e+11	5.58803e+11
5.05e-10	7.66483e+11	-6.37929e+11	-1.00526e+11	2.33823e+11	2.41717e+11	6.20479e+11	3.22925e+11	1.35696e+11	-5.45454e+11	5.52132e+11	-6.60238e+11	3.25539e+11
5.1e-10	8.83974e+11	-4.36384e+11	-2.56667e+11	2.17715e+11	3.04353e+11	3.49104e+11	2.36858e+11	3.93298e+11	-2.68599e+11	4.0484e+11	-6.00356e+11	5.49851e+10
5.15e-10	7.40368e+11	-4.47284e+11	-5.93012e+11	1.64268e+11	1.6079e+11	2.94014e+11	2.63219e+11	3.58477e+11	-2.60595e+11	6.25202e+11	-6.13002e+11	4.68232e+11
5.2e-10	8.89338e+11	-3.54538e+11	-6.53976e+11	2.80889e+11	-4.56381e+10	6.54076e+11	4.0928e+11	6.03392e+11	-4.71703e+11	4.77183e+11	-6.28939e+11	1.20724e+11
5.25e-10	8.29076e+11	-1.81783e+11	-6.26656e+11	2.90464e+11	1.83737e+11	5.61042e+11	5.63835e+11	7.43014e+11	2.188e+10	5.57187e+11	-7.97959e+11	-2.06497e+11
5.3e-10	7.04108e+11	-2.04166e+11	-6.01112e+11	1.40006e+11	-2.06593e+11	2.28161e+11	4.90127e+11	7.37296e+11	-2.05903e+11	4.69642e+11	-6.05268e+11	9.27087e+10
5.35e-10	7.75026e+11	2.41047e+10	-5.23766e+11	1.6431e+11	-2.83378e+11	2.91385e+11	3.18323e+11	4.99845e+11	1.79422e+11	6.03922e+11	-6.72645e+11	-5.37639e+11
5.4e-10	7.29569e+11	2.00181e+11	-5.19857e+11	2.93425e+11	-6.74525e+11	1.95316e+11	3.37671e+11	3.44345e+11	3.5591e+11	5.89853e+11	-7.17381e+11	-3.35642e+11
5.45e-10	9.30494e+11	5.39493e+11	-5.44494e+11	2.33518e+11	-4.69518e+11	2.14426e+11	2.52704e+11	1.26336e+11	4.06262e+11	5.10533e+11	-2.06919e+11	-6.63176e+11
5.5e-10	7.59764e+11	2.44506e+11	-5.81784e+11	2.59217e+11	-5.44742e+11	8.73416e+10	3.47622e+11	1.11664e+11	6.28344e+11	4.25424e+11	-2.31761e+11	-4.60916e+11
5.55e-10	6.56244e+11	4.31553e+11	-3.02403e+11	3.53699e+11	-6.67264e+11	7.68487e+10	5.01667e+11	3.14655e+11	5.75381e+11	3.84631e+11	-8.06319e+10	-6.22529e+11
5.6e-10	7.35246e+11	4.29114e+11	-3.10159e+11	1.66853e+11	-3.42052e+11	2.64155e+10	5.69531e+11	-1.71451e+11	8.40992e+11	4.87412e+11	8.565e+10	-6.37664e+11
5.65e-10	7.38451e+11	5.08363e+11	-2.15287e+11	2.4415e+11	-4.85263e+11	-3.52411e+11	3.66794e+11	-2.23755e+11	5.97272e+11	4.21459e+11	9.59691e+10	-5.61301e+11
5.7e-10	5.74166e+11	4.56639e+11	-2.33984e+11	3.58858e+11	-3.50231e+11	-5.85911e+11	4.97727e+11	-1.76576e+11	6.36971e+11	4.21403e+11	3.47853e+10	-7.86387e+11
5.75e-10	6.87185e+11	5.77291e+11	-1.39222e+11	1.54665e+11	-7.55964e+10	-4.75858e+11	4.29356e+11	-2.32516e+11	5.65678e+11	5.91923e+11	7.3468e+11	-4.69569e+11
5.8e-10	6.21237e+11	4.42126e+11	9.63408e+10	2.80602e+11	-1.22734e+11	-6.83092e+11	2.99734e+11	-4.81769e+11	1.88402e+11	4.36509e+11	5.52197e+11	-2.25129e+11
5.85e-10	7.90416e+11	4.13424e+11	5.62998e+11	2.548e+11	-3.55293e+11	-5.77966e+11	3.40736e+11	-4.54048e+11	3.31308e+11	4.6672e+11	4.58445e+11	-3.12898e+11
5.9e-10	9.82818e+11	4.39725e+11	5.83346e+11	1.79406e+11	-9.2189e+10	-3.54051e+11	2.36939e+11	-3.80189e+11	9.64236e+10	5.91196e+11	7.54459e+11	-1.93893e+11
5.95e-10	6.91522e+11	2.58109e+11	4.3815e+11	2.01897e+11	2.44552e+11	-3.20652e+11	4.56231e+11	-7.60269e+11	1.02872e+11	4.89479e+11	7.37044e+11	1.91452e+11
6e-10	6.86174e+11	2.52665e+11	5.23377e+11	3.43568e+11	1.87121e+11	-7.26715e+11	4.52917e+11	-5.41787e+11	-2.86185e+11	3.8324e+11	4.70033e+11	-8.71855e+10
6.05e-10	7.92523e+11	2.01544e+11	6.48175e+11	2.63206e+11	7.13786e+11	-2.44294e+11	5.20438e+11	-6.88028e+11	-1.40067e+11	2.96467e+11	2.79704e+11	2.93466e+11
6.1e-10	5.82392e+11	-3.69957e+10	4.65909e+11	2.63173e+11	5.99662e+11	-5.14385e+11	4.50674e+11	-4.68739e+11	-3.88637e+11	5.29938e+11	5.8074e+11	3.7124e+11
6.15e-10	8.27394e+11	-2.68275e+11	5.49563e+11	2.11508e+11	4.91451e+11	-1.94961e+11	3.71888e+11	-4.42973e+11	-5.31254e+11	4.68925e+11	3.64587e+11	4.45283e+11
6.2e-10	8.47303e+11	-4.43569e+11	4.63276e+11	1.44654e+11	4.22271e+11	-3.39307e+11	3.32483e+11	-1.51766e+11	-5.24818e+11	4.26569e+11	1.51574e+10	5.30983e+11
6.25e-10	7.17787e+11	-4.93498e+11	2.86421e+11	1.67177e+11	4.31363e+11	5.19953e+10	4.20928e+11	-2.23923e+11	-5.13645e+11	3.87945e+11	1.20732e+11	6.00124e+11
6.3e-10	6.20732e+11	-5.87599e+11	5.94864e+10	3.47335e+11	6.2339e+11	4.18781e+11	6.3923e+11	-8.25622e+10	-9.33463e+11	4.45794e+11	2.20965e+10	6.71913e+11
6.35e-10	1.0241e+12	-7.33607e+11	-2.19435e+10	2.5938e+11	4.51485e+11	2.21911e+11	4.73887e+11	2.35711e+10	-6.04983e+11	5.21675e+11	-1.69412e+11	6.79272e+11
6.4e-10	8.57148e+11	-7.35536e+11	5.71728e+10	6.82224e+10	2.0033e+11	5.07021e+10	5.40151e+11	9.9408e+10	-7.92332e+11	4.48869e+11	-2.56843e+11	5.18671e+11
6.45e-10	7.87958e+11	-5.63495e+11	-2.673e+11	1.8423e+11	2.37323e+11	3.60111e+11	3.54515e+11	4.01975e+11	-4.34198e+11	6.61473e+11	-7.65297e+11	3.80297e+11
6.5e-10	7.95115e+11	-4.00684e+11	-4.70926e+11	2.02402e+11	1.86568e+11	3.82101e+11	2.85631e+11	5.1273e+11	-1.46628e+11	6.05039e+11	-5.02544e+11	4.91595e+11
6.55e-10	8.18077e+11	-5.40234e+11	-3.35775e+11	2.26983e+11	1.35087e+11	4.43238e+11	4.61599e+11	5.89136e+11	-3.24605e+11	4.62145e+11	-4.83324e+11	3.65476e+11
6.6e-10	6.53932e+11	-2.58335e+11	-5.50013e+11	2.59617e+11	6.41044e+10	4.84447e+11	4.45847e+11	5.71655e+11	5.34688e+10	3.44194e+11	-4.38021e+11	2.07769e+11
6.65e-10	6.34479e+11	-2.30686e+11	-4.66542e+11	2.33569e+11	2.53432e+11	5.7735e+11	3.76998e+11	5.48265e+11	-2.7327e+11	2.41567e+11	-3.61512e+11	2.22615e+11
6.7e-10	8.26572e+11	-3.45921e+11	-6.22287e+11	2.35972e+11	-1.70097e+10	5.92969e+11	3.82273e+11	5.23426e+11	1.09651e+11	5.30385e+11	-6.82221e+11	-2.37092e+11
6.75e-10	8.14311e+11	1.72632e+11	-6.20141e+11	1.85649e+11	-2.40507e+11	3.82786e+11	3.86401e+11	7.3319e+11	1.10048e+11	5.71077e+11	-5.04464e+11	-4.32886e+11
6.8e-10	8.40701e+11	4.92018e+11	-5.53929e+11	1.40677e+11	-2.85958e+11	3.37034e+11	3.47644e+11	4.43699e+11	4.16932e+11	4.7868e+11	-7.40498e+11	-1.87941e+11
6.85e-10	7.86729e+11	2.04199e+11	-5.91312e+11	2.68338e+11	-6.53658e+11	2.62596e+11	2.7299e+11	1.5605e+11	4.55097e+11	4.95954e+11	-3.89025e+11	-7.36373e+11
6.9e-10	7.58064e+11	5.51807e+10	-6.21446e+11	2.68229e+11	-6.13911e+11	1.09458e+11	4.13602e+11	4.16766e+11	4.99233e+11	4.13218e+11	-1.31573e+11	-4.92354e+11
6.95e-10	8.90117e+11	3.63808e+11	-6.11432e+11	2.60037e+11	-5.42414e+11	-8.53851e+10	2.97533e+11	-3.19045e+10	4.84808e+11	5.20346e+11	6.46455e+10	-6.51342e+11
7e-10	7.95766e+11	5.54984e+11	-2.42512e+11	1.8982e+11	-4.77146e+11	-1.7707e+10	3.68612e+11	1.06525e+11	5.23475e+11	4.1946e+11	3.01401e+11	-5.76985e+11
7.05e-10	7.14625e+11	6.03972e+11	-2.80634e+10	2.12158e+11	-4.18913e+11	-5.11623e+10	4.75157e+11	2.51219e+10	6.22541e+11	3.48321e+11	-2.88703e+10	-5.67183e+11
7.1e-10	9.18096e+11	6.95035e+11	2.06348e+10	1.72645e+11	-4.13276e+11	-1.68234e+11	4.55291e+11	-2.03657e+11	6.90655e+11	5.26149e+11	3.00504e+11	-6.17839e+11
7.15e-10	1.12642e+12	7.49805e+11	1.67038e+11	2.26232e+11	-3.98929e+11	-2.09901e+11	2.41098e+11	-1.68549e+11	3.24856e+11	4.77412e+11	4.3558e+11	-4.64674e+11
7.2e-10	8.03177e+11	6.31963e+11	3.3241e+11	2.98135e+11	-3.6415e+11	-5.71955e+11	5.96217e+11	-6.53252e+11	5.85301e+11	6.06143e+11	5.94601e+11	-3.9633e+11
7.25e-10	8.17506e+11	1.11687e+11	7.37681e+11	2.74009e+11	1.05864e+11	-5.43326e+11	3.57004e+11	-4.46169e+11	2.9507e+11	5.53363e+11	6.29798e+11	-3.31416e+11
7.3e-10	8.80461e+11	2.08806e+10	9.62351e+11	2.23034e+11	6.78011e+09	-4.78491e+11	4.63646e+11	-6.18175e+11	-7.88219e+10	4.38115e+11	4.97588e+11	-1.31621e+11
7.35e-10	4.9281e+11	3.03617e+11	3.51077e+11	3.26496e+11	4.17607e+11	-5.91154e+11	7.02776e+11	-8.7862e+11	1.85131e+11	5.22887e+11	5.01874e+11	2.21588e+11
7.4e-10	6.40934e+11	3.71733e+11	5.37446e+11	2.44903e+11	2.18893e+11	-5.82484e+11	3.83265e+11	-5.6734e+11	-1.95043e+11	3.92341e+11	5.49664e+11	2.56446e+11
7.45e-10	8.7013e+11	3.18259e+11	6.805e+11	1.88926e+11	2.20464e+11	-4.01005e+11	2.5287e+11	-4.15298e+11	-2.32061e+11	3.72591e+11	2.51095e+11	5.9473e+11
7.5e-10	8.78896e+11	-8.75174e+10	7.72518e+11	1.59097e+11	6.20169e+10	-3.96144e+11	4.98209e+11	-7.56502e+11	-4.11659e+11	2.09885e+11	1.62513e+11	3.19177e+11
7.55e-10	9.7823e+11	-7.52028e+10	7.03389e+11	3.21368e+11	6.84099e+11	-9.36017e+10	2.65818e+11	-3.27317e+11	-3.11997e+11	2.59558e+11	1.34109e+11	3.81427e+11
7.6e-10	8.6228e+11	-5.12201e+11	6.31069e+11	2.33979e+11	3.86221e+11	-2.67007e+11	4.25424e+11	-5.66105e+11	-4.54649e+11	3.374e+11	3.93244e+11	3.10978e+11
7.65e-10	7.83231e+11	-4.5926e+11	4.80034e+11	2.2745e+11	4.62192e+11	-1.47325e+11	4.08085e+11	-5.16125e+11	-5.50051e+11	4.80167e+11	3.67388e+11	5.46527e+11
7.7e-10	6.14676e+11	-2.77104e+11	4.55598e+11	2.5431e+11	6.21112e+11	5.1831e+10	3.97591e+11	-3.25191e+11	-5.08303e+11	5.11688e+11	2.41443e+11	6.06996e+11
7.75e-10	6.11247e+11	-5.09441e+11	2.35803e+11	1.31775e+11	3.71659e+11	-3.62988e+10	4.00553e+11	1.67209e+11	-5.81262e+11	5.8755e+11	7.31815e+10	8.03644e+11
7.8e-10	5.92122e+11	-5.92771e+11	9.42478e+10	1.02235e+11	2.60277e+11	1.47325e+11	4.04152e+11	-3.89091e+10	-6.52223e+11	4.82029e+11	-1.90116e+11	5.69425e+11
7.85e-10	7.5283e+11	-5.94105e+11	2.19271e+11	1.7075e+11	4.32194e+11	8.10878e+10	3.71277e+11	4.735e+11	-4.53978e+11	5.42267e+11	-3.61873e+11	6.11333e+11
7.9e-10	8.66969e+11	-6.45297e+11	2.95206e+11	1.45006e+11	1.50379e+11	2.5429e+11	2.04581e+11	-2.0253e+10	-3.77613e+11	4.11404e+11	-3.95932e+11	5.26916e+11
7.95e-10	9.15866e+11	-8.70031e+11	1.47965e+11	3.12271e+11	5.5749e+11	2.65551e+11	2.72434e+11	2.69547e+11	-4.02845e+11	4.04933e+11	-3.4348e+11	4.09207e+11
8e-10	9.22785e+11	-7.45271e+11	-3.67794e+11	2.41572e+11	4.10242e+11	2.555e+11	2.30649e+11	2.21332e+11	-2.51621e+11	5.93426e+11	-5.02589e+11	4.53614e+11
8.05e-10	6.7332e+11	-4.83443e+11	-3.60556e+11	3.34326e+11	3.02862e+11	6.12084e+11	3.57165e+11	2.29059e+11	-5.31224e+11	3.20523e+11	-1.94391e+11	6.66667e+11
8.1e-10	6.86432e+11	-6.01276e+11	-4.39782e+11	1.59265e+11	-6.67171e+10	3.42926e+11	3.4603e+11	4.3876e+11	-1.71285e+11	4.91586e+11	-5.2261e+11	3.67949e+11
8.15e-10	4.90233e+11	-3.16054e+11	-2.9607e+11	1.23997e+11	-1.0325e+11	3.20837e+11	3.54342e+11	4.55217e+11	-4.00688e+11	4.33186e+11	-5.28462e+11	3.33824e+10
8.2e-10	6.10033e+11	1.50038e+10	-6.04944e+11	1.36682e+11	-4.35175e+11	3.08803e+11	4.73815e+11	7.10864e+11	1.59842e+11	6.60728e+11	-8.28284e+11	2.89275e+10
8.25e-10	7.73887e+11	-2.95894e+11	-5.77701e+11	1.20265e+11	-1.48387e+11	3.07381e+11	3.30748e+11	5.96246e+11	-7.46607e+10	4.66904e+11	-6.66914e+11	-7.84187e+10
8.3e-10	7.77089e+11	-6.78872e+10	-5.92776e+11	1.97617e+11	-4.24308e+11	3.83935e+11	3.78535e+11	7.05974e+11	5.07684e+10	1.90674e+11	-2.9777e+11	-9.33041e+10
8.35e-10	7.64654e+11	-1.34219e+11	-6.05692e+11	2.33899e+11	-5.07742e+11	3.58054e+11	3.43758e+11	5.79435e+11	1.43535e+11	3.56191e+11	-4.60489e+11	-3.24096e+11
8.4e-10	1.15709e+12	-1.8933e+11	-7.72701e+11	2.22566e+11	-4.65478e+11	1.44544e+11	2.45671e+11	4.45714e+11	1.34619e+11	4.51169e+11	-5.59221e+11	-4.01912e+11
8.45e-10	8.65186e+11	1.34126e+10	-7.16766e+11	2.93538e+11	-3.13413e+11	3.81807e+11	5.24743e+11	6.5014e+11	5.20566e+11	3.43613e+11	-2.60275e+11	-4.82046e+11
8.5e-10	9.95149e+11	4.46349e+11	-6.0254e+11	3.19902e+11	-5.30284e+11	2.26677e+11	3.75253e+11	3.81407e+11	4.12192e+11	4.52312e+11	-3.35884e+11	-6.34331e+11
8.55e-10	7.80481e+11	3.45147e+11	-4.37272e+11	3.7118e+11	-6.77206e+11	3.90082e+11	4.80034e+11	4.06254e+11	5.79841e+11	5.57552e+11	-1.98728e+11	-5.52125e+11
8.6e-10	5.0969e+11	3.43629e+11	-2.82961e+11	1.93254e+11	-3.97443e+11	-8.84e+10	3.61318e+11	4.47881e+10	4.96438e+11	6.04477e+11	4.695e+10	-7.1175e+11
8.65e-10	7.08905e+11	5.41723e+11	-7.69336e+10	2.54442e+11	-6.01214e+11	-1.47549e+11	3.87928e+11	-6.31541e+10	5.89948e+11	5.99616e+11	-2.15385e+11	-7.325e+11
8.7e-10	8.42854e+11	7.61674e+11	1.54761e+11	1.536e+11	-4.27412e+11	-9.9402e+10	4.25747e+11	-2.14005e+11	5.21241e+11	4.72644e+11	4.5218e+11	-4.54811e+11
8.75e-10	7.58617e+11	6.19152e+11	1.20545e+11	1.38425e+11	-4.17358e+11	-1.78739e+11	4.32752e+11	-4.6356e+11	4.88133e+11	4.35937e+11	4.08365e+11	-3.70601e+11
8.8e-10	1.08072e+12	7.10821e+11	4.91624e+11	1.79158e+11	-5.76872e+10	-4.59541e+11	4.44328e+11	-3.45467e+11	5.64838e+11	4.95266e+11	7.28701e+11	-3.09609e+11
8.85e-10	8.25389e+11	4.39432e+11	4.63744e+11	7.38515e+10	-1.94216e+11	-1.40081e+11	3.79261e+11	-5.0488e+11	2.38059e+11	4.99462e+11	5.84157e+11	-2.22591e+11
8.9e-10	7.78988e+11	5.34107e+11	2.72501e+11	2.28972e+11	-3.24645e+11	-4.14317e+11	2.37196e+11	-4.19836e+11	-4.82318e+10	4.86539e+11	6.75745e+11	-8.66669e+10
8.95e-10	9.60364e+11	2.68508e+11	6.53643e+11	3.79842e+11	-1.39271e+11	-6.90497e+11	1.87742e+11	-3.00661e+11	2.07621e+11	4.17416e+11	5.8237e+11	2.0933e+11
9e-10	7.64539e+11	-3.75968e+10	7.14089e+11	2.86683e+11	2.77917e+11	-4.10333e+11	3.71173e+11	-5.45426e+11	-2.32402e+11	5.65097e+11	8.43414e+11	3.18621e+11
9.05e-10	8.61775e+11	-5.11126e+10	6.65606e+11	2.36535e+11	2.52621e+11	-4.52838e+11	5.27456e+11	-7.41686e+11	-2.91088e+11	5.02953e+11	5.04421e+11	4.12336e+11
9.1e-10	8.53264e+11	-3.74084e+11	6.72991e+11	3.57147e+11	7.68625e+11	-3.7077e+11	4.18026e+11	-5.01175e+11	-2.26818e+11	3.74495e+11	2.44259e+11	3.98144e+11
9.15e-10	8.03556e+11	-3.34771e+11	5.78059e+11	2.15225e+11	3.19446e+11	-3.59232e+11	3.4045e+11	-3.23038e+11	-4.02547e+11	5.98123e+11	5.03525e+11	6.61447e+11
9.2e-10	7.77123e+11	-3.88256e+11	5.05784e+11	2.81756e+11	4.81272e+11	-1.49271e+11	4.91117e+11	-3.66313e+11	-5.74973e+11	4.5343e+11	2.71934e+11	4.90858e+11
9.25e-10	8.12854e+11	-4.77967e+11	3.96684e+11	3.37376e+11	7.28093e+11	-2.05045e+11	4.74147e+11	-2.00717e+11	-5.93931e+11	4.0746e+11	1.0544e+11	5.00213e+11
9.3e-10	9.69204e+11	-6.77257e+11	2.75777e+11	1.54577e+11	3.64317e+11	-5.51366e+10	4.9636e+11	-4.65511e+10	-5.94927e+11	4.40533e+11	1.33314e+11	7.06397e+11
9.35e-10	7.85718e+11	-5.79797e+11	2.4585e+11	1.60257e+11	2.86042e+11	4.00149e+11	3.40808e+11	-1.61015e+11	-4.38576e+11	2.73396e+11	2.43224e+10	4.78424e+11
9.4e-10	9.4504e+11	-7.10552e+11	1.54502e+11	1.43942e+11	2.26508e+11	2.63989e+11	3.87442e+11	-2.48927e+10	-6.14952e+11	2.50916e+11	-3.15475e+11	2.35263e+11
9.45e-10	7.87795e+11	-5.78646e+11	-1.47907e+11	2.8857e+11	6.46215e+11	2.77837e+11	3.35214e+11	1.48535e+11	-6.07894e+11	5.26924e+11	-4.35047e+11	4.87261e+11
9.5e-10	8.01573e+11	-6.1525e+11	-1.52335e+11	1.38464e+11	3.64451e+11	2.01534e+11	2.40181e+11	1.82214e+11	-3.94354e+11	3.93423e+11	-3.69821e+11	3.25042e+11
9.55e-10	9.00017e+11	-6.05447e+11	-4.01752e+11	2.50506e+11	2.47804e+11	3.93406e+11	4.44228e+11	5.89124e+11	-2.61145e+11	6.0909e+11	-5.87586e+11	3.5638e+11
9.6e-10	7.52894e+11	-4.22792e+11	-4.73742e+11	2.60353e+11	-1.05869e+11	5.73818e+11	3.67431e+11	3.51003e+11	-4.28219e+11	4.80325e+11	-6.52873e+11	1.53479e+11
9.65e-10	6.50731e+11	-3.98259e+11	-3.55173e+11	3.00597e+11	-1.32939e+11	6.2214e+11	2.63134e+11	3.46933e+11	1.68133e+10	4.33852e+11	-5.81863e+11	-1.03803e+11
9.7e-10	7.97147e+11	-1.93501e+11	-6.78053e+11	2.05037e+11	2.77876e+11	4.64257e+11	4.16068e+11	6.30231e+11	9.29086e+10	6.12312e+11	-6.08157e+11	-4.39923e+11
9.75e-10	7.11084e+11	-1.80767e+11	-5.17184e+11	2.38308e+11	-2.91297e+11	4.49604e+11	3.94759e+11	6.45534e+11	-8.7754e+10	5.55749e+11	-5.10344e+11	-5.14699e+11
9.8e-10	1.0443e+12	3.48152e+11	-7.10359e+11	2.52191e+11	-5.35669e+11	3.01093e+11	4.0437e+11	6.31414e+11	2.81577e+11	3.73028e+11	-4.3715e+11	-2.6761e+11
9.85e-10	8.13441e+11	3.53107e+11	-5.22445e+11	3.40723e+11	-6.04611e+11	4.30212e+11	3.5221e+11	5.49315e+11	3.14036e+11	5.28443e+11	-2.53627e+11	-5.9501e+11
9.9e-10	7.35794e+11	4.04167e+11	-4.49648e+11	1.64762e+11	-3.12139e+11	1.10653e+11	3.26798e+11	3.42221e+11	3.89833e+11	5.13942e+11	-3.43183e+11	-5.71192e+11
9.95e-10	8.31492e+11	7.61387e+11	-1.39819e+11	3.514e+11	-6.88279e+11	2.53429e+11	4.28878e+11	3.76648e+11	4.97396e+11	5.23422e+11	-1.47196e+11	-7.30753e+11
1e-09	7.1665e+11	5.62975e+11	-8.43786e+10	2.48074e+11	-4.92081e+11	-3.20458e+10	4.07354e+11	1.99491e+11	5.16211e+11	4.88476e+11	1.12396e+11	-6.14485e+11
