Mon Oct 21 14:57:26 2024

<base> : Rectangle : -2.5um, 0m, 0m; 2.5um, 50nm, 5nm. Cells : 1000, 10, 1. Cellsize : 5nm, 5nm, 5nm
<supermesh> : Rectangle : -2.5um, 0m, 0m; 2.5um, 50nm, 5nm. Cells : 1000, 10, 1. Cellsize : 5nm, 5nm, 5nm

Saved data (dataname (unit) <meshname> (cells_rectangle)) : 

time (s)	<mxdmdt> (1/s) <base> (300nm, 0m, 0m; 310nm, 50nm, 5nm)			<mxdmdt> (1/s) <base> (700nm, 0m, 0m; 710nm, 50nm, 5nm)			<mxdmdt> (1/s) <base> (1um, 0m, 0m; 1.01um, 50nm, 5nm)			<mxdmdt> (1/s) <base> (1.5um, 0m, 0m; 1.51um, 50nm, 5nm)			<mxdmdt> (1/s) <base> (2um, 0m, 0m; 2.01um, 50nm, 5nm)			<mxdmdt> (1/s) <base> (2.5um, 0m, 0m; 2.51um, 50nm, 5nm)			

0	-11390	-1.06276e+06	-290011	-28808.2	1.70043e+06	229512	16640.8	-182323	592528	1476.08	-431508	50244.5	-4335.19	-63240.8	1.22959e+06	13976.5	697832	233411
5e-12	3.95611e+09	-6.6526e+10	-1.06301e+11	3.03271e+09	-1.45149e+11	1.71489e+11	6.05385e+09	-4.84191e+10	8.84608e+10	-4.29711e+08	2.21875e+11	-6.8594e+09	8.29207e+09	8.36931e+10	8.48852e+09	3.13767e+10	-1.03631e+11	-9.45745e+09
1e-11	1.06122e+10	-9.43571e+10	1.2737e+11	-6.35853e+09	-1.57975e+11	-4.98312e+10	-6.85234e+09	4.17887e+10	1.76729e+11	-1.60312e+09	1.86521e+11	7.09875e+10	1.48215e+10	-6.23977e+10	-2.22459e+11	2.55248e+09	-4.77977e+10	8.22304e+10
1.5e-11	7.17835e+09	6.13388e+10	-2.60996e+10	1.02511e+10	-2.33599e+11	-1.06398e+10	6.64504e+09	1.11397e+10	-6.08331e+10	1.57048e+10	4.49276e+10	2.15114e+11	2.20587e+09	-1.07044e+11	-2.01788e+10	4.65092e+08	1.09931e+11	1.34443e+10
2e-11	-2.62741e+09	-7.8428e+10	5.22649e+10	7.50087e+09	-4.46434e+10	-1.10568e+11	-5.8166e+09	-7.03004e+10	2.16658e+10	-1.71786e+09	1.68162e+11	-2.60537e+11	6.76061e+09	3.63735e+10	-1.46035e+11	2.1469e+10	-1.19067e+11	2.04241e+11
2.5e-11	8.99409e+08	5.41096e+10	-6.92317e+10	-1.94907e+09	-4.15625e+10	1.8546e+11	6.28433e+08	-1.38041e+11	1.13463e+11	1.48466e+10	2.71275e+10	-2.81102e+11	3.03522e+09	8.85046e+10	-1.63221e+11	4.67923e+09	-1.12013e+11	-1.40253e+10
3e-11	-3.11444e+09	-7.01093e+10	-8.58732e+10	-5.27863e+09	-9.44388e+10	1.64445e+10	-5.45577e+09	1.40171e+11	-7.7001e+10	9.14087e+09	6.42805e+10	-5.13374e+10	1.09432e+10	-1.48084e+10	-1.47626e+11	-8.62597e+09	-6.51577e+10	-1.04533e+11
3.5e-11	3.88461e+09	2.31387e+10	1.59775e+11	5.36514e+09	-7.96892e+10	1.29124e+10	1.39877e+10	1.48153e+11	3.71183e+10	2.14131e+09	-9.65071e+10	-8.57638e+10	5.0251e+09	-1.11994e+11	2.66945e+11	9.37166e+09	6.00892e+10	2.49482e+11
4e-11	1.61869e+10	9.68675e+10	-1.99344e+11	4.88501e+09	7.20041e+10	-1.45094e+10	7.85035e+09	2.59249e+11	7.13601e+10	9.61088e+08	1.24286e+10	4.22055e+10	-1.07854e+10	-1.15544e+11	2.37983e+11	-1.07893e+09	-1.02191e+11	-4.62094e+10
4.5e-11	1.23983e+08	3.09735e+10	6.67018e+10	2.48085e+09	1.8223e+11	1.77128e+11	5.50737e+08	-4.86005e+10	-9.55504e+10	8.02185e+09	9.71223e+10	3.34474e+10	1.57596e+10	1.32783e+11	-6.39767e+10	6.81142e+09	3.15197e+11	2.29305e+11
5e-11	1.04209e+09	-8.51832e+09	-7.61996e+09	5.12537e+08	-9.90926e+10	5.99982e+10	-4.11628e+09	1.63336e+11	2.97226e+10	1.88964e+10	-1.36741e+11	6.65874e+10	1.72646e+10	1.9285e+11	3.09429e+10	1.82752e+09	-2.23182e+10	1.05808e+11
5.5e-11	-8.69028e+08	-1.31729e+11	3.89774e+10	4.63926e+08	5.73313e+10	5.69698e+09	1.47125e+10	-1.50131e+11	-2.57354e+09	4.48386e+09	2.09995e+10	-1.38625e+10	1.25171e+10	7.36768e+10	6.21493e+10	-7.52422e+09	-5.35358e+10	-7.43142e+10
6e-11	-4.1722e+09	3.85485e+10	-7.39083e+10	8.98267e+09	-6.09181e+10	-1.6046e+11	1.9766e+10	4.07579e+10	-5.57696e+10	1.04662e+09	8.71318e+10	3.44026e+10	-9.48687e+09	-2.14562e+11	-7.6412e+10	1.11032e+10	-3.31761e+11	-2.27563e+11
6.5e-11	8.46978e+09	-1.7634e+11	9.5174e+10	6.56605e+09	8.18741e+10	-1.60753e+11	-6.72164e+09	-3.46595e+11	-2.75572e+11	-4.58468e+09	2.9889e+11	4.78801e+10	1.02337e+10	-8.04383e+10	1.18221e+11	-8.01553e+09	-2.38302e+11	3.59491e+10
7e-11	-6.63982e+09	-1.80251e+11	-1.17777e+11	1.2704e+10	7.11244e+10	9.41254e+10	1.27538e+10	-7.27615e+09	-3.04939e+10	1.80419e+10	-1.30772e+11	-1.30148e+11	1.5004e+10	1.13963e+11	-1.31531e+11	-2.10302e+09	1.87446e+09	4.86592e+10
7.5e-11	-3.18034e+09	2.52519e+11	1.93688e+10	-3.98011e+09	6.04682e+10	-1.95219e+11	2.82171e+10	1.40561e+11	-9.79093e+10	-1.24744e+09	-4.48489e+11	-8.71061e+10	1.78671e+10	3.07904e+11	-4.57378e+10	6.86983e+09	-1.43944e+11	-1.03439e+11
8e-11	1.71002e+10	3.82981e+10	2.71572e+11	-4.84081e+09	1.215e+11	-7.046e+10	4.93602e+09	2.78687e+11	6.49957e+10	3.21096e+09	5.07702e+09	-1.29678e+11	8.03735e+09	2.3893e+11	-9.60546e+10	1.4327e+10	-4.342e+10	-1.34775e+11
8.5e-11	1.11478e+10	4.22734e+10	3.09163e+11	1.08023e+10	-1.26457e+10	9.09428e+10	3.76555e+09	-1.22417e+11	-2.13341e+11	1.59693e+10	8.18135e+10	-1.24858e+10	2.36921e+09	2.22342e+10	3.74991e+10	7.72907e+09	4.29135e+10	1.42185e+11
9e-11	1.00469e+10	1.18173e+11	5.95244e+10	1.24475e+10	-1.27311e+11	-2.55799e+11	-2.90065e+09	1.69006e+10	1.49639e+11	2.2953e+10	-1.41605e+11	8.68636e+10	-1.30064e+09	1.34899e+11	-3.05334e+11	4.15489e+09	-1.29757e+11	-1.12833e+11
9.5e-11	4.35245e+08	-2.78282e+10	4.06803e+10	1.34583e+10	-1.4743e+11	3.71235e+11	1.71147e+10	1.23498e+11	-1.50679e+11	-3.26556e+09	-2.71518e+11	-4.00896e+10	5.98049e+09	3.33151e+11	2.45069e+09	1.29546e+10	-1.17396e+11	-7.86971e+10
1e-10	6.24377e+09	2.66878e+10	1.06045e+09	1.07034e+10	-1.98003e+11	3.51417e+10	-1.3416e+09	-2.09111e+11	-7.89423e+09	1.99855e+09	-3.54963e+10	-6.76025e+10	7.35302e+09	1.61372e+11	2.3331e+11	-1.91085e+10	-3.76218e+10	3.49277e+11
1.05e-10	1.76148e+10	8.82769e+10	-1.86305e+11	8.00308e+09	9.69182e+10	-2.12137e+10	2.82999e+10	-7.24822e+09	-2.04718e+11	1.12439e+10	2.8235e+11	1.82429e+11	4.72214e+09	-3.01963e+11	3.24547e+10	2.25955e+10	-4.24274e+10	1.04415e+11
1.1e-10	8.68675e+09	-2.88173e+11	-2.34854e+10	1.11878e+10	-9.07265e+10	-1.63349e+11	-7.57302e+09	1.51478e+11	-5.05909e+10	5.26082e+09	-9.45247e+10	-9.07451e+10	-4.19427e+09	-1.96462e+11	2.33696e+11	4.07188e+09	-8.54114e+10	-1.1412e+11
1.15e-10	1.32382e+10	-2.225e+11	5.77157e+10	-9.06434e+09	2.1685e+11	-8.52942e+10	-2.67521e+09	6.24321e+10	-1.86911e+10	1.66275e+10	3.18693e+11	-3.49708e+10	1.96664e+09	-7.62633e+10	-1.64555e+11	8.09392e+09	8.01942e+10	-2.25115e+10
1.2e-10	1.85821e+10	2.68884e+11	-4.60687e+10	8.63087e+09	-1.06513e+11	1.33076e+11	1.04381e+10	-1.39702e+11	1.58743e+11	2.27022e+09	9.77209e+10	-7.82779e+10	-4.94167e+09	2.67057e+10	-1.60742e+11	-3.25709e+09	3.12323e+11	-3.63395e+10
1.25e-10	-7.52885e+09	1.848e+11	-1.54038e+11	6.03646e+09	-1.11221e+11	1.75579e+11	2.21564e+10	1.86604e+11	9.26586e+10	6.70208e+09	1.97588e+11	6.4634e+10	1.82516e+10	-2.04745e+10	6.6649e+10	-5.6856e+09	1.00599e+10	3.07827e+11
1.3e-10	-7.74865e+09	9.54557e+10	-1.50376e+11	2.00227e+10	-5.38251e+10	-3.48581e+10	1.52134e+09	3.34924e+10	1.25657e+11	2.93965e+09	-3.10126e+10	-4.84434e+10	-1.03956e+10	-9.60464e+10	-1.92174e+11	5.79311e+09	5.3165e+10	-4.56584e+10
