Tue Oct 22 16:37:18 2024

<base> : Rectangle : 0m, 0m, 0m; 7um, 50nm, 5nm. Cells : 1400, 10, 1. Cellsize : 5nm, 5nm, 5nm
<supermesh> : Rectangle : 0m, 0m, 0m; 7um, 50nm, 5nm. Cells : 1400, 10, 1. Cellsize : 5nm, 5nm, 5nm

Saved data (dataname (unit) <meshname> (cells_rectangle)) : 

time (s)	<mxdmdt> (1/s) <base> (3.6um, 0m, 0m; 3.61um, 50nm, 5nm)			<mxdmdt> (1/s) <base> (4um, 0m, 0m; 4.01um, 50nm, 5nm)			<mxdmdt> (1/s) <base> (4.5um, 0m, 0m; 4.51um, 50nm, 5nm)			<mxdmdt> (1/s) <base> (5.5um, 0m, 0m; 5.51um, 50nm, 5nm)			<mxdmdt> (1/s) <base> (6.5um, 0m, 0m; 6.51um, 50nm, 5nm)			

0	51595.9	-22223.4	560498	18077.1	1.10166e+06	-470926	36288.3	679197	553155	7991.6	255455	-925803	9613.39	-189311	-190667
5e-12	2.87821e+09	8.90377e+10	1.27741e+11	-1.09329e+10	-8.48084e+10	-2.19667e+10	-1.34038e+10	-1.31013e+11	4.53038e+10	-9.00123e+09	1.62294e+10	5.78747e+10	2.13939e+08	2.8028e+11	2.87683e+11
1e-11	-1.90792e+10	1.66306e+11	1.42714e+11	-9.11525e+09	-1.37744e+10	5.79599e+10	-1.3751e+10	1.27544e+11	3.57328e+10	-8.12392e+09	-2.86481e+11	9.52472e+10	3.85021e+09	9.24444e+10	-1.03024e+11
1.5e-11	3.81863e+09	2.23189e+11	-3.03721e+11	-7.15666e+09	1.66364e+11	1.89571e+10	-2.85504e+10	7.36757e+10	-2.61174e+11	-1.25813e+10	9.07281e+10	-1.13428e+11	-1.4681e+09	7.34889e+10	-6.38033e+10
2e-11	5.27176e+09	-4.61901e+10	2.11993e+10	9.2811e+09	3.87714e+10	-2.17647e+11	-2.49984e+10	2.92502e+11	-1.13085e+11	-2.73957e+09	8.5241e+10	-9.57836e+10	-1.10432e+10	1.48173e+11	1.83376e+11
2.5e-11	-1.60287e+10	1.16593e+11	7.42538e+10	4.22268e+09	1.59112e+11	3.88205e+10	-1.09861e+10	1.58017e+11	8.39119e+10	1.16915e+10	1.16707e+11	-1.69429e+10	-7.88401e+09	5.08737e+10	-1.75087e+11
3e-11	-1.09935e+09	2.48357e+10	-1.54302e+11	-1.94128e+10	-9.50322e+10	-8.1114e+10	1.81598e+10	-4.73984e+10	2.10501e+11	-3.09706e+09	6.97366e+10	7.2896e+10	-1.61376e+10	-4.52942e+10	-4.20481e+10
3.5e-11	-1.21009e+10	-7.45531e+10	1.22198e+11	-7.08071e+09	-1.01372e+11	-1.54401e+11	-3.93221e+09	1.35269e+10	-1.76843e+11	-3.71391e+09	-1.30486e+11	2.02304e+11	-1.41036e+10	-1.73353e+11	-2.5628e+11
4e-11	-7.40354e+09	-4.41562e+10	-7.31371e+10	-2.92037e+10	-2.50441e+11	-3.36535e+10	3.2816e+09	-5.277e+10	3.36314e+11	-8.85813e+09	1.35921e+11	-6.34304e+10	-9.16611e+09	-1.63817e+10	1.08849e+11
4.5e-11	1.83259e+10	2.42566e+11	-8.31459e+09	2.83963e+09	1.15981e+11	2.20841e+11	1.06705e+10	1.26223e+11	1.60798e+11	-1.08662e+10	-1.64274e+11	-4.30767e+10	-2.54825e+10	6.71756e+10	-2.95781e+11
5e-11	-5.97446e+08	1.46475e+11	1.23706e+11	-5.3941e+08	1.68752e+11	-6.32267e+10	-3.39297e+09	6.80857e+09	2.40665e+10	1.64403e+09	3.68574e+10	9.94536e+10	1.02414e+09	5.84783e+10	-1.35826e+11
5.5e-11	1.25438e+10	-1.71732e+11	2.33225e+11	-1.55836e+10	-1.85836e+09	1.26705e+11	-2.23266e+10	3.73031e+10	3.75698e+11	1.96813e+10	-2.21918e+11	-1.33793e+11	-2.69907e+09	-6.02916e+10	1.37008e+11
6e-11	2.35387e+09	-2.12174e+10	5.72261e+10	2.78282e+10	-2.88837e+11	4.77582e+10	-6.50337e+09	1.7476e+11	1.18261e+11	-2.72229e+10	5.35601e+10	-4.36132e+11	-2.2748e+10	-1.04474e+11	-1.55835e+11
6.5e-11	-1.9665e+10	-1.801e+11	-1.07542e+11	-1.34327e+10	2.80081e+11	-5.40148e+10	-3.78291e+09	9.34847e+10	7.77943e+10	-2.67141e+10	8.02775e+09	-3.46681e+11	-2.49193e+10	-1.49789e+11	-2.32621e+11
7e-11	1.31591e+10	1.73196e+11	-2.52279e+09	-1.55139e+10	6.72478e+10	9.50694e+10	7.968e+09	-1.56675e+11	-1.54614e+11	-9.94219e+09	-1.00263e+11	1.00638e+11	-1.97936e+10	-2.39142e+11	1.44293e+11
7.5e-11	-6.05401e+09	-2.99975e+10	4.02813e+10	-6.50877e+09	-4.50639e+10	7.26344e+10	1.90595e+10	-6.09869e+10	-1.0446e+11	6.00307e+09	4.09518e+10	1.52837e+11	-2.05167e+10	2.68223e+09	-1.53604e+11
8e-11	-6.51678e+09	4.72328e+10	3.13793e+10	1.00944e+10	-7.71121e+10	3.6448e+10	1.15057e+10	-1.78837e+11	-1.27716e+11	-6.18746e+09	1.80491e+11	7.84332e+10	-1.6764e+10	-1.05395e+11	-8.74616e+10
8.5e-11	-1.90286e+10	1.92513e+11	-3.60939e+10	-4.46812e+09	1.22005e+11	2.10624e+11	1.65096e+09	-1.63034e+11	-2.17753e+10	3.65454e+09	-2.96511e+11	-4.97681e+10	-2.04257e+10	3.56053e+10	8.48917e+10
9e-11	7.5175e+09	-8.84429e+10	-1.37733e+11	1.82369e+09	1.25508e+11	1.30426e+10	1.03108e+08	-7.06432e+10	2.05684e+11	-3.42103e+08	1.49364e+11	6.77352e+10	-1.2959e+10	6.40355e+10	1.56947e+11
9.5e-11	-1.95941e+09	5.19898e+09	7.39242e+10	-7.38384e+09	-2.06004e+11	-4.1489e+10	-1.2938e+10	5.66177e+09	-6.94001e+10	4.24844e+09	1.39225e+11	1.06063e+10	-9.66233e+09	-3.72867e+10	-4.38506e+10
1e-10	8.95202e+09	-1.56307e+11	1.26736e+11	6.50672e+09	-1.04703e+11	-1.34173e+11	-1.00208e+10	-1.07232e+11	1.0785e+11	1.25237e+09	-9.05989e+10	2.03765e+11	-1.70615e+10	3.45213e+11	-9.39332e+10
1.05e-10	1.27121e+10	1.99483e+11	1.67476e+11	3.13369e+09	2.55344e+10	1.80052e+10	-1.07692e+10	-1.43513e+11	1.26164e+11	-4.49555e+09	-8.59437e+10	-1.86922e+11	-1.96089e+10	3.29998e+11	-1.58864e+11
1.1e-10	3.41735e+09	1.91246e+11	1.12617e+11	4.90619e+09	-1.85033e+11	1.37718e+11	-5.78797e+08	1.50746e+11	2.50873e+10	-6.86036e+09	-5.88963e+10	6.34062e+10	-2.85624e+10	2.91711e+11	-7.63428e+10
1.15e-10	-1.81988e+10	-2.50351e+11	-4.36065e+10	-3.15143e+09	-1.65052e+11	7.2242e+10	4.08973e+09	1.62878e+11	-9.04119e+09	3.73529e+08	-2.97211e+10	-2.24426e+11	-6.52681e+08	-1.35357e+11	1.05389e+11
1.2e-10	-2.62277e+09	4.04583e+10	-2.15132e+11	-1.23453e+09	-6.75067e+10	-1.51429e+09	-1.5514e+10	2.16761e+10	-5.71925e+10	1.84709e+10	-3.09498e+11	-2.02595e+11	-1.7011e+09	-1.22256e+11	3.35159e+10
1.25e-10	-1.20952e+10	-7.58421e+10	-4.13429e+10	-6.38149e+08	-1.67414e+11	-1.34626e+11	2.83368e+09	7.49656e+10	-4.90455e+10	-9.09477e+09	-4.66923e+10	-8.63402e+10	7.57468e+09	-4.58786e+09	-1.10785e+11
1.3e-10	-1.90756e+10	8.41319e+10	1.60906e+11	-3.34768e+09	1.03185e+11	-6.77328e+10	-7.51468e+09	2.61672e+11	-9.36524e+10	-8.14989e+08	-6.93096e+10	4.28083e+10	-1.65541e+10	7.65008e+08	2.5201e+10
1.35e-10	-3.17486e+09	-3.87261e+10	6.55217e+10	-1.9985e+10	-1.99235e+11	-6.10837e+10	-7.01892e+09	1.04029e+09	-2.74468e+10	4.84684e+09	1.13013e+10	2.19199e+11	1.62694e+10	-1.87563e+11	-5.87624e+10
1.4e-10	2.93825e+09	-1.76599e+11	6.75917e+10	-2.67916e+10	-2.39103e+11	-7.24749e+10	-9.7193e+09	-8.67943e+10	1.6338e+11	-1.4195e+10	-1.779e+11	-1.67927e+11	-2.98548e+10	-1.14783e+11	-4.37484e+11
1.45e-10	6.16916e+08	-9.00407e+09	1.08605e+11	-3.27713e+09	-1.26613e+11	-9.12839e+10	-3.82388e+08	-1.11445e+11	9.48087e+10	-7.76616e+09	-5.01177e+09	1.6435e+11	-2.69375e+10	-2.3301e+11	-5.86733e+10
1.5e-10	-1.69684e+10	1.52168e+11	-1.79414e+11	-7.91137e+09	-8.08628e+10	-2.68118e+11	-1.53011e+09	1.79122e+10	-6.40629e+10	-6.3817e+09	1.58602e+11	-5.32344e+10	-3.1272e+09	-1.03988e+11	1.18878e+11
1.55e-10	1.93038e+10	-1.56006e+11	-1.26426e+11	-1.74877e+10	1.37556e+11	-1.89054e+11	-2.10469e+10	1.49641e+11	1.00216e+11	-4.8974e+09	-5.52567e+10	-2.61528e+11	-3.72054e+08	-6.44017e+10	2.61489e+10
1.6e-10	-1.70052e+10	1.39436e+11	1.09634e+11	-8.91478e+08	-5.65982e+10	2.30947e+11	-2.23789e+09	-2.01036e+11	-2.70936e+11	-1.77632e+09	-1.48513e+11	-1.69135e+10	-9.0294e+09	-1.02235e+11	1.91458e+10
1.65e-10	-6.87062e+09	1.69755e+11	-8.01175e+10	-7.59638e+09	-2.24156e+11	-7.75247e+10	-6.06994e+09	-2.36144e+11	-2.69884e+11	-1.07963e+09	-7.38065e+09	-2.92679e+11	-1.25983e+10	-4.25854e+09	1.51947e+11
1.7e-10	-5.89637e+09	1.48832e+11	6.3584e+10	-1.45148e+09	1.47802e+11	2.35642e+10	-1.14082e+09	-7.4613e+10	1.52338e+11	-1.81455e+10	1.60658e+11	1.69424e+11	1.02272e+10	8.96251e+10	1.3973e+11
1.75e-10	-7.54244e+09	-1.41546e+11	-1.19155e+11	-6.02452e+09	-1.42914e+11	-1.51066e+11	-8.58649e+09	1.8072e+11	-1.67402e+10	-1.02315e+10	-1.69138e+11	3.9204e+10	-9.20644e+08	-3.11781e+11	1.60255e+10
1.8e-10	1.37804e+07	-1.52249e+11	4.369e+10	-1.95607e+10	-9.83878e+10	-5.16796e+10	1.08176e+10	-5.27138e+10	2.01775e+11	5.10951e+09	-3.0975e+10	-2.53887e+10	-2.06412e+10	1.59089e+10	3.11433e+11
1.85e-10	1.29796e+10	-1.02433e+11	2.41393e+11	-7.64052e+09	-2.13146e+11	7.55899e+10	1.32835e+09	1.10887e+10	8.89748e+10	1.7842e+09	-1.58077e+11	-2.48235e+11	-7.79968e+09	-1.82563e+11	2.19792e+10
1.9e-10	1.78929e+10	-2.1451e+11	2.44557e+11	6.55859e+09	-1.51939e+11	-1.35505e+11	-1.91576e+10	1.95425e+11	-1.68553e+11	-7.64704e+09	1.56054e+11	-4.88424e+11	5.22903e+09	-1.32335e+11	9.83091e+10
1.95e-10	-2.32143e+10	1.52924e+11	1.5257e+11	4.21388e+09	2.68789e+10	-1.39801e+11	-5.44061e+09	-1.01698e+11	-6.08533e+10	-4.31321e+08	-8.36964e+10	7.83772e+10	-1.04861e+10	1.46051e+11	-9.07728e+10
2e-10	3.14927e+09	-1.23356e+11	-1.49387e+11	2.41768e+08	-4.63559e+11	-5.77974e+10	2.15054e+09	1.00206e+11	2.4112e+10	-3.49718e+10	5.91494e+09	3.43935e+11	-1.13124e+10	-2.43286e+11	-1.53919e+11
2.05e-10	1.20852e+09	-2.08629e+11	-1.27932e+11	1.25116e+10	-1.05799e+11	-2.29849e+11	-1.43437e+10	-4.96858e+10	1.67583e+11	-1.22618e+09	7.00194e+10	-1.86745e+09	-3.87774e+09	-2.24387e+11	-3.52278e+11
2.1e-10	-1.34777e+10	-2.99045e+10	1.25379e+10	-3.75658e+09	-2.03383e+11	-9.48515e+10	7.49158e+09	-2.35673e+10	-5.05896e+10	1.36393e+10	3.68126e+10	-1.57601e+11	-1.77412e+08	6.74747e+10	-1.00613e+11
2.15e-10	-1.46739e+10	-8.55786e+10	-5.80539e+10	-1.24024e+10	-1.60379e+10	-8.56269e+10	-1.25662e+10	-4.24492e+10	-1.43018e+11	-5.62365e+09	8.43858e+10	1.64597e+11	-4.24903e+09	2.79507e+09	-1.96307e+10
2.2e-10	8.68828e+09	2.32378e+11	-2.26563e+11	-4.48339e+09	1.05884e+11	9.70613e+10	1.3413e+09	1.7673e+11	1.55208e+10	-1.22281e+09	-1.11177e+11	-3.5074e+10	6.78359e+09	-3.81768e+11	1.61897e+11
2.25e-10	2.06005e+10	2.7804e+11	-1.99277e+10	-5.70658e+09	-1.28806e+10	2.64096e+10	-7.35085e+09	1.98954e+11	1.19976e+11	9.94186e+09	9.00555e+10	-3.2536e+10	1.58728e+10	1.74703e+11	-2.06689e+11
2.3e-10	-5.30848e+09	1.19293e+11	-4.50481e+09	1.32706e+10	-2.30215e+11	1.41925e+11	3.28585e+09	-4.8874e+10	-1.74108e+11	-1.45656e+10	-1.73604e+11	-3.14631e+11	-7.02972e+09	-9.55716e+10	-2.21953e+10
2.35e-10	-1.30535e+10	-4.60262e+10	-1.12421e+11	3.59589e+09	-1.64312e+10	1.10042e+11	-3.37049e+10	2.01846e+11	-2.66345e+11	-7.34546e+09	-6.55147e+10	1.19657e+11	-5.44416e+09	-1.95996e+11	2.11278e+11
2.4e-10	-1.53844e+10	-7.88413e+10	-1.712e+10	-1.22992e+10	1.07081e+11	9.28912e+10	-1.1766e+09	-5.47677e+10	1.20424e+11	-1.60497e+10	1.49827e+11	-6.21471e+10	-1.16703e+10	7.62806e+09	7.75999e+10
2.45e-10	-2.07704e+08	-2.23929e+11	2.29546e+11	-3.60086e+09	-2.85073e+10	7.2167e+10	-7.65773e+09	2.79983e+10	2.1359e+11	-1.95292e+08	-1.10147e+11	1.08458e+11	-6.52736e+09	1.40236e+11	-9.47765e+10
2.5e-10	1.47652e+10	-2.24729e+11	1.45203e+11	-3.08358e+09	-8.63656e+09	1.65841e+11	9.81354e+09	3.86565e+10	1.4282e+11	-1.75188e+10	5.17967e+09	-2.57496e+11	-1.07715e+10	1.86315e+11	1.06526e+10
2.55e-10	1.0757e+10	-3.07042e+10	2.01486e+11	5.9774e+09	6.5024e+10	-5.05042e+10	-5.96603e+09	-1.38156e+11	-1.85761e+10	1.94041e+09	2.81649e+11	-1.01852e+11	-3.95061e+09	7.32847e+09	-1.16577e+11
2.6e-10	3.44323e+10	1.56566e+11	1.50786e+11	-1.91446e+10	1.15018e+11	-1.84865e+11	-5.34715e+09	5.10469e+10	-4.72754e+10	-2.21007e+10	-4.70024e+10	-2.34547e+11	-2.12788e+10	-7.96e+10	2.50933e+11
2.65e-10	1.8831e+10	1.62065e+11	8.673e+10	-1.11029e+10	-7.272e+10	2.20474e+11	-1.18919e+09	-6.34196e+10	1.20368e+11	6.43999e+09	1.47169e+11	2.76884e+11	-2.17488e+09	-3.67474e+11	1.02945e+11
2.7e-10	2.47968e+10	1.53009e+11	-3.00025e+11	4.07116e+09	-2.54283e+11	1.3965e+10	-6.94147e+09	-8.82596e+10	-1.3486e+11	1.00882e+10	-5.91892e+10	1.18102e+11	4.59679e+09	1.60133e+11	-1.21444e+11
