Mon Oct 21 13:58:14 2024

<base> : Rectangle : 0m, 0m, 0m; 2.5um, 50nm, 5nm. Cells : 500, 10, 1. Cellsize : 5nm, 5nm, 5nm
<supermesh> : Rectangle : 0m, 0m, 0m; 2.5um, 50nm, 5nm. Cells : 500, 10, 1. Cellsize : 5nm, 5nm, 5nm

Saved data (dataname (unit) <meshname> (cells_rectangle)) : 

time (s)	<mxdmdt> (1/s) <base> (300nm, 0m, 0m; 310nm, 50nm, 5nm)			<mxdmdt> (1/s) <base> (700nm, 0m, 0m; 710nm, 50nm, 5nm)			<mxdmdt> (1/s) <base> (1um, 0m, 0m; 1.01um, 50nm, 5nm)			<mxdmdt> (1/s) <base> (1.5um, 0m, 0m; 1.51um, 50nm, 5nm)			<mxdmdt> (1/s) <base> (2um, 0m, 0m; 2.01um, 50nm, 5nm)			

0	104003	186013	2.3876e+06	-49780.4	-1.48636e+06	-461769	-29892	-862688	72044.5	15595.1	545612	-412598	111820	1.03288e+06	60463.4
5e-12	1.1244e+10	9.70542e+10	1.36476e+10	8.56788e+09	-1.58303e+10	2.37975e+11	-2.0585e+10	-1.28218e+11	1.4237e+11	-3.95991e+10	-2.47157e+11	-2.87499e+10	-1.61798e+10	-1.42861e+10	-4.18404e+10
1e-11	-2.58493e+10	3.62191e+10	-1.35238e+11	1.11162e+10	-5.75893e+10	-2.66575e+11	-2.20527e+10	8.68222e+10	-5.91753e+09	1.97676e+10	1.21167e+11	-3.11553e+11	6.94422e+09	-6.79192e+10	1.43383e+11
1.5e-11	-1.10835e+10	-6.89449e+10	3.42654e+11	-1.15579e+10	1.15236e+11	-1.92309e+10	-1.94746e+10	-3.07972e+11	5.99299e+10	-2.17869e+10	-5.37451e+10	-4.90733e+11	-3.1406e+10	-1.77387e+11	-2.09472e+10
2e-11	9.84576e+08	-1.15354e+11	-3.64595e+10	1.26908e+10	-1.02746e+11	1.36328e+11	2.10432e+10	-4.26187e+10	-1.04933e+11	-1.27977e+09	-9.34615e+10	1.18355e+11	-1.35666e+10	4.2432e+10	1.51699e+11
2.5e-11	2.83013e+10	1.93694e+11	-2.56749e+10	2.48209e+10	-2.87428e+11	1.78174e+11	-5.71603e+09	-1.01594e+11	-2.00318e+10	2.99466e+09	1.11556e+11	-1.14008e+11	-9.01113e+09	1.69654e+11	-1.73536e+11
3e-11	-1.43439e+10	1.15474e+11	1.59091e+11	6.08728e+09	-3.77251e+10	3.12014e+11	-1.54154e+10	-7.97582e+10	9.85442e+10	7.61339e+09	2.83561e+11	-2.01058e+11	-1.72068e+10	1.84998e+11	-1.22545e+11
3.5e-11	-2.73078e+09	8.68017e+10	-1.56499e+11	5.75035e+09	-9.28554e+10	-2.23423e+11	1.00103e+10	-1.12978e+11	1.11818e+11	-1.79184e+10	-2.29357e+11	3.15706e+10	4.55139e+09	-1.84657e+11	-1.47939e+11
4e-11	-1.25338e+10	-2.61383e+11	-1.51102e+11	-1.68663e+10	-1.54484e+11	1.60124e+11	-1.70963e+10	3.25556e+10	1.04631e+11	1.07929e+10	1.14836e+11	-2.78835e+11	-1.65291e+10	-1.00156e+11	1.63375e+11
4.5e-11	-4.65187e+09	-1.86064e+11	9.45833e+10	3.74645e+09	3.40766e+10	1.44087e+11	9.7697e+09	7.2263e+09	-5.98118e+10	-2.22661e+10	2.31233e+11	2.01834e+11	-1.34815e+10	-3.36157e+11	3.01649e+11
5e-11	-2.03221e+10	-1.26137e+11	1.6231e+11	-2.08796e+10	1.2407e+11	-6.77666e+10	-9.4478e+09	1.19775e+11	-4.53619e+10	-5.30498e+09	1.19869e+11	3.31373e+10	-3.40947e+09	-9.84267e+10	2.37485e+09
5.5e-11	-3.74155e+08	1.7519e+10	-1.61629e+11	-1.12199e+10	5.84797e+08	-1.39036e+11	-6.0618e+09	7.36904e+10	-6.622e+10	-6.07059e+09	7.50813e+09	1.26362e+11	2.65863e+09	4.56784e+10	-1.06488e+11
6e-11	-2.62884e+09	-1.12543e+11	-1.63592e+11	2.21139e+10	3.03784e+11	-2.30247e+11	3.18387e+09	2.64694e+10	-4.14503e+10	-9.93679e+09	5.36342e+10	-1.37245e+11	-1.01098e+10	1.84635e+11	-1.66047e+11
6.5e-11	4.50509e+10	-1.78683e+11	-1.16409e+11	-1.27355e+10	1.69478e+11	-7.66239e+10	2.26918e+10	1.67091e+11	3.90173e+11	-1.58887e+10	-1.97763e+09	9.77965e+09	-1.69268e+09	-6.45094e+10	-2.03858e+11
7e-11	-5.89384e+09	-4.00776e+10	2.6244e+11	-1.64993e+09	5.29201e+10	1.48614e+10	-1.63771e+10	5.6288e+10	-8.55973e+10	-5.41828e+09	1.30322e+11	1.50383e+10	-2.11117e+08	5.03211e+10	7.96712e+09
7.5e-11	-3.39272e+09	-3.35239e+10	2.77815e+09	-5.19103e+09	5.09286e+10	-1.28335e+11	-1.83566e+10	1.10552e+11	8.44488e+10	-6.00429e+09	-1.85588e+10	2.13429e+11	-1.53879e+10	-1.76762e+11	2.26622e+10
8e-11	4.42481e+09	-4.04244e+10	-1.48267e+10	3.33357e+08	-9.2261e+10	-1.96925e+11	-6.98773e+09	-1.99769e+10	1.92238e+10	-7.53663e+09	1.73549e+11	-5.5318e+10	1.46376e+10	1.83222e+11	1.49314e+11
8.5e-11	-1.52536e+09	2.38085e+11	2.31607e+10	-8.78006e+09	-5.56699e+09	9.7318e+10	-3.63176e+10	2.03429e+11	-1.64781e+11	-1.93188e+09	-6.99996e+10	6.11207e+10	4.48906e+09	2.42872e+10	-1.79875e+10
9e-11	-1.14192e+10	3.26187e+10	2.10274e+11	5.27205e+08	3.60573e+10	4.68465e+10	2.29215e+10	-1.30977e+11	2.90793e+11	-1.24845e+10	3.71455e+10	-7.46283e+10	-8.28008e+09	8.66101e+10	-1.69776e+10
9.5e-11	1.12143e+10	-2.14051e+10	-1.40277e+11	-1.57162e+10	-3.59826e+10	1.71241e+10	-8.21133e+09	8.3362e+10	-5.59725e+10	7.78536e+09	-7.20003e+10	1.51381e+11	-5.60691e+09	3.29961e+10	1.05414e+11
1e-10	1.91862e+10	5.51424e+09	-1.66299e+11	5.08712e+09	1.12454e+10	-9.19538e+10	2.10761e+09	-2.53157e+10	2.64429e+11	-8.10147e+09	-1.70754e+11	2.46649e+11	-8.1703e+09	8.6267e+09	6.62079e+10
1.05e-10	9.7631e+10	-2.69739e+11	-5.77244e+11	1.10918e+10	-1.54117e+10	-2.382e+11	-7.96894e+09	-6.98745e+10	3.31538e+10	-7.09436e+09	-7.57501e+10	-1.62093e+11	-1.3125e+10	-6.23749e+10	1.67287e+11
1.1e-10	1.7576e+09	-2.74952e+11	2.99603e+10	-1.43463e+10	-7.81002e+10	-6.39018e+10	5.9716e+09	-4.44791e+11	-3.02881e+10	-1.30354e+10	1.16949e+11	-2.93281e+10	1.19883e+10	1.91005e+10	3.79953e+11
1.15e-10	1.81117e+10	-3.47642e+11	-2.04518e+11	-2.37365e+10	5.82705e+10	8.27064e+10	1.63057e+09	-3.50949e+11	1.75046e+11	4.60599e+09	7.83052e+10	-9.62731e+10	-1.9863e+09	6.48402e+10	-4.12142e+09
1.2e-10	7.21764e+08	8.55047e+10	-2.42447e+11	-9.09613e+08	1.48144e+10	1.45039e+11	2.16602e+10	-8.05411e+10	-5.13507e+10	-1.67247e+10	-2.60355e+11	1.96573e+11	2.09599e+09	-7.69272e+10	1.76623e+11
1.25e-10	3.01509e+10	-6.62792e+10	-3.42171e+11	-2.17423e+10	-1.72916e+11	-1.3319e+11	-1.03817e+10	1.97201e+11	-3.74295e+10	3.42838e+09	-1.33272e+11	-1.46355e+11	8.48493e+09	3.9774e+10	-2.35555e+11
1.3e-10	4.75907e+09	3.58328e+11	-6.15119e+10	1.33962e+09	-2.56428e+11	-1.457e+10	2.1253e+08	-3.95926e+10	4.75187e+10	4.89702e+09	-2.16443e+11	-1.024e+11	-1.14756e+10	-6.4156e+09	1.74466e+11
1.35e-10	3.29208e+10	-3.36555e+11	-9.58065e+10	-4.39649e+09	2.62174e+11	-4.52241e+10	-9.99734e+09	2.90305e+11	-1.52008e+10	-2.34666e+09	-8.73792e+10	-2.56357e+11	-5.17829e+09	-5.76794e+10	-7.81191e+10
1.4e-10	1.25457e+10	1.65049e+11	-4.38939e+10	-2.11967e+10	4.03325e+11	5.74499e+10	-4.44244e+09	-8.6356e+10	1.21918e+11	-9.30847e+09	4.06998e+10	-1.02872e+11	1.41254e+10	6.01003e+10	-1.80124e+11
1.45e-10	6.83789e+10	-1.37196e+11	-2.53795e+11	-1.96612e+09	1.13621e+11	5.91404e+10	-6.47173e+09	-1.9848e+11	3.65922e+10	4.20925e+09	-4.52223e+10	-2.56885e+11	8.59912e+08	-7.85776e+10	1.06039e+11
1.5e-10	3.90963e+09	1.19703e+11	1.79559e+11	-1.85303e+10	-1.20013e+11	-1.39834e+11	-1.90441e+10	4.79802e+10	-1.18612e+11	3.92783e+09	-3.60776e+10	-2.55834e+10	3.58067e+10	-2.02849e+11	-3.0111e+11
1.55e-10	3.90952e+10	2.87795e+11	-1.61164e+11	1.1473e+10	-6.1648e+10	1.85028e+11	-1.72966e+10	-5.85261e+10	-2.82069e+11	2.47618e+08	-8.07015e+10	-3.05238e+09	-3.1802e+10	-1.88177e+10	1.69033e+11
1.6e-10	3.15455e+09	-3.58965e+10	-1.04876e+10	7.50532e+08	2.47625e+11	-1.55592e+10	-8.55886e+09	-8.90942e+10	-1.36226e+11	-2.19694e+10	-3.93378e+10	1.44698e+11	-1.1273e+10	3.10098e+10	-2.0666e+10
1.65e-10	5.8158e+08	-1.46918e+11	-1.36017e+11	-1.8483e+10	-1.40737e+11	-5.96298e+10	-1.3719e+10	4.81463e+10	-1.41997e+10	-9.05057e+09	5.3097e+10	-1.13907e+10	-4.26098e+09	2.55709e+11	2.82973e+10
1.7e-10	-9.42867e+09	9.86164e+10	-9.73682e+10	-6.19462e+09	3.05345e+10	1.35398e+11	1.88247e+10	-1.24422e+11	-1.35373e+11	-2.11025e+10	2.87215e+09	6.69615e+10	-5.60759e+09	1.14778e+11	1.3575e+11
1.75e-10	8.79604e+09	-8.63072e+10	3.39634e+10	2.08476e+10	-3.21234e+10	2.58842e+11	1.71184e+10	-1.07959e+11	-2.48536e+11	-2.10806e+09	9.63981e+10	1.26149e+10	-2.18128e+10	1.59206e+11	-1.45227e+11
1.8e-10	-4.2766e+09	3.58961e+10	3.13467e+10	-6.95451e+09	2.1043e+11	1.37553e+10	2.95433e+10	-1.07903e+11	-3.08074e+11	-5.2084e+09	-5.23285e+09	3.09873e+11	9.56822e+09	1.86314e+10	-1.68733e+11
1.85e-10	3.07656e+10	-2.1535e+11	1.3008e+11	-2.50002e+10	-2.15702e+11	-2.31937e+11	-2.42818e+10	-8.89644e+10	8.03204e+09	1.54495e+10	6.71635e+09	1.41786e+11	-1.06697e+10	-1.82294e+11	1.77685e+10
1.9e-10	-1.35432e+09	2.7296e+11	8.85005e+10	8.74615e+09	2.99013e+11	3.88607e+10	-9.76428e+09	4.78539e+10	-3.52598e+10	-6.92173e+09	1.62024e+11	-1.12803e+11	1.055e+10	-1.11779e+10	-8.13368e+10
1.95e-10	2.06092e+09	-6.28898e+10	-4.41234e+10	-6.31807e+09	-1.87995e+10	-1.81407e+11	-7.70135e+09	-5.69756e+10	-1.4667e+10	6.2169e+09	1.53838e+11	1.50536e+10	-3.02468e+09	2.23003e+11	-7.83196e+10
2e-10	-2.22803e+10	2.68531e+11	-8.64867e+10	-7.85815e+08	8.86469e+10	-4.85415e+10	-1.89313e+10	8.997e+10	-7.17455e+10	1.80368e+10	1.34857e+11	-1.32459e+10	3.71449e+09	-2.80225e+11	-2.24941e+11
2.05e-10	5.11562e+10	-1.67146e+11	-3.26231e+11	-1.02759e+09	-1.60146e+11	-2.79614e+11	-1.1355e+09	1.24367e+11	3.04246e+10	-2.17656e+10	-2.75239e+10	1.09553e+11	-1.07397e+10	-1.73457e+11	-1.43132e+11
2.1e-10	1.17106e+10	-3.69347e+10	-1.37892e+10	1.07039e+09	2.39139e+11	-6.79266e+10	6.45092e+09	-6.39692e+10	1.67519e+11	-3.18865e+09	-2.13264e+11	9.08564e+10	-7.66358e+09	-1.83238e+11	5.85514e+10
2.15e-10	-2.39766e+10	8.77666e+10	2.96578e+10	1.47172e+09	9.40093e+10	8.94294e+10	9.61995e+09	3.10618e+11	6.08074e+10	-1.73052e+10	1.51428e+11	-2.94018e+11	5.20227e+08	3.13224e+10	-1.29501e+11
2.2e-10	2.46718e+10	1.86535e+11	2.16116e+11	8.60694e+09	3.92141e+10	-1.19064e+11	-5.78689e+09	-3.94734e+10	6.07258e+10	3.19167e+09	3.006e+11	6.33173e+10	4.20232e+10	2.82877e+11	-2.3189e+11
2.25e-10	-1.74697e+10	-1.99997e+11	-7.55948e+10	7.55575e+09	-1.28209e+11	-3.72583e+11	-1.14285e+10	-3.28635e+10	2.21396e+10	-2.23149e+10	-8.75244e+10	1.07956e+11	2.11665e+10	3.92694e+10	-2.39713e+11
2.3e-10	-1.9269e+09	1.83681e+11	-1.39456e+09	1.85849e+10	-2.15977e+11	-6.59764e+10	-1.40315e+10	-8.09367e+10	9.29364e+10	-5.64965e+09	4.12958e+10	-1.96342e+10	-8.2138e+09	1.72873e+11	-4.32306e+09
2.35e-10	2.10559e+10	2.7313e+10	-3.80449e+11	1.71736e+10	-2.43947e+11	2.36807e+11	5.4828e+09	1.38335e+11	5.35576e+10	2.12145e+10	2.31237e+11	-3.05617e+11	7.39915e+09	-2.24084e+10	1.98995e+11
2.4e-10	-6.16668e+08	3.24194e+11	-1.73985e+11	-1.6648e+10	9.15856e+10	5.49067e+10	-1.98832e+10	1.1091e+11	9.84175e+09	-1.10046e+10	1.1154e+11	2.33587e+11	-9.78973e+09	-1.20283e+11	-1.09137e+11
2.45e-10	3.16454e+08	2.26379e+11	2.69125e+11	2.26608e+10	2.62444e+11	2.13628e+11	-3.39355e+09	-5.21351e+10	5.31345e+10	-1.25395e+10	1.00087e+11	3.65239e+10	7.46215e+09	1.56128e+11	5.07327e+10
2.5e-10	1.9386e+09	1.14893e+11	-1.24093e+11	-1.47396e+10	-1.12751e+11	-4.84503e+10	5.56238e+09	7.69688e+10	1.32854e+11	-1.44206e+10	4.78407e+10	-2.04046e+11	-2.03513e+09	-5.25618e+10	2.1116e+11
2.55e-10	2.34358e+10	1.1892e+11	-3.78362e+11	-1.13386e+10	-2.41222e+10	1.54357e+11	-1.20771e+10	1.30322e+11	2.08356e+11	-1.38449e+10	5.82687e+10	-6.76565e+10	-4.1972e+09	1.48047e+11	-6.10472e+10
2.6e-10	5.34213e+10	2.03807e+11	-3.00001e+11	1.28902e+10	-2.09456e+11	-1.18384e+11	1.22996e+10	-2.9705e+11	1.62452e+11	-6.66927e+09	1.68035e+11	8.28014e+10	-1.20262e+10	2.98639e+10	-1.76107e+10
2.65e-10	4.38153e+10	2.59971e+11	-6.96425e+10	-3.76922e+09	-3.31672e+10	9.35779e+10	-4.74556e+09	8.66133e+10	2.1278e+11	-6.76966e+09	2.17561e+11	-8.48629e+10	-1.30884e+10	2.37864e+11	-1.96629e+11
2.7e-10	1.06794e+10	1.19853e+11	-2.75573e+10	5.59301e+09	7.27258e+10	5.12108e+10	1.20466e+10	-3.90245e+11	5.92861e+10	-2.02829e+10	6.91663e+10	2.26344e+11	-2.33223e+09	2.96242e+10	6.80455e+10
2.75e-10	5.82799e+09	-1.71643e+10	-4.35114e+10	-2.0052e+10	-1.17236e+11	-1.35233e+10	-7.50611e+09	3.36993e+10	1.0269e+11	-1.58192e+10	-4.17425e+10	-3.95287e+10	-1.03203e+10	4.21572e+10	2.07601e+09
2.8e-10	-1.2281e+09	2.24105e+10	4.97797e+10	-3.36086e+09	3.5517e+10	1.53101e+11	6.87767e+08	-1.52001e+11	-4.92854e+10	2.40827e+10	-4.69645e+10	-1.37322e+11	-1.33132e+10	-1.76667e+11	-3.10866e+10
2.85e-10	-4.79154e+09	-3.33051e+10	-2.16917e+11	8.64504e+09	8.7866e+10	3.85102e+10	-7.95702e+08	2.1504e+10	-9.10625e+10	1.18686e+08	-2.60712e+11	-1.29015e+10	-6.54193e+09	4.4639e+10	-1.65007e+10
2.9e-10	8.96064e+09	3.10001e+09	-1.63503e+11	1.21421e+09	3.22231e+10	9.90307e+10	-2.36281e+10	9.90663e+10	1.3114e+11	-1.35545e+10	1.47233e+11	3.38322e+10	3.57082e+09	-4.89423e+10	1.39147e+11
2.95e-10	4.8099e+10	3.16186e+11	3.20175e+10	9.87635e+09	-5.15131e+10	3.86096e+11	2.26796e+10	-2.75014e+11	-1.76632e+11	-1.20788e+10	-2.51511e+10	2.21474e+11	-2.47117e+10	1.53109e+11	-2.00488e+11
3e-10	1.83044e+10	3.36601e+10	-1.45418e+11	-3.19583e+10	8.06277e+10	-3.16873e+11	-9.32538e+09	-2.32419e+11	1.93691e+10	-1.20981e+10	1.81697e+11	3.78045e+10	1.49893e+10	-1.99199e+11	-1.90449e+11
3.05e-10	2.95565e+10	5.85396e+10	-2.17235e+11	2.53004e+10	-5.18487e+10	1.87005e+11	3.44333e+10	8.23466e+10	-2.87805e+11	9.08037e+09	-9.40325e+10	-1.09447e+11	-1.09187e+09	-9.77762e+10	1.05305e+10
3.1e-10	9.53475e+09	1.14509e+11	-5.83551e+10	-5.21701e+09	2.44903e+11	9.68749e+10	2.19486e+10	-1.9791e+11	-8.276e+10	2.94471e+10	-1.81656e+11	-2.78497e+11	-2.20611e+10	5.07645e+10	-7.72706e+09
3.15e-10	8.4613e+09	8.58697e+10	-1.63343e+11	-1.34786e+10	7.19664e+10	-1.07839e+11	-1.725e+09	-7.23428e+10	-1.46597e+11	-2.90261e+10	9.23762e+10	2.21278e+11	1.48387e+10	1.11212e+11	-6.18214e+10
3.2e-10	-7.75011e+09	-4.06486e+10	7.88004e+09	4.13301e+09	-3.87292e+10	1.8007e+10	6.44541e+09	-2.17959e+11	-1.68459e+11	1.29778e+10	-5.30771e+10	-1.86031e+11	1.29157e+09	3.11605e+10	-6.20414e+10
3.25e-10	1.67919e+10	-7.37841e+10	1.37288e+11	5.21885e+09	2.11599e+11	4.93906e+10	-6.59241e+07	1.87073e+11	-8.93847e+10	-9.33656e+09	3.28779e+11	-1.78907e+11	-4.21446e+09	-4.20627e+09	-1.12453e+11
3.3e-10	1.33541e+10	2.18626e+11	-1.04581e+11	7.44112e+08	1.67757e+11	2.58592e+11	-1.36056e+10	-1.16615e+10	-1.68891e+10	-1.40335e+10	-1.22774e+11	-8.23738e+10	2.17815e+10	2.38975e+11	-2.45948e+11
3.35e-10	3.47338e+09	4.50764e+10	5.73168e+10	-6.03979e+09	1.05696e+10	-2.55984e+10	-7.68891e+09	6.38568e+09	-3.30056e+10	5.5159e+09	6.62895e+10	-1.7448e+11	-8.95296e+09	-3.88463e+09	9.71963e+10
3.4e-10	-1.4393e+10	-9.30235e+10	1.1017e+11	1.5171e+10	-3.26979e+11	-5.3946e+10	-1.99536e+10	-3.00819e+10	2.05646e+11	8.3585e+08	2.1351e+10	-1.02954e+11	-3.99173e+09	2.27e+10	1.9736e+10
3.45e-10	-9.06485e+09	1.97856e+11	6.85836e+10	1.75758e+10	-1.77517e+11	-1.82232e+10	-1.36796e+10	-2.74144e+11	8.69538e+10	1.69709e+08	-1.39557e+11	1.25212e+11	-3.49332e+09	-2.86601e+09	4.66926e+10
3.5e-10	4.04106e+08	-5.22952e+09	-9.01403e+10	1.97386e+10	-1.67198e+11	-2.92321e+10	-2.73687e+10	-1.25058e+10	-2.84137e+11	1.0356e+10	2.86457e+11	1.09772e+11	-1.22925e+10	-5.55414e+10	3.54167e+11
3.55e-10	2.64833e+09	-1.75956e+11	4.10695e+10	-3.44603e+09	-7.63771e+10	-5.371e+10	8.32652e+09	1.31071e+11	1.1342e+11	7.07753e+08	1.16433e+10	9.16084e+10	-8.83876e+09	1.46713e+11	4.56947e+10
3.6e-10	4.81054e+10	-4.23561e+11	1.63815e+11	1.77904e+10	-5.50751e+10	-2.03714e+11	-1.72244e+10	-1.92974e+11	1.68604e+10	-8.80828e+09	1.83901e+11	-2.38301e+10	-1.3952e+09	1.28025e+11	1.98494e+11
3.65e-10	-7.76704e+08	-2.79274e+11	-2.47766e+10	1.34352e+09	-2.96386e+11	-1.1875e+11	6.48536e+09	-4.62686e+10	2.12371e+11	-8.56744e+08	-4.56469e+10	2.10398e+11	-1.28736e+10	1.23345e+11	1.41125e+11
3.7e-10	8.49918e+09	-1.28055e+11	-2.85711e+11	1.45587e+10	8.57546e+10	-1.05432e+11	-2.63072e+09	-1.07128e+11	8.90092e+10	2.00528e+09	-1.30549e+11	-2.50002e+10	1.6092e+09	1.45704e+11	1.49063e+10
3.75e-10	-1.70256e+09	6.52905e+10	2.3618e+10	1.40248e+10	-1.83794e+11	-1.00418e+11	1.4338e+10	1.35213e+10	2.07741e+11	5.3972e+09	1.51966e+11	1.88529e+11	-2.99963e+10	-1.44364e+11	-3.31206e+11
3.8e-10	4.82237e+09	-2.80895e+10	-1.41116e+11	-1.10477e+10	4.84772e+10	-4.83454e+10	1.72582e+10	-3.06563e+11	3.54525e+10	1.03849e+09	-1.01806e+11	4.413e+10	4.09212e+09	-4.44407e+10	-5.9515e+10
3.85e-10	1.19856e+10	1.48959e+11	-1.54416e+11	2.27355e+09	3.56089e+11	7.06655e+10	5.14431e+09	-1.01469e+11	1.14022e+11	-1.32563e+10	-1.14834e+10	1.28957e+11	-9.82825e+09	7.86598e+10	5.58284e+10
3.9e-10	1.35989e+10	-1.32512e+11	-4.04266e+10	-6.78847e+09	-1.23166e+09	8.92259e+09	-1.69805e+10	2.01997e+10	1.1806e+11	1.22962e+10	-1.51246e+11	2.17385e+11	-8.34646e+09	1.13421e+11	-7.42603e+09
3.95e-10	1.20373e+10	2.04384e+11	-2.60244e+11	-1.96004e+09	8.0536e+10	2.53496e+10	1.88744e+10	1.82691e+10	-2.41731e+11	5.85808e+09	-1.52403e+11	1.09818e+10	-5.16888e+09	-3.78142e+10	4.12195e+10
4e-10	7.8832e+09	5.12148e+11	-4.38753e+10	-3.2876e+10	-2.2878e+11	-1.69627e+11	-3.92188e+09	3.40996e+11	-1.25023e+11	-1.08697e+10	3.04957e+11	-1.99689e+11	-7.30056e+09	2.12209e+11	-9.51394e+10
4.05e-10	2.08105e+10	1.67677e+11	-1.7702e+11	2.88192e+10	1.97089e+11	1.23876e+11	1.27465e+10	-4.35055e+10	-1.53022e+11	-1.49476e+10	1.81122e+11	1.98559e+10	-4.082e+09	4.07392e+10	7.44851e+09
4.1e-10	-3.36493e+09	2.46427e+11	6.53607e+10	-3.27413e+09	-2.29633e+10	-4.12368e+10	3.23875e+10	-4.45251e+11	-2.60796e+11	-4.44647e+09	-6.59836e+10	9.98735e+10	-4.56532e+09	-3.73697e+10	-1.66047e+11
4.15e-10	4.47282e+10	1.20862e+11	-1.8894e+11	-3.38542e+09	2.39915e+11	5.88466e+10	-1.09606e+10	5.06387e+10	4.01939e+10	-6.56481e+09	1.36302e+11	-2.24997e+11	-1.58476e+10	1.86975e+11	1.62184e+11
4.2e-10	3.33207e+10	3.23311e+10	-2.72036e+11	1.4988e+10	-3.62177e+10	3.05887e+11	9.19911e+09	1.82198e+11	-2.28554e+10	4.08205e+09	-1.40231e+11	2.7524e+11	-1.16982e+09	1.01446e+11	7.55192e+10
4.25e-10	1.05031e+10	-1.20784e+11	-1.85341e+10	7.39996e+09	-1.0594e+11	2.48699e+11	2.03907e+09	1.6721e+11	2.38826e+11	-1.37892e+10	3.26663e+10	-1.93914e+11	-6.2582e+09	2.01085e+11	-7.19389e+10
4.3e-10	2.53344e+10	1.19386e+11	2.08075e+11	1.19207e+10	1.60929e+10	2.56469e+11	1.12356e+10	-2.37307e+11	-1.21997e+11	9.84843e+09	-3.09137e+11	-9.81076e+10	-2.00555e+10	-1.91084e+11	3.66747e+10
4.35e-10	5.01125e+10	-4.69751e+10	3.38999e+11	-3.5077e+09	1.24682e+11	-1.22361e+10	-2.27284e+10	1.04325e+11	6.77557e+10	-1.87428e+10	2.91852e+11	-5.48865e+10	5.82056e+08	-3.7835e+10	-1.03162e+11
4.4e-10	4.75185e+10	1.87799e+11	1.66637e+11	-6.89419e+09	3.73957e+10	-2.83869e+10	-4.14122e+09	-1.72216e+11	-2.63925e+10	-1.72782e+10	-1.94455e+11	9.96496e+10	1.37983e+10	2.01519e+11	3.36861e+11
4.45e-10	-3.78033e+09	8.73167e+10	-2.53493e+10	-2.52164e+10	-1.15059e+11	3.68502e+11	-8.30603e+09	3.102e+10	1.17068e+11	-1.02395e+09	1.75449e+11	-1.12247e+11	-2.66025e+09	-3.53469e+10	1.32856e+11
4.5e-10	1.53234e+10	-2.51677e+11	-1.1453e+10	9.05408e+09	-3.41303e+11	1.86109e+09	-2.67867e+10	1.09688e+11	2.33579e+11	-8.6136e+09	1.77769e+10	-8.75839e+10	-2.00187e+10	-5.18653e+10	6.69373e+10
4.55e-10	5.8947e+09	-2.51124e+10	-1.03138e+11	-3.39327e+09	-4.70267e+10	-6.02132e+10	-3.94903e+09	-2.51356e+09	1.32736e+11	-4.66134e+09	1.11278e+11	1.06799e+11	-2.52892e+10	7.41699e+10	4.18463e+10
4.6e-10	-2.37594e+09	3.35861e+10	1.45159e+11	-5.57155e+09	2.37865e+11	-6.83974e+10	4.50689e+09	6.88275e+10	3.08399e+09	-8.99146e+09	1.12264e+10	8.07723e+10	-2.73056e+10	3.18757e+11	-3.92314e+11
4.65e-10	-1.51482e+10	-1.94135e+11	-1.48675e+11	1.52981e+09	-2.27365e+11	1.85196e+11	-1.6516e+10	2.1647e+11	1.28863e+11	-1.62361e+10	-2.14919e+11	-3.27149e+11	-1.0074e+10	1.21618e+11	-5.07112e+10
4.7e-10	9.27003e+09	-2.93378e+11	1.50776e+11	3.97872e+09	8.51551e+10	1.72941e+10	-5.11486e+09	-3.88472e+10	-1.48429e+11	-8.70692e+09	-6.06064e+09	-1.45214e+11	8.67208e+09	2.08295e+11	8.03719e+10
4.75e-10	1.64312e+10	1.07204e+09	1.37025e+11	-3.67007e+10	4.30206e+11	2.24907e+11	-1.21649e+10	-1.7967e+10	9.28656e+10	2.12163e+10	2.73649e+11	4.28372e+11	-5.66308e+09	-8.08242e+10	-3.42591e+10
4.8e-10	4.32338e+08	-1.30885e+11	-1.15473e+11	-3.33995e+09	-2.67368e+09	-1.45199e+10	-6.03519e+09	1.22336e+11	3.65894e+11	5.75846e+09	-2.17861e+11	3.98679e+10	-7.06265e+09	-5.10247e+10	-9.71302e+10
4.85e-10	2.69862e+10	-3.38191e+10	-2.08987e+11	1.5485e+09	-4.0755e+10	2.80536e+10	1.44659e+10	2.42874e+11	1.40059e+11	-4.20338e+09	-6.90517e+10	4.10641e+10	-2.85616e+10	1.99217e+11	-1.98779e+11
4.9e-10	4.37297e+07	-1.091e+11	4.85292e+10	-4.91503e+09	1.22279e+11	-9.04316e+09	-2.93446e+09	-7.12713e+10	1.29611e+10	-9.41754e+09	-4.73348e+10	1.62135e+11	-1.3487e+10	6.81294e+10	-7.72503e+10
4.95e-10	-2.06036e+10	4.48645e+10	-1.50718e+11	-8.48653e+09	8.88577e+10	-2.69985e+11	-6.26248e+09	-8.08406e+09	1.08062e+10	7.18801e+09	3.63125e+10	5.99648e+10	5.05474e+09	-1.52763e+11	9.87225e+10
5e-10	-4.59427e+09	-1.41831e+10	9.41596e+09	-6.56037e+09	-1.07676e+10	4.92963e+10	8.94315e+09	-1.55377e+11	-2.78558e+11	-1.39124e+10	-5.33682e+10	-1.5054e+11	-1.49939e+10	4.18323e+10	2.80426e+11
5.05e-10	2.81734e+10	2.47448e+11	-1.27104e+11	-2.40403e+10	6.65205e+10	1.82819e+11	-6.49644e+08	-2.3471e+10	1.19215e+11	-4.35168e+09	-1.19487e+11	-8.70875e+10	-1.24531e+10	3.27117e+11	1.31376e+11
5.1e-10	-2.13167e+10	-9.9564e+09	1.89459e+11	-8.82293e+09	-1.49628e+11	1.53744e+11	-7.69237e+08	-1.2309e+11	1.26279e+11	-8.67461e+08	1.5175e+11	-8.15563e+10	-5.83436e+09	-1.49824e+11	-8.41679e+10
5.15e-10	4.84871e+10	3.76992e+11	-2.4252e+10	-5.8279e+09	-5.01873e+10	1.35987e+11	-2.10717e+10	-7.03977e+10	-1.34661e+11	2.17011e+08	-1.04304e+10	9.22848e+10	1.70569e+10	-1.58584e+11	-2.40067e+11
5.2e-10	1.61508e+09	-5.17e+10	-8.07717e+10	1.53724e+10	-4.92903e+09	2.10948e+11	1.08342e+10	6.51177e+09	7.14203e+09	5.36513e+08	-9.70388e+10	6.29835e+10	4.2917e+09	1.84156e+11	1.78394e+11
5.25e-10	1.00684e+09	-2.13e+10	1.54346e+10	-1.23694e+09	5.12386e+10	-3.64033e+10	-1.3761e+10	1.82562e+11	2.43254e+10	-1.55848e+10	6.70009e+10	3.20794e+10	4.4339e+09	3.2206e+10	2.22515e+11
5.3e-10	2.25758e+10	2.10338e+11	-3.38118e+10	5.04132e+09	1.53884e+11	-7.51305e+10	9.49648e+09	-2.25223e+11	-1.00711e+10	1.57947e+10	-1.88383e+11	2.34022e+11	-1.2353e+10	-7.07586e+10	-3.17884e+11
5.35e-10	1.97125e+10	1.45426e+11	-4.47598e+10	-7.66674e+09	-1.04543e+11	1.87389e+11	-8.97896e+09	-2.45878e+10	-1.7315e+11	-3.14872e+09	-1.74215e+11	6.98961e+09	-1.49256e+09	6.97743e+10	-3.70711e+10
5.4e-10	3.93316e+10	2.16933e+11	1.82801e+10	-1.22951e+09	8.71994e+10	-8.15235e+08	-6.82243e+09	1.25657e+11	3.62189e+10	5.46952e+08	1.65344e+11	-5.36795e+10	1.73206e+10	-2.4109e+10	-1.85173e+11
5.45e-10	1.37265e+10	1.66175e+11	2.67471e+11	1.03688e+10	-2.07887e+11	1.12262e+11	-6.3759e+09	2.09467e+11	6.93096e+10	1.70949e+10	2.86657e+11	-1.93642e+11	1.04893e+10	-8.2317e+10	1.656e+11
5.5e-10	4.18033e+10	2.05948e+11	-1.1539e+11	-2.40508e+09	2.64055e+11	-1.19751e+11	3.9461e+09	8.04944e+10	-1.74954e+11	3.43008e+09	-3.49498e+10	-6.88149e+10	2.26058e+09	-1.27289e+11	2.23879e+11
5.55e-10	2.91125e+10	9.07006e+10	-1.32378e+11	-1.43065e+08	-7.72946e+10	3.00014e+11	-1.90738e+10	-6.04048e+10	2.25255e+11	-4.85739e+09	-2.39097e+11	7.35411e+10	-4.76416e+08	-6.96072e+10	7.80907e+10
5.6e-10	5.4699e+09	-4.0685e+10	2.59602e+10	3.74313e+10	-3.0028e+11	3.09133e+11	-1.79169e+10	1.88006e+11	8.51493e+10	-3.24911e+09	-3.25348e+10	-8.29422e+09	5.88295e+08	-4.45971e+10	4.28076e+10
5.65e-10	8.22905e+08	2.00641e+11	-6.69044e+10	3.31475e+09	-9.99517e+10	1.33799e+11	-1.88841e+10	-2.38074e+11	1.14254e+11	-1.36777e+10	7.39516e+10	2.9771e+11	-1.26686e+10	8.55502e+10	9.16842e+09
5.7e-10	2.95609e+10	1.94851e+11	-4.77952e+10	2.2217e+10	-1.47811e+11	2.20243e+11	3.14351e+09	-1.10723e+11	-1.9441e+11	-2.55586e+10	-3.83099e+11	-1.1806e+11	-1.2661e+10	2.92309e+10	9.61269e+08
5.75e-10	3.57952e+10	2.03783e+11	-1.14178e+11	-4.24657e+09	-7.39308e+10	3.74859e+11	-8.00294e+09	-1.45764e+11	-5.64473e+10	5.79793e+09	3.09458e+10	-1.729e+11	1.81882e+09	1.14097e+11	9.51474e+10
5.8e-10	3.63261e+10	1.89135e+11	7.91564e+10	-1.32061e+10	5.77813e+10	1.8789e+10	-4.80588e+09	-1.14599e+11	4.11978e+10	-8.91682e+09	2.04639e+11	-2.28248e+11	-6.51133e+09	-2.34527e+10	1.86857e+11
5.85e-10	1.61261e+10	1.12876e+11	6.85767e+10	2.95496e+09	-1.13959e+11	8.0367e+10	2.05257e+10	-2.35682e+11	-2.68501e+11	-8.3286e+09	2.45067e+11	-1.68448e+11	-1.34709e+09	1.09935e+11	-1.02561e+11
5.9e-10	1.47982e+10	-1.73731e+11	9.80257e+10	-1.80984e+09	-2.75111e+11	-3.3666e+10	-1.43856e+10	1.54585e+11	1.07407e+11	-9.72618e+09	-5.88252e+10	-1.22736e+11	-4.97256e+09	6.03585e+10	9.14355e+10
5.95e-10	3.4325e+10	-2.1961e+11	5.15563e+11	-2.36116e+10	5.77081e+10	-1.3147e+11	1.20003e+10	-5.83805e+09	-9.57464e+10	-2.80944e+10	9.77959e+10	2.48442e+11	8.25986e+09	2.0378e+10	2.70334e+11
6e-10	4.47476e+10	1.56941e+11	2.55714e+11	-7.05119e+09	4.41784e+10	-2.08165e+11	4.31765e+09	2.31083e+11	-1.36602e+11	1.52475e+09	1.92217e+11	-7.93314e+10	1.16744e+10	1.74068e+11	5.89127e+10
6.05e-10	-1.47183e+10	-1.95543e+11	1.11809e+11	1.746e+10	-3.76426e+11	1.98739e+10	5.88308e+08	-1.03762e+11	-1.23365e+11	-8.70319e+09	1.32099e+11	-1.7684e+09	-1.24338e+09	-1.57788e+11	7.4017e+10
6.1e-10	2.087e+10	1.46799e+11	7.85728e+10	1.12938e+10	-2.35173e+11	-5.53419e+10	1.65205e+10	1.9107e+11	-1.44047e+11	-2.51206e+10	4.87823e+11	1.86407e+11	-1.9985e+09	2.35251e+11	1.02778e+11
6.15e-10	-5.9113e+08	-1.78624e+10	-1.45824e+11	-1.93422e+10	2.75191e+11	4.7847e+10	-2.3767e+10	-8.25886e+10	3.4399e+11	-9.58184e+09	1.68172e+11	-6.57743e+09	-1.21573e+09	9.11822e+10	1.1262e+11
6.2e-10	-4.72278e+09	-1.24172e+11	-2.87342e+10	-1.40943e+10	2.84471e+10	-9.405e+10	-2.47758e+09	-3.67198e+07	3.31685e+10	1.29349e+10	2.09976e+11	-8.81578e+10	-7.41569e+09	2.21468e+10	1.75837e+11
6.25e-10	6.13518e+09	-1.67066e+11	1.31046e+11	-1.16271e+10	6.08213e+08	1.22523e+10	8.74001e+09	1.86925e+11	-2.12349e+11	-8.88411e+09	-2.37981e+11	-3.6214e+10	-1.7954e+10	2.29395e+11	-2.7237e+11
6.3e-10	-1.54454e+10	1.94907e+11	2.98701e+10	6.5091e+09	1.65398e+11	9.52631e+10	5.26168e+08	3.96845e+11	-1.42223e+11	1.29578e+09	-1.37678e+10	-1.83641e+10	-6.72927e+10	-2.0298e+11	-2.50764e+11
6.35e-10	3.99308e+09	1.60257e+11	2.63769e+11	1.71919e+09	1.56416e+10	-2.67743e+11	-1.86942e+10	-2.44892e+11	-1.04983e+11	4.285e+08	-9.08356e+10	-7.89401e+10	9.73134e+09	1.16561e+11	1.77985e+11
6.4e-10	5.49494e+09	2.4108e+11	-1.30387e+11	-9.05405e+09	-2.14617e+11	2.47378e+11	2.55819e+10	-1.3915e+11	-1.59472e+11	-1.00015e+10	8.23502e+08	-5.05772e+10	-1.90631e+10	-8.77189e+10	-1.93202e+11
6.45e-10	4.66371e+09	-8.21923e+10	7.46004e+10	-3.91885e+09	-1.9134e+11	1.73193e+11	1.0801e+10	-1.36588e+11	-1.52983e+11	-3.05539e+08	3.02927e+11	8.33577e+10	-1.42788e+10	5.03978e+10	-6.81665e+10
6.5e-10	2.71409e+10	3.39619e+11	-2.4021e+11	8.03283e+09	-1.63667e+11	-5.50387e+10	3.84871e+09	-1.36974e+11	-7.54079e+10	-2.6892e+10	4.33828e+11	1.07626e+11	-1.23506e+10	3.66019e+10	1.74676e+11
6.55e-10	-1.66835e+10	1.10478e+11	-9.13328e+10	-1.63375e+10	1.94328e+11	-2.40923e+10	-5.68051e+09	2.25954e+11	-8.48161e+10	-1.46573e+10	-2.42274e+11	7.83591e+10	-1.00916e+10	-1.72211e+11	-1.9094e+11
6.6e-10	-3.42284e+09	-7.48133e+10	-2.07231e+11	-2.61616e+10	-2.64969e+10	-1.59466e+11	-8.48301e+09	5.78666e+10	-9.24807e+10	4.1918e+09	-1.70135e+11	2.29947e+11	1.31163e+10	6.7985e+10	1.21554e+11
6.65e-10	5.0665e+10	-4.32212e+11	8.3888e+10	7.80184e+09	-3.51688e+10	-1.03619e+11	-4.36422e+09	-1.03636e+11	-8.92372e+09	-7.67047e+09	6.29707e+10	-3.46406e+10	-1.30491e+10	8.12481e+10	9.58546e+10
6.7e-10	5.62925e+10	2.52907e+11	2.96867e+11	-2.86563e+09	-3.89973e+09	1.13871e+11	-1.88102e+10	5.3093e+10	2.55758e+11	-3.64853e+09	-1.31637e+11	-7.84602e+09	-1.49188e+09	9.1991e+10	-1.46662e+11
6.75e-10	5.32017e+09	7.73019e+09	1.3557e+11	3.2387e+10	2.51505e+11	-2.69733e+10	1.20441e+10	-1.20631e+11	-8.83803e+10	-9.30908e+09	-3.64421e+11	-6.63395e+10	-2.58031e+09	8.7445e+10	-9.55754e+10
6.8e-10	-2.8516e+10	-8.82946e+10	-8.42971e+10	9.467e+09	-2.14743e+11	-1.01589e+11	2.52118e+10	-1.40308e+11	2.38855e+11	7.15411e+09	6.32199e+10	-2.0791e+11	-1.04966e+10	5.83225e+10	8.70489e+10
6.85e-10	4.24073e+09	-7.54167e+10	-5.02629e+10	2.80075e+10	-2.06572e+11	-2.22491e+11	1.80815e+09	-1.33329e+11	1.98699e+11	8.74154e+09	7.76322e+10	-1.86773e+11	1.25486e+10	-5.57935e+11	-1.98372e+11
6.9e-10	1.85175e+08	-1.47065e+11	1.87338e+11	1.73701e+09	-4.53308e+10	-1.17713e+11	1.15936e+09	-5.0829e+10	-1.00322e+11	-1.64496e+10	-5.87351e+09	-2.55386e+11	-8.1786e+09	9.16479e+10	-6.85028e+09
6.95e-10	1.27274e+10	-2.83793e+11	1.34206e+10	1.07133e+10	-1.66788e+11	-1.00104e+11	1.84215e+10	2.17351e+11	8.41005e+10	-2.83196e+10	1.30483e+11	1.61953e+11	-1.56904e+10	-2.48781e+11	-2.10569e+10
7e-10	2.79423e+10	1.39524e+10	2.24841e+11	-9.66638e+09	6.38962e+10	1.23987e+11	4.78315e+09	1.09625e+11	-7.05011e+10	2.08405e+09	-1.71515e+11	9.22126e+10	2.18638e+10	-1.74546e+11	2.11511e+11
7.05e-10	2.14926e+09	2.59132e+11	4.89512e+10	-1.41254e+10	9.9244e+10	4.01607e+11	-1.12322e+10	-1.98734e+11	-1.25553e+11	-7.67924e+09	-1.35157e+11	1.10478e+11	-9.06797e+09	2.46935e+11	-6.1829e+10
7.1e-10	7.38492e+10	8.27015e+10	3.82084e+11	-3.14813e+09	5.68955e+10	-1.42166e+11	-8.57203e+09	1.39041e+11	-1.45267e+11	-1.37381e+10	9.95194e+10	-2.65088e+10	-8.12883e+09	-1.43138e+10	-1.77055e+11
7.15e-10	1.44175e+10	-1.43994e+10	-2.96018e+10	-4.52985e+09	1.10173e+11	5.54043e+10	-1.15293e+10	7.17052e+10	-2.82506e+11	-1.17912e+10	-9.64267e+10	-1.05536e+11	3.84604e+09	-1.94274e+11	-2.11435e+11
7.2e-10	1.55521e+10	6.7739e+10	-2.38837e+11	3.51996e+10	-3.28314e+11	-2.19249e+10	3.01174e+10	-6.99129e+10	4.45303e+11	3.59754e+09	-7.04155e+10	9.30997e+10	-5.35023e+09	1.9591e+10	-2.13488e+10
7.25e-10	1.47069e+10	6.36693e+10	-3.63654e+11	-1.44245e+09	-2.58422e+09	-2.66213e+11	-7.10372e+09	-7.14966e+10	-1.3358e+11	2.9302e+10	2.00187e+11	9.40715e+10	-6.2475e+09	-1.93278e+11	3.85949e+11
7.3e-10	2.16196e+10	3.541e+10	-1.84515e+11	-1.11124e+10	-9.52546e+10	-1.10585e+11	-1.1932e+10	7.68303e+10	1.14525e+11	5.79246e+08	-2.45327e+11	-6.90845e+10	8.89766e+09	-2.82369e+11	7.84473e+10
7.35e-10	7.05364e+10	-4.18022e+11	-2.41137e+11	9.72987e+09	2.61527e+11	-3.18386e+11	7.76719e+09	2.55806e+10	-1.50919e+11	-6.78502e+09	8.28267e+10	5.92795e+10	-7.85428e+09	9.41037e+10	2.13277e+11
7.4e-10	6.00974e+09	-1.70597e+11	-1.05849e+11	2.62104e+09	1.18996e+11	-1.57343e+11	-5.97885e+09	-8.88198e+09	4.59507e+10	2.96868e+09	-2.58299e+10	2.49044e+11	-9.92313e+09	1.72707e+11	-3.19587e+10
7.45e-10	1.89784e+09	-1.84445e+10	-4.47918e+10	-1.79039e+09	5.29072e+10	-2.53954e+11	-5.9596e+09	-9.27236e+09	-3.40714e+11	-1.85541e+10	-1.71112e+11	-1.22523e+10	-8.60826e+09	-2.34088e+10	-1.28845e+11
7.5e-10	1.69276e+10	1.32312e+11	-1.10308e+11	3.22353e+09	3.89324e+10	-2.56281e+11	-8.2302e+09	4.18056e+09	1.75348e+11	-5.05736e+09	4.43437e+11	1.33696e+11	-9.87302e+09	9.18592e+10	-1.48118e+11
7.55e-10	7.75391e+09	1.42758e+11	1.05732e+11	-1.48702e+10	1.32318e+11	-8.41946e+10	-7.35611e+09	1.85135e+11	1.35865e+11	-1.29692e+10	-5.22035e+10	2.22422e+11	1.99235e+09	-1.23135e+11	-5.386e+10
7.6e-10	1.17431e+10	-4.57752e+10	-1.4444e+11	-1.39858e+10	8.17837e+09	-3.96594e+10	-2.42925e+10	1.05468e+11	1.83934e+11	5.45157e+09	-2.04584e+11	-1.97454e+11	2.36049e+10	-2.93216e+11	1.76198e+11
7.65e-10	2.20864e+10	-1.60935e+11	-2.36822e+11	3.6973e+10	-3.7272e+10	2.67772e+11	-7.33901e+09	8.18999e+09	1.20265e+11	4.31982e+09	2.87114e+10	-1.54646e+11	2.04029e+10	-3.77924e+11	5.0059e+10
7.7e-10	1.4309e+10	-2.72338e+11	-2.3652e+11	-5.82019e+09	-1.28922e+11	1.57454e+11	-8.80259e+09	1.06784e+10	-7.66706e+10	-3.40106e+09	-7.03917e+10	1.98623e+11	1.26409e+09	-9.10932e+10	6.22205e+09
7.75e-10	8.31642e+09	1.13489e+11	7.67166e+10	-1.9793e+10	-1.19738e+11	-9.78558e+10	7.08785e+09	5.69719e+10	1.19331e+11	-1.29657e+10	-5.47691e+10	-6.16572e+10	-4.24277e+09	-6.62568e+10	4.73526e+09
7.8e-10	6.92759e+09	4.88101e+09	2.75859e+11	-2.76292e+10	-1.12613e+11	-3.04784e+09	-1.03134e+10	5.73914e+09	1.38322e+11	1.39491e+09	1.3781e+10	1.93462e+11	3.05301e+09	1.62636e+11	-2.67138e+11
7.85e-10	1.66972e+10	-1.44625e+10	-5.24139e+10	-5.53047e+09	-8.93548e+10	8.24037e+10	6.31089e+09	-1.52785e+11	1.24027e+11	-7.94245e+09	5.17907e+09	1.52007e+11	-8.88189e+09	-1.15708e+11	1.1747e+11
7.9e-10	4.3866e+10	2.6124e+11	-3.96719e+10	2.30371e+10	-8.54895e+10	1.57579e+11	5.59412e+09	-7.50271e+10	-1.03581e+11	-2.13929e+10	-4.30248e+11	-8.08712e+10	3.33833e+09	-2.39929e+11	-1.97958e+11
7.95e-10	-7.40054e+09	7.82304e+10	8.81629e+10	1.96302e+10	1.79102e+11	3.54809e+11	-1.06823e+10	3.45667e+11	4.71658e+10	-3.65396e+10	-1.28619e+11	5.63743e+10	-2.01482e+10	1.61595e+11	-4.79218e+10
8e-10	3.41652e+10	-4.42138e+11	-1.68745e+11	2.09258e+10	1.23143e+11	1.74095e+11	-1.84795e+10	-9.88677e+10	1.31774e+11	-1.31454e+10	-1.15454e+11	-1.46031e+11	-4.35452e+08	-2.45109e+11	7.44758e+09
8.05e-10	6.868e+10	-3.49511e+11	1.54448e+11	-1.16422e+10	3.63491e+09	2.26181e+10	-7.28176e+09	-2.43798e+10	-8.6807e+10	2.82453e+09	-2.59219e+10	1.86056e+10	-5.63815e+09	-1.58433e+11	3.38393e+11
8.1e-10	2.23754e+10	-1.35662e+11	2.1397e+11	-2.96251e+08	1.75144e+11	3.22706e+10	-1.97796e+10	-3.09627e+10	4.29319e+10	-2.78289e+09	-1.60407e+11	-4.54543e+10	2.14035e+09	2.50888e+11	-1.88025e+11
8.15e-10	-3.13437e+09	1.63636e+11	-3.87583e+10	1.737e+10	-8.21251e+10	-5.41807e+10	5.07575e+08	-1.24946e+11	-9.74878e+10	-8.86917e+09	3.23837e+11	2.55554e+10	2.67585e+08	1.20628e+11	6.57821e+10
8.2e-10	-7.15037e+09	-7.8094e+10	-7.86238e+10	-2.12487e+10	1.13166e+11	-3.47273e+10	-2.02935e+10	1.53937e+11	1.60981e+10	9.3042e+09	2.32239e+11	-1.15222e+11	-1.41797e+09	-1.44348e+11	-1.27531e+11
8.25e-10	2.33594e+08	1.93704e+11	-4.89233e+10	-2.5477e+10	2.31463e+11	9.01085e+10	9.93536e+09	-2.37399e+11	2.27231e+11	1.08447e+10	1.40806e+11	2.38702e+11	-1.25785e+09	7.18986e+10	-1.21581e+11
8.3e-10	2.68094e+10	-1.64917e+11	-1.01967e+11	-8.61351e+09	-2.56837e+10	6.98716e+10	-1.22385e+10	-1.49487e+11	-2.07286e+11	-2.91009e+09	1.45495e+11	-8.21888e+10	1.30743e+09	-1.76148e+10	-1.10268e+11
8.35e-10	2.58028e+10	-1.57862e+11	1.33368e+11	6.81366e+09	8.89022e+10	1.16988e+10	-2.85795e+10	-2.2881e+11	-2.78919e+10	-4.64633e+10	4.92074e+10	-3.81143e+11	-4.96146e+09	2.53579e+11	1.89116e+11
8.4e-10	5.77881e+10	-3.69231e+11	3.83413e+10	-1.2355e+10	-1.66294e+11	-1.1227e+11	-1.58084e+09	-1.21065e+11	2.62743e+11	1.34903e+10	-1.01834e+11	2.94577e+11	3.69747e+09	-9.9593e+10	2.54075e+11
8.45e-10	1.93728e+10	-1.37252e+10	1.95259e+11	-7.84366e+09	-1.14811e+11	-1.56339e+11	-2.93294e+09	5.83429e+10	-8.97275e+10	-5.69891e+09	1.06071e+11	-4.46283e+09	-5.56416e+09	7.02167e+10	1.0033e+11
8.5e-10	1.58522e+10	2.68358e+11	7.45259e+10	2.34477e+10	-2.43736e+10	-3.5753e+11	2.56689e+09	7.45273e+10	-6.71646e+10	-1.72182e+10	5.06692e+09	1.68222e+11	-6.48727e+09	-1.03281e+11	8.31291e+10
8.55e-10	1.63721e+10	-2.29194e+11	-3.02248e+11	4.65325e+09	-1.21685e+11	-1.02026e+11	2.38857e+09	-1.2011e+11	2.69021e+11	3.34104e+09	-1.06114e+11	6.10003e+10	-7.79942e+09	3.81497e+10	-1.40399e+10
8.6e-10	2.53337e+10	1.55504e+11	-6.90113e+10	1.77182e+10	-1.49248e+11	-3.70155e+10	1.83737e+10	-7.86834e+10	2.64506e+11	-2.57603e+10	5.74012e+08	-1.54835e+11	-5.92159e+08	-8.19048e+10	-6.45341e+10
8.65e-10	6.35031e+10	2.80073e+11	-2.84867e+11	1.14708e+10	-7.52966e+10	2.70017e+11	1.09348e+09	-8.17874e+10	-2.80143e+10	-1.74201e+10	4.67416e+10	4.17771e+10	1.78502e+09	4.44623e+10	1.82923e+11
8.7e-10	5.98416e+10	6.19722e+10	-4.51332e+11	1.5127e+10	2.86404e+10	8.78211e+10	-3.01357e+09	1.59362e+10	1.08564e+11	1.05245e+09	-7.60953e+10	1.21246e+11	-1.33939e+09	1.17526e+11	4.179e+10
8.75e-10	-1.02788e+09	-2.67665e+11	1.03358e+10	-7.72567e+09	4.58823e+10	-3.19324e+10	6.33171e+09	-1.11237e+11	-6.33208e+10	8.95978e+09	-6.03136e+10	2.06632e+11	-1.34723e+09	1.94739e+11	3.36849e+10
8.8e-10	4.38188e+10	4.58268e+11	1.2138e+11	-3.13923e+10	-1.48431e+11	-1.28743e+10	-1.02984e+10	-2.53314e+11	3.54788e+11	1.0057e+10	-1.7818e+11	-1.03277e+11	1.62271e+08	-2.43542e+10	-6.91985e+10
8.85e-10	2.21194e+10	1.48484e+11	4.41996e+10	-5.80274e+09	1.12872e+11	1.33255e+11	2.63729e+10	-2.09013e+11	-1.5978e+11	-1.01178e+10	-2.22826e+11	-2.95496e+11	5.79564e+09	-8.34028e+10	-1.75545e+09
8.9e-10	1.36849e+10	8.53371e+10	2.46196e+10	-1.11489e+10	2.11316e+11	2.51162e+11	7.64297e+09	1.05097e+10	-6.45747e+10	-3.65541e+09	-2.05019e+11	-2.138e+10	1.41541e+10	1.09283e+10	-3.43032e+11
8.95e-10	3.88922e+10	7.87343e+09	-1.95138e+11	1.71547e+10	8.7767e+10	3.45671e+10	-9.70325e+09	-1.93344e+11	-1.45748e+11	1.53081e+09	4.25588e+10	7.29931e+10	-1.19193e+10	-2.36602e+11	1.83787e+11
9e-10	4.57156e+10	-1.03754e+11	-4.45597e+11	1.77448e+10	1.6867e+11	2.90253e+11	1.22302e+10	-3.54019e+10	6.81413e+09	7.68987e+08	1.17954e+11	-9.69578e+10	-3.05344e+08	-4.80053e+10	8.45122e+09
9.05e-10	6.63351e+10	-2.8124e+11	2.04933e+11	-5.88506e+09	-1.37133e+11	1.0008e+11	8.86406e+09	2.32006e+09	-2.83712e+11	-3.06152e+09	-4.67495e+10	3.01822e+10	-2.31024e+10	1.12116e+11	7.11224e+10
9.1e-10	1.36885e+10	1.2637e+11	1.68136e+11	4.24194e+09	1.20262e+11	1.81529e+11	6.5373e+09	-1.04994e+11	-1.53597e+09	-2.51151e+09	-8.98267e+10	1.30744e+11	2.49541e+09	1.84247e+11	3.36539e+10
9.15e-10	1.90145e+10	5.99671e+10	2.1893e+11	-2.78501e+09	3.02492e+10	-1.36496e+10	1.67301e+10	7.26162e+10	-2.81039e+11	-6.23556e+09	-9.22635e+09	6.16636e+10	1.65476e+10	1.48836e+11	-3.02552e+11
9.2e-10	2.1346e+10	1.26741e+11	1.65243e+11	3.14559e+10	-1.01156e+11	-2.86737e+11	-1.73391e+10	2.46266e+11	-2.39083e+11	-8.96648e+09	-1.48247e+10	-2.5043e+11	-1.39966e+10	-1.32657e+11	1.34416e+11
9.25e-10	2.75759e+09	-6.96936e+10	-4.07652e+10	-2.7891e+09	-4.68261e+10	3.73271e+10	-9.14045e+09	1.03108e+11	8.38451e+10	-2.55056e+10	-9.59412e+10	3.82996e+11	-1.26962e+10	-7.17961e+10	-8.81858e+10
9.3e-10	3.34896e+10	-7.14532e+10	-2.0532e+11	4.93277e+09	-5.21545e+10	-5.17986e+10	1.89386e+10	2.98649e+11	3.13445e+11	-1.3332e+10	-9.86717e+10	-9.70669e+09	-1.7871e+10	9.75221e+10	-5.80073e+10
9.35e-10	7.18632e+08	1.34935e+11	-3.55877e+09	4.73296e+09	4.22443e+10	4.86926e+10	-1.50414e+10	1.94695e+11	-2.47747e+11	-1.60092e+10	1.56954e+11	2.03516e+11	-2.61206e+09	5.64917e+10	2.70709e+10
9.4e-10	6.48743e+10	-4.23977e+11	8.18739e+09	-1.89696e+10	-4.24574e+10	-2.96011e+11	4.93459e+09	1.34844e+11	-3.41192e+11	1.21147e+10	5.32043e+10	2.11896e+10	-7.70479e+09	-5.32958e+09	8.27005e+10
9.45e-10	2.39835e+10	9.89278e+10	3.01081e+11	9.5374e+09	1.50576e+11	-3.22126e+11	2.70614e+09	4.15315e+10	-1.45645e+11	-4.62381e+09	-6.20539e+10	-2.65965e+10	-1.67519e+10	7.33828e+10	2.74505e+10
9.5e-10	2.85349e+10	2.53026e+11	-2.06557e+10	7.8347e+09	2.3146e+11	-2.12355e+11	-4.2777e+09	-1.13204e+11	4.00157e+10	-6.35464e+09	-3.17267e+11	4.18739e+11	6.52429e+09	1.58418e+11	-2.42061e+11
9.55e-10	2.45081e+10	5.97242e+10	-2.24332e+11	2.70223e+10	1.42231e+11	-1.96748e+11	8.65064e+09	1.29277e+11	2.32783e+11	-1.00981e+10	1.09155e+11	2.4778e+10	-2.28003e+09	-1.99813e+10	-1.41975e+11
9.6e-10	2.32309e+10	1.7444e+11	8.13169e+09	-1.6988e+09	-4.14401e+10	-2.05501e+10	5.85828e+09	-1.65969e+11	9.98408e+09	-3.17204e+09	1.21781e+11	8.72603e+09	7.80815e+09	-3.02681e+10	2.81603e+11
9.65e-10	6.93093e+10	5.32655e+10	-3.29001e+11	9.92207e+09	-1.46764e+11	-1.2803e+11	-9.02705e+08	-8.66569e+10	6.92421e+09	-1.17152e+10	7.25621e+10	3.577e+10	4.46337e+09	-7.87041e+10	1.02158e+11
9.7e-10	2.15368e+10	-2.55184e+11	-2.43846e+11	7.43454e+09	1.00572e+11	5.45284e+10	-1.38776e+09	2.14358e+11	-9.94e+10	-2.30944e+10	2.513e+11	-1.25085e+11	-1.34349e+10	8.24862e+09	-1.76337e+11
9.75e-10	-3.36484e+10	-2.33449e+10	-2.68864e+11	3.29672e+10	1.64135e+11	2.05696e+11	7.07469e+09	-3.04802e+11	-6.46058e+10	-2.55555e+09	-1.9375e+11	-6.06258e+10	-2.05237e+09	-5.05943e+09	1.97288e+11
9.8e-10	8.07676e+09	-2.62121e+10	1.75891e+11	-8.69014e+09	2.1467e+11	-3.21164e+10	3.22714e+10	-6.23564e+10	-3.88843e+11	-2.00831e+10	2.51779e+11	-2.39104e+11	-2.75409e+10	-2.09821e+11	3.74509e+10
9.85e-10	4.55383e+10	3.25769e+11	8.80193e+10	-1.67868e+10	-2.23028e+11	3.58705e+10	2.78475e+10	-1.8744e+11	-1.53108e+11	-6.70494e+08	-3.56752e+11	3.20312e+10	-3.76917e+10	-4.12086e+11	-3.02395e+10
9.9e-10	3.78689e+09	4.03192e+10	2.13118e+10	9.86024e+09	2.28164e+10	-3.18906e+11	-1.29118e+10	1.19997e+10	1.50464e+11	-1.41317e+10	-1.04256e+11	-1.79218e+11	-8.99633e+08	5.6182e+10	8.20368e+10
9.95e-10	1.26794e+10	1.47438e+11	6.66239e+10	-1.19301e+10	2.04683e+11	6.71044e+10	-2.4604e+10	-1.75317e+11	1.2695e+11	-5.57093e+09	1.02364e+11	-2.05413e+11	-1.33931e+10	-1.5531e+10	1.6937e+11
1e-09	-1.11271e+10	8.63212e+10	9.00157e+10	8.99264e+09	-8.25517e+10	2.20666e+11	1.42793e+10	1.0506e+11	-2.54592e+11	-7.82086e+08	1.76313e+11	-2.66243e+10	-8.38643e+09	4.4318e+10	3.57338e+11
1.005e-09	1.89401e+10	-1.41858e+11	-1.45422e+11	-2.5743e+10	1.43437e+11	-1.11372e+11	-3.01418e+10	-5.14874e+10	-3.10446e+11	1.84162e+09	5.85267e+10	-1.23038e+11	7.48978e+09	-9.60868e+10	2.68953e+11
1.01e-09	1.94373e+10	-1.43882e+11	-4.72672e+09	-6.96791e+09	1.31013e+11	6.85879e+10	9.54816e+09	1.16983e+11	-7.89489e+10	1.46083e+10	-1.77159e+11	-1.90605e+11	1.15328e+10	-2.62204e+10	3.44646e+10
1.015e-09	3.72219e+10	-1.38964e+11	1.28497e+11	-1.00525e+10	-2.58365e+10	2.16029e+11	3.01922e+10	-1.71104e+11	-2.23546e+11	3.42065e+09	-2.52176e+09	-1.42583e+11	-1.60705e+10	-1.99242e+11	-1.92283e+11
1.02e-09	-1.89144e+10	3.69286e+10	-8.16891e+10	-7.9882e+09	-7.72708e+10	-2.04352e+10	-1.70828e+10	-6.95552e+10	5.51263e+10	2.15335e+10	5.7949e+10	2.35045e+11	-9.16687e+09	-4.08476e+10	5.51889e+10
1.025e-09	1.06891e+10	7.3866e+10	4.94879e+10	1.43291e+09	8.96938e+10	2.00433e+10	-2.04833e+10	2.03779e+11	-7.60573e+10	1.264e+10	2.83717e+11	4.98387e+10	1.40005e+10	3.69734e+11	-5.29516e+10
1.03e-09	1.46462e+10	2.25167e+11	3.37592e+09	-1.0282e+09	1.5626e+11	-2.35612e+11	7.83918e+09	-1.78182e+11	2.8546e+11	1.579e+10	2.01057e+11	-8.37079e+09	-1.0885e+10	-1.53024e+10	1.18713e+11
1.035e-09	1.22775e+10	5.82813e+10	-8.65526e+10	1.77782e+09	-1.24794e+11	1.77708e+11	-5.15869e+09	4.87781e+10	-9.03276e+10	1.889e+10	1.12664e+11	-1.58754e+11	3.8156e+09	-1.87506e+11	-8.74898e+10
1.04e-09	1.79104e+10	-6.36113e+10	-1.87022e+11	1.93769e+10	-3.19757e+11	1.37602e+11	-3.58403e+10	-3.91771e+11	1.22461e+11	1.80995e+10	-5.17853e+10	-2.83798e+11	-3.58622e+09	1.00957e+11	-1.228e+11
1.045e-09	1.32254e+10	3.01169e+09	1.66847e+11	1.73213e+09	7.78819e+10	1.93505e+11	-2.73061e+09	1.50111e+11	-1.42897e+11	-1.15628e+10	-2.55777e+11	1.09125e+11	-2.20886e+08	8.62732e+10	1.08348e+11
1.05e-09	-3.79728e+09	-2.00512e+11	-7.91218e+09	7.71052e+09	2.80614e+11	1.74119e+11	-6.03568e+09	4.49383e+10	1.82708e+10	-6.33195e+09	8.78365e+10	-9.86896e+10	-7.84762e+09	7.68242e+09	1.71155e+11
1.055e-09	1.09952e+11	2.17101e+11	3.77451e+11	-6.09767e+09	7.62127e+10	-6.02201e+10	-1.50307e+10	9.52229e+10	7.62182e+10	-2.25881e+10	1.34731e+11	-2.65635e+11	-2.06017e+10	-3.82097e+11	-4.92937e+10
1.06e-09	9.1582e+10	2.92715e+11	3.07202e+11	3.49663e+09	-1.59364e+10	8.98908e+10	-2.41817e+09	2.69076e+10	-8.53251e+10	-3.05908e+08	-1.04662e+11	-8.04809e+10	-1.05179e+10	-3.9399e+10	2.39663e+11
1.065e-09	5.2274e+10	2.50064e+11	-9.97305e+10	1.10609e+09	-9.02291e+10	-8.31441e+10	-4.54162e+09	-5.18711e+10	8.30364e+10	-1.39931e+10	-4.33054e+10	7.70686e+10	2.75007e+09	-7.27651e+10	-2.04959e+10
1.07e-09	-1.48408e+10	-7.84689e+10	7.13286e+10	9.08627e+09	-2.45622e+11	1.03941e+11	-2.75212e+10	-1.99666e+11	1.61572e+11	9.44378e+09	-1.54693e+10	-1.66876e+11	-3.16843e+09	-4.21052e+10	-2.19794e+11
1.075e-09	5.32151e+10	-1.36011e+11	-2.46813e+11	1.35834e+07	7.03777e+10	-2.31996e+10	1.39503e+10	1.15678e+11	-1.12339e+11	-1.12571e+10	5.23589e+10	1.73749e+11	-2.33846e+10	3.06914e+11	6.62544e+10
1.08e-09	5.6978e+10	-2.7813e+11	1.40534e+10	6.89308e+09	1.35537e+11	2.88765e+11	-1.1165e+10	-6.24648e+10	-8.99569e+09	1.10583e+08	5.92663e+10	-2.85798e+10	-2.04233e+10	-7.02576e+10	-1.9634e+11
1.085e-09	7.18628e+10	-1.96141e+11	3.50989e+11	5.62085e+09	4.62428e+11	-1.60213e+11	-1.09378e+10	-1.6864e+10	1.71294e+11	6.38377e+09	1.57766e+11	1.26473e+11	-1.54771e+10	-1.46822e+11	-2.28115e+11
1.09e-09	3.58932e+10	3.41032e+11	4.32262e+10	1.27643e+10	9.4737e+10	-2.18587e+11	-3.35684e+09	-2.89025e+10	-8.39808e+10	-1.02404e+10	2.70786e+09	8.96425e+10	-1.36375e+09	3.38611e+10	4.11974e+10
1.095e-09	8.05514e+10	2.76341e+11	9.16727e+10	-8.15023e+09	-2.62162e+11	1.21822e+11	8.77017e+09	-1.45337e+11	2.07868e+11	-2.03604e+10	2.31487e+10	2.95438e+11	-5.99406e+09	-1.90433e+11	1.22231e+11
1.1e-09	6.12743e+10	1.51503e+11	-2.70899e+11	5.71385e+09	-2.03281e+11	-7.69744e+10	-2.83816e+09	1.80117e+10	6.24722e+07	-6.05253e+09	-6.14616e+10	-6.85956e+09	8.08632e+08	-1.27754e+11	9.92139e+10
1.105e-09	5.87916e+10	1.60359e+11	-2.01017e+11	2.22382e+10	-1.04126e+11	9.61433e+10	-1.79033e+09	1.46616e+11	-2.88026e+10	-9.3638e+08	-8.04127e+10	6.14085e+10	-1.44202e+10	9.19595e+09	1.36369e+09
1.11e-09	1.34308e+10	-2.85205e+10	-1.03016e+11	5.85577e+10	-1.42123e+11	2.90218e+11	6.50272e+09	1.01316e+11	-6.84385e+10	-6.45648e+08	-5.61796e+10	1.55212e+11	-2.81026e+08	9.30133e+10	-1.77821e+10
1.115e-09	5.16595e+10	-2.92185e+11	-1.56764e+11	2.61416e+10	-4.58748e+10	3.23822e+11	-1.41879e+09	-1.48636e+11	-3.2001e+09	7.08948e+09	-1.71535e+10	-2.60512e+11	-9.8248e+09	-1.95413e+11	5.92737e+10
1.12e-09	1.38659e+11	-1.10058e+11	5.59569e+11	-2.73663e+10	-2.62073e+11	-1.34411e+11	8.8645e+09	-6.85945e+10	-7.16708e+10	-1.1322e+10	-1.07408e+11	1.49106e+11	6.10062e+09	-3.35965e+10	1.52832e+11
1.125e-09	1.17721e+11	1.75543e+11	4.1372e+11	1.71162e+10	2.58623e+11	-7.17786e+10	2.73917e+09	-1.09264e+11	1.84991e+10	-3.78484e+09	-1.87552e+11	-1.69955e+11	-1.24567e+10	1.71795e+11	-1.55485e+11
1.13e-09	1.80232e+11	5.09503e+11	1.64901e+11	1.75644e+08	5.17309e+10	-1.96439e+11	-3.93238e+09	-5.68745e+10	-9.11254e+10	4.9799e+09	3.47495e+11	-2.94333e+11	-1.02211e+10	-1.53405e+11	-5.30936e+10
1.135e-09	1.0805e+11	3.37289e+11	-3.25613e+11	3.51498e+10	-2.11485e+11	-2.18181e+11	-1.14746e+10	-1.37691e+09	2.09807e+10	-4.25033e+09	9.51219e+10	1.52271e+11	-3.36582e+09	8.36802e+10	9.67325e+09
1.14e-09	8.97251e+10	-1.85817e+11	-3.32923e+11	1.843e+10	-2.07698e+11	9.49688e+10	1.43602e+10	1.5371e+11	2.31735e+11	1.10335e+10	1.56978e+11	-1.9835e+11	-2.10338e+09	3.17035e+10	2.7832e+11
1.145e-09	6.44952e+09	-2.60742e+10	-5.1266e+10	-1.89173e+10	-2.07437e+11	-1.85845e+11	-7.23221e+09	2.8602e+10	2.79071e+10	2.64418e+10	-2.91258e+11	4.99957e+10	5.85775e+09	1.61356e+11	1.7049e+11
1.15e-09	1.75185e+11	-5.7585e+11	-1.16828e+11	4.16646e+10	9.06314e+10	9.79057e+10	-2.66758e+09	5.76712e+10	-1.42849e+11	-1.90738e+09	-3.56234e+10	-1.86673e+11	-5.30309e+09	1.19325e+11	1.29328e+10
1.155e-09	3.85101e+10	-2.12624e+11	1.21211e+11	4.97385e+10	3.34493e+11	-7.54932e+10	-1.02371e+08	2.26708e+11	-1.63915e+11	-2.2419e+10	-6.62994e+09	-2.32201e+11	-1.93834e+10	2.19968e+11	-7.59166e+09
1.16e-09	5.37944e+10	2.17306e+11	1.88682e+11	3.85313e+10	3.44695e+11	-9.74813e+10	3.56205e+09	1.0787e+11	-4.08013e+10	3.54973e+08	-1.09704e+11	-1.22174e+11	4.49915e+09	1.33646e+08	2.1603e+10
1.165e-09	6.90458e+10	2.79759e+11	-1.70357e+11	3.00154e+10	-8.80294e+10	-1.72162e+11	9.64303e+09	-2.93873e+11	1.05276e+11	9.93057e+09	-1.09814e+11	-1.92985e+11	-1.60687e+10	-1.58261e+11	2.79424e+10
1.17e-09	1.53784e+11	3.11727e+11	-4.10668e+11	2.34349e+10	-1.70768e+11	-6.08004e+10	-2.27464e+09	-1.07776e+11	-5.6348e+10	-5.03766e+09	-1.17736e+11	3.16183e+11	1.38553e+09	1.10006e+11	4.8867e+09
1.175e-09	6.41288e+10	-1.60062e+11	-2.29554e+11	3.19532e+10	-1.17088e+11	2.98984e+11	-7.64823e+09	9.17992e+09	2.64877e+11	-5.40451e+09	-1.64868e+10	-6.03117e+10	-1.5028e+10	-3.4842e+10	2.4204e+11
1.18e-09	4.78981e+10	-1.18253e+11	-1.43894e+11	6.96452e+10	2.84732e+11	4.24749e+11	-3.0886e+09	1.42983e+11	2.99715e+10	-1.54099e+10	8.58859e+10	-6.27057e+10	-3.30595e+09	3.07718e+10	1.10958e+11
1.185e-09	1.06088e+11	-4.2843e+11	1.51518e+11	1.86818e+10	7.26838e+10	1.33689e+11	3.37116e+08	1.61729e+10	-3.30852e+11	-1.37452e+10	6.6594e+10	-1.0997e+11	-1.13459e+10	8.57933e+09	-1.51295e+11
1.19e-09	8.47188e+10	-2.85355e+11	1.2766e+11	3.38297e+10	2.68202e+11	-1.52056e+10	-9.55486e+09	-7.23816e+10	8.12154e+10	1.08732e+09	1.75709e+11	-3.29619e+10	-7.43808e+09	2.70079e+11	-8.93039e+10
1.195e-09	9.88852e+10	5.69995e+10	3.24724e+11	1.59075e+10	1.83365e+11	3.41409e+10	5.49997e+09	-1.96595e+11	8.97596e+10	-8.02297e+09	-8.69452e+09	-1.26905e+11	1.76444e+10	1.35414e+10	-2.79193e+11
1.2e-09	7.8673e+10	3.02654e+11	2.44769e+11	1.82886e+10	1.35295e+11	-7.45344e+10	3.39774e+10	-3.35891e+11	2.7185e+11	1.2019e+09	1.04542e+11	1.82718e+10	-2.9697e+09	-1.1538e+11	-8.12543e+10
1.205e-09	1.99351e+11	3.17067e+11	-3.86547e+11	4.68699e+09	-6.31668e+10	1.25286e+11	9.47826e+09	2.54699e+08	9.49695e+10	1.93194e+10	3.14485e+10	-2.34929e+11	5.92544e+09	-7.9907e+10	6.10853e+10
1.21e-09	7.27794e+10	-2.02888e+11	-2.15943e+11	4.16657e+09	-1.59272e+11	-1.33982e+11	-1.33398e+10	1.0943e+11	-4.39075e+10	1.85411e+10	8.50859e+10	-1.67737e+10	-1.26974e+10	-5.16631e+10	-1.63093e+11
1.215e-09	5.47095e+10	-2.43984e+11	-1.48651e+10	4.74814e+10	5.59369e+09	4.25466e+11	1.80084e+10	2.28746e+11	-1.64087e+10	-8.69706e+09	-1.86137e+10	-6.08755e+10	-4.23425e+09	1.78667e+11	-9.36477e+10
1.22e-09	6.95502e+10	-1.52498e+11	1.89903e+11	-1.5105e+10	1.04299e+11	-1.94717e+11	8.19005e+09	1.34946e+11	-6.76875e+10	1.07679e+08	-3.22272e+11	-1.71987e+11	-2.15408e+10	-2.65228e+10	-1.63512e+11
1.225e-09	9.27385e+10	-1.06977e+11	3.22614e+11	1.85874e+10	1.38983e+11	9.67182e+10	1.08259e+10	-3.27085e+10	-1.64184e+11	-5.37542e+09	-9.23711e+10	9.38271e+10	-1.58615e+10	-7.50197e+10	1.08159e+11
1.23e-09	6.37279e+10	1.54845e+11	1.8198e+11	2.81741e+10	2.64488e+11	-1.09949e+11	1.64857e+10	-1.23112e+11	-1.33921e+11	2.06668e+09	-9.031e+10	-1.1321e+11	6.87104e+08	1.41769e+11	2.15106e+10
1.235e-09	6.77016e+10	2.23492e+11	-5.89354e+10	7.75835e+09	-1.43238e+11	-5.33162e+10	-2.1346e+10	5.87717e+10	5.01736e+10	-1.43201e+10	-1.13206e+11	1.281e+11	1.84019e+09	-8.17418e+10	-2.14457e+11
1.24e-09	-5.80522e+10	-1.59997e+11	6.70711e+09	-3.78307e+09	3.72673e+10	4.39665e+10	-6.83085e+09	1.88519e+10	-5.13983e+10	-1.51043e+10	-6.44922e+10	-9.4711e+10	2.20447e+09	2.05293e+11	-1.32781e+11
1.245e-09	2.03504e+11	-3.12389e+11	-5.11423e+11	3.87589e+10	-5.73332e+10	2.51043e+11	-1.16106e+10	7.04525e+10	-8.94089e+10	-1.29833e+10	1.34886e+11	7.06225e+10	-7.22835e+09	2.64299e+11	-5.6249e+10
1.25e-09	7.79451e+10	-2.19081e+11	-1.62854e+11	1.35289e+09	-5.22925e+10	1.27026e+11	9.58153e+09	7.88415e+10	-1.95911e+09	-1.89898e+10	1.78465e+11	1.41977e+11	8.44161e+09	-1.54663e+11	1.61305e+11
1.255e-09	5.34424e+10	-2.4019e+11	1.69486e+10	5.96371e+10	1.74204e+11	3.00101e+11	8.47325e+09	-1.35622e+11	-3.37056e+11	5.71756e+09	1.65714e+11	3.54498e+11	-2.14825e+10	4.35885e+09	2.38639e+11
1.26e-09	9.9553e+10	-5.69008e+10	2.75997e+11	2.71315e+10	2.52617e+11	2.52302e+10	3.25799e+10	-1.10726e+11	-3.10831e+11	-1.75385e+09	4.89864e+10	8.5868e+10	-5.38144e+09	2.77078e+10	7.19851e+10
1.265e-09	9.99991e+09	-2.54293e+10	5.2143e+10	1.01493e+09	2.04485e+11	4.11684e+10	-2.69557e+08	-1.19498e+11	-1.00888e+11	-2.45044e+09	1.34845e+11	-4.18824e+10	-1.33623e+08	8.19872e+10	-2.06262e+10
1.27e-09	2.80561e+10	1.36417e+11	8.44346e+09	2.18526e+10	-1.36814e+11	-3.67591e+10	5.68731e+10	-3.71206e+11	-1.71128e+10	6.16674e+09	1.79253e+11	-2.50228e+11	-7.96849e+09	-1.12901e+10	-4.20841e+10
1.275e-09	3.07497e+10	2.98973e+11	-5.72013e+10	8.95756e+09	-1.65052e+11	5.66064e+10	-2.31091e+09	-1.24596e+11	-3.04944e+10	1.29727e+10	-1.83593e+10	-2.47643e+11	-5.82536e+09	-1.41551e+11	-2.19078e+11
1.28e-09	1.59259e+11	-4.08459e+10	-5.09625e+11	1.30866e+10	-2.21687e+11	3.80302e+10	5.56143e+09	1.0233e+11	-7.23152e+10	5.00377e+09	-2.78806e+10	-4.29935e+10	8.40825e+09	1.47875e+11	-1.49584e+11
1.285e-09	1.44797e+11	-4.37142e+11	-4.54574e+10	1.21342e+10	-1.56176e+10	-3.00689e+10	-4.56123e+09	1.82124e+10	-1.20927e+11	8.50504e+09	1.13393e+11	-1.33652e+11	2.68982e+10	4.40776e+11	1.20638e+11
1.29e-09	1.23989e+11	-4.27181e+11	1.82783e+11	2.03776e+10	1.99053e+11	9.80689e+10	3.55622e+10	3.33389e+11	-2.15483e+11	3.60374e+09	6.66937e+10	1.45727e+11	1.15705e+10	1.6409e+11	-7.23678e+10
1.295e-09	1.01077e+11	-8.40125e+09	2.91154e+11	-4.41913e+10	-1.49413e+11	1.07051e+11	-9.87315e+09	-6.44165e+10	3.50832e+10	-7.06957e+09	-6.49912e+10	-3.0876e+10	-4.15765e+09	-2.34973e+10	-2.08346e+11
1.3e-09	1.28769e+11	2.58252e+11	1.88707e+11	2.29451e+10	1.99621e+11	-1.44259e+11	-1.1591e+10	1.08591e+11	-8.48584e+10	9.87366e+09	-2.86448e+10	1.99389e+11	-1.81793e+10	-5.16612e+10	1.00995e+11
1.305e-09	1.74037e+11	6.04134e+11	1.21776e+11	1.60938e+10	-1.11157e+11	2.39963e+10	7.7702e+09	-1.53961e+11	-3.77877e+10	-1.76186e+09	1.36105e+11	-3.47008e+10	-7.33022e+09	-2.80759e+11	1.581e+11
1.31e-09	1.19795e+11	2.1133e+11	-3.47121e+11	3.68671e+10	-2.25331e+11	-6.32328e+10	5.84724e+09	-2.79565e+10	1.60525e+11	-3.76969e+09	1.10656e+11	1.33635e+11	-2.60928e+09	8.98341e+09	2.31514e+10
1.315e-09	1.89057e+11	-3.22691e+11	-4.36872e+11	-1.31214e+10	3.14998e+10	1.03957e+10	2.31182e+10	2.55022e+11	1.28439e+10	2.15946e+10	1.43852e+11	-3.1297e+10	-2.62127e+09	1.40431e+11	1.86375e+11
1.32e-09	1.30934e+11	-3.93191e+11	-2.94716e+11	-8.13752e+09	1.12301e+11	1.9658e+10	-1.8921e+09	-1.40323e+11	3.17443e+11	1.50391e+10	-3.238e+11	2.75878e+10	-1.77626e+10	2.25606e+10	-5.58628e+10
1.325e-09	1.4396e+11	-3.33235e+11	3.39435e+11	3.28703e+10	2.89814e+11	7.24811e+10	-1.15526e+10	-5.15278e+10	8.90759e+10	-3.66453e+08	1.19257e+11	1.10875e+11	-1.51555e+10	1.5806e+10	-1.74329e+11
1.33e-09	3.67562e+10	-1.83358e+11	1.02098e+11	3.71706e+10	2.07598e+11	-1.48061e+11	-1.0562e+09	-1.56647e+11	-6.33955e+10	-5.95182e+09	1.38233e+10	3.77052e+11	-1.76099e+10	-4.19812e+10	-3.97766e+10
1.335e-09	8.64626e+10	2.94835e+11	3.89002e+10	1.16849e+10	-1.78013e+11	-1.37163e+11	1.24756e+10	-2.53599e+11	-2.72032e+11	1.15069e+09	-4.39496e+10	2.02132e+11	6.77438e+09	-6.28252e+10	-2.83917e+10
1.34e-09	6.933e+10	1.49522e+11	-2.19818e+11	-5.35519e+09	-2.661e+10	8.29965e+09	7.96324e+10	-5.52139e+11	9.98966e+10	-5.9657e+09	-1.15012e+11	-4.77166e+10	-3.67985e+10	-1.79625e+11	-9.3584e+10
1.345e-09	1.36763e+11	2.30089e+11	-3.41612e+11	2.04149e+10	-1.45372e+11	-1.64751e+11	5.525e+10	-1.16669e+11	3.06018e+11	2.23748e+09	9.44228e+10	9.06561e+10	-5.28378e+09	7.59671e+10	1.49333e+09
1.35e-09	7.89637e+10	-1.5024e+11	-2.37835e+11	1.59442e+10	-9.79329e+10	6.29116e+10	-6.07146e+09	1.72356e+11	1.09104e+11	-6.3749e+09	-2.98025e+11	-1.38516e+10	-1.66787e+10	-7.75634e+10	3.58398e+11
1.355e-09	7.64478e+10	-2.85508e+11	7.43969e+09	8.42601e+10	9.49754e+10	3.55341e+11	9.49205e+08	-6.2038e+09	3.10289e+11	-8.01513e+09	-1.08979e+11	-8.83158e+10	1.81114e+09	2.00029e+11	-5.70606e+10
1.36e-09	1.78342e+11	-3.23159e+11	3.82852e+11	4.13985e+10	1.77651e+11	1.94655e+11	3.59502e+09	1.45148e+11	-7.35487e+10	6.67732e+09	-2.5459e+11	6.46994e+09	1.22059e+10	-7.16161e+10	-6.86423e+10
1.365e-09	1.17913e+11	-2.42847e+11	3.18852e+11	-1.1164e+10	-6.39378e+10	-4.61122e+10	1.50206e+10	-2.04234e+10	-1.26132e+11	3.50302e+09	-3.25555e+10	-6.28073e+09	1.01696e+10	5.14216e+10	-1.4559e+11
1.37e-09	1.95278e+11	5.66053e+11	5.90466e+10	5.13182e+10	6.34255e+10	-4.26119e+11	-1.65341e+09	-2.96053e+10	5.77289e+10	-1.11501e+10	1.61893e+10	-3.10052e+11	-8.8431e+09	1.18435e+11	-1.90499e+10
1.375e-09	8.71952e+10	2.67275e+11	-1.30381e+11	2.49161e+10	-9.88157e+10	-1.00557e+11	-9.69361e+09	-2.13162e+11	-6.42128e+10	9.80577e+09	3.65929e+10	2.74213e+11	-8.66391e+09	2.9889e+10	-2.37126e+11
1.38e-09	2.47471e+11	1.55753e+11	-6.54083e+11	2.93235e+10	-1.90601e+11	1.18997e+11	-1.20969e+10	-3.82914e+10	-2.72953e+10	-1.24549e+10	2.56482e+10	-7.21004e+10	-6.8577e+09	-2.13085e+10	1.12593e+11
1.385e-09	1.55398e+11	-2.63588e+11	-3.71433e+11	6.37065e+09	-1.0342e+11	2.85895e+10	3.2382e+09	9.23546e+10	3.08767e+11	6.00874e+09	-4.12938e+10	2.78658e+11	6.19578e+09	6.87193e+10	5.8664e+10
1.39e-09	5.51851e+10	-2.468e+11	-3.77061e+11	3.51181e+10	-1.83313e+10	2.4486e+11	8.13325e+09	1.53977e+11	2.41041e+11	1.12189e+10	-9.06936e+10	1.14025e+11	-8.56029e+08	1.68214e+11	6.06418e+10
1.395e-09	1.21673e+11	-1.43246e+11	3.29916e+11	8.21453e+10	3.8155e+11	6.7075e+10	2.20208e+09	5.03974e+10	-7.51541e+10	-7.30536e+09	-8.60952e+10	-2.14403e+11	1.11575e+10	2.4609e+11	-2.44451e+11
1.4e-09	1.16976e+11	1.1577e+11	3.51236e+11	3.67724e+10	3.10513e+11	-1.54349e+11	1.97585e+09	-1.23681e+11	-2.41164e+11	-9.13558e+09	-1.7327e+11	1.57224e+11	-1.05618e+10	-3.14699e+11	5.64295e+10
1.405e-09	1.26583e+11	3.83303e+11	-4.25432e+10	4.22367e+09	4.72874e+10	-9.44269e+10	3.72853e+10	-2.11099e+11	5.07513e+10	1.18853e+10	3.81678e+11	1.00611e+11	1.5621e+10	-3.69985e+11	-6.59773e+10
1.41e-09	1.37705e+11	3.0481e+11	-2.35808e+11	1.03988e+10	9.88432e+10	-2.76337e+11	-2.38104e+09	3.01687e+10	1.48078e+11	-6.32819e+09	1.18025e+11	-8.09215e+10	-1.55431e+10	2.41262e+11	3.11428e+10
1.415e-09	1.12758e+11	3.57974e+10	-3.28645e+11	-1.55304e+10	5.43309e+10	1.35129e+11	-1.45184e+10	1.09452e+11	-4.42383e+10	-1.4685e+10	9.91801e+10	3.5536e+11	-4.4391e+09	-1.59752e+10	-3.40574e+10
1.42e-09	1.1078e+11	-7.48879e+10	-3.30094e+11	5.94812e+10	-7.76542e+10	3.94699e+11	-6.79597e+09	2.70365e+11	-5.78503e+09	1.77294e+10	1.8963e+11	-1.61301e+11	-9.51778e+08	6.55998e+10	1.44291e+11
1.425e-09	6.82389e+10	-1.71933e+11	8.61053e+10	4.36791e+10	-2.21419e+10	2.63853e+11	1.23666e+10	2.62317e+11	6.38332e+10	1.63037e+09	-9.62611e+10	1.07692e+10	-1.25794e+10	-1.29396e+11	-6.57438e+10
1.43e-09	9.36337e+10	-3.55836e+10	2.12839e+11	1.5507e+09	2.14825e+11	-8.40195e+10	-1.19395e+10	2.83479e+11	1.38464e+11	-1.67272e+09	-1.74166e+11	-3.89113e+11	-6.74505e+09	7.57459e+10	-1.04562e+11
1.435e-09	1.1881e+11	4.92001e+10	3.06871e+11	-2.08473e+10	-1.0963e+11	-1.87704e+11	1.01391e+10	-8.54255e+08	-1.63489e+11	3.50815e+09	-1.02737e+11	1.55098e+10	1.67686e+09	-8.84124e+10	-1.96173e+11
1.44e-09	2.22837e+11	5.05879e+11	2.00583e+11	4.91392e+09	-1.7528e+11	-5.03301e+10	-1.55579e+10	8.89912e+10	5.48805e+10	-4.32312e+08	8.31341e+10	1.74589e+10	-8.81057e+08	-6.75419e+10	3.05626e+10
1.445e-09	1.31406e+11	3.69677e+11	-1.97951e+11	5.13283e+10	-3.53511e+11	9.31447e+10	-6.63724e+08	-3.10247e+11	5.06894e+10	1.13795e+10	2.69308e+11	-6.48533e+10	-4.21684e+09	6.92083e+10	6.81895e+10
1.45e-09	1.34728e+11	-1.24365e+11	-4.3484e+11	1.74799e+10	-1.27988e+11	1.50846e+10	1.10178e+09	3.3717e+11	1.91475e+11	6.51918e+09	1.27472e+11	3.6259e+10	-2.08678e+09	8.61722e+10	3.70192e+10
1.455e-09	1.13004e+11	-2.47256e+11	-1.60378e+11	9.23162e+09	-8.8618e+10	1.52885e+10	1.20506e+10	1.96263e+11	7.98627e+10	-2.19046e+10	-3.47884e+10	4.82317e+10	-9.83091e+09	1.70956e+10	2.79065e+09
1.46e-09	1.8681e+11	-4.82681e+11	1.40475e+11	2.77896e+10	9.5101e+10	9.62254e+10	-5.03056e+09	6.45918e+10	1.74881e+11	8.1329e+08	-2.88103e+10	-2.98524e+11	-1.34341e+10	4.97789e+10	-1.17738e+11
1.465e-09	1.06194e+11	-5.68469e+10	3.35003e+11	1.87544e+09	-7.03056e+10	1.60046e+11	2.72082e+10	2.20694e+11	-2.24281e+11	-1.59639e+10	1.87585e+11	1.95449e+11	-8.93201e+08	-4.92181e+10	5.69655e+10
1.47e-09	1.44014e+11	8.6394e+10	3.55971e+11	4.87908e+10	2.56811e+11	-1.57465e+11	3.26329e+09	-1.66899e+11	6.68857e+10	-3.51793e+09	5.44004e+10	-1.94466e+10	-1.61897e+10	-2.1383e+10	1.87157e+10
1.475e-09	1.77017e+11	2.85439e+11	2.66083e+11	3.38802e+09	3.06775e+11	6.31128e+10	2.39537e+09	-8.62474e+10	1.26003e+11	-1.42339e+09	-3.71388e+10	2.41727e+10	-7.6247e+09	-1.0633e+11	3.68584e+10
1.48e-09	1.24812e+11	2.82795e+11	-9.30917e+10	1.66559e+10	-2.55001e+11	-3.85724e+10	2.38477e+10	-1.79885e+11	2.38323e+11	-5.68364e+09	-3.1809e+10	1.4813e+11	-1.74223e+10	-2.56759e+11	7.94706e+09
1.485e-09	1.64577e+11	2.02224e+11	-2.56015e+11	5.90631e+10	-5.68275e+11	6.78299e+09	-1.11625e+10	-1.71718e+11	-4.43901e+10	8.06312e+09	8.43818e+10	-2.48322e+10	4.03691e+09	7.97477e+10	5.62052e+10
1.49e-09	1.29968e+11	-2.14567e+11	-1.78173e+11	3.11713e+10	-1.73405e+11	2.11354e+11	7.38395e+09	3.45043e+10	4.08158e+11	-2.63494e+10	-6.19482e+10	1.11842e+11	-1.66744e+09	5.2789e+10	-2.62699e+10
1.495e-09	2.27657e+11	-5.22773e+11	-5.14281e+10	3.00843e+10	1.29034e+11	3.51663e+11	3.43345e+09	5.37839e+10	1.18797e+11	1.25391e+10	-1.00026e+11	-5.76879e+10	-9.90007e+09	4.43295e+10	3.65837e+10
1.5e-09	3.06777e+11	-5.92503e+11	2.98941e+11	-5.13076e+09	-2.56128e+10	1.75688e+11	1.39387e+10	3.39211e+11	-1.04644e+11	-1.77245e+09	-8.66096e+10	-1.47325e+10	3.32419e+09	-1.55384e+11	-1.06834e+10
