Thu Oct 17 22:59:55 2024

<base> : Rectangle : 0m, 0m, 0m; 1.5um, 50nm, 5nm. Cells : 300, 10, 1. Cellsize : 5nm, 5nm, 5nm
<supermesh> : Rectangle : 0m, 0m, 0m; 1.5um, 50nm, 5nm. Cells : 300, 10, 1. Cellsize : 5nm, 5nm, 5nm

Saved data (dataname (unit) <meshname> (cells_rectangle)) : 

time (s)	<mxdmdt> (1/s) <base> (300nm, 0m, 0m; 310nm, 50nm, 5nm)			<mxdmdt> (1/s) <base> (500nm, 0m, 0m; 510nm, 50nm, 5nm)			<mxdmdt> (1/s) <base> (700nm, 0m, 0m; 710nm, 50nm, 5nm)			<mxdmdt> (1/s) <base> (900nm, 0m, 0m; 910nm, 50nm, 5nm)			<mxdmdt> (1/s) <base> (1.1um, 0m, 0m; 1.11um, 50nm, 5nm)			

0	-17596.8	709988	809920	100904	-293118	1.84345e+06	24048.8	-589832	-757049	-52972.6	131640	-520642	523472	3.37247e+06	-3.49259e+06
5e-12	1.65592e+10	-1.97673e+11	-9.80848e+10	-7.17133e+09	-4.59884e+10	-6.46127e+10	4.57085e+08	2.10978e+11	5.4098e+10	-2.03392e+10	2.6079e+11	2.55986e+11	-4.90221e+10	2.3754e+11	8.48983e+10
1e-11	-2.63509e+10	-2.1991e+11	-1.18727e+11	-3.63756e+08	1.48351e+11	1.07816e+11	-4.3401e+09	5.44199e+10	-2.55644e+11	-1.67865e+10	-1.94565e+11	-6.52448e+10	-1.39127e+09	-1.14826e+11	-8.78982e+08
1.5e-11	-8.41962e+09	-4.84364e+10	-5.13298e+10	-6.0016e+09	-9.44813e+10	4.07464e+09	5.82626e+09	-3.09257e+10	-3.58355e+11	-2.07956e+10	4.38595e+10	-1.00399e+11	4.68845e+09	-1.17202e+11	2.02051e+11
2e-11	7.7005e+09	-2.3602e+10	-9.85279e+10	-8.65557e+09	1.64843e+11	1.23403e+11	-2.82445e+10	1.84224e+10	1.84212e+11	-3.85845e+09	-1.8508e+11	-1.79417e+11	-4.08653e+09	-5.24237e+10	-9.5991e+10
2.5e-11	1.91252e+10	2.78528e+11	-5.9529e+10	-2.96237e+10	3.83203e+11	1.72547e+11	9.26958e+09	-4.34411e+09	-2.10798e+11	-3.39524e+09	1.35549e+11	-3.38027e+10	-7.78535e+09	1.64464e+11	1.53671e+11
3e-11	-5.25369e+09	2.89185e+10	1.81375e+11	-9.42739e+09	5.63686e+10	-1.82994e+11	-2.12329e+10	1.72755e+11	-2.56293e+11	1.48112e+10	-3.54093e+11	-1.12385e+11	-1.57e+10	7.66573e+10	1.1963e+11
3.5e-11	-7.72914e+09	-1.23778e+11	1.92409e+10	1.51064e+10	-3.17856e+11	-1.55015e+11	7.21595e+09	-1.76583e+11	2.9983e+11	-2.41417e+09	-1.68888e+11	3.42248e+10	-2.1675e+09	2.39399e+10	-7.9037e+10
4e-11	1.50303e+10	1.19187e+10	-1.91458e+11	-2.65906e+10	-2.80814e+11	9.10733e+10	-2.63556e+10	-1.90026e+11	-3.44095e+09	-1.16481e+09	2.72046e+10	-8.75815e+10	3.35928e+10	-1.31679e+11	2.49647e+11
4.5e-11	-1.98148e+10	-2.98545e+11	2.00118e+10	-1.04487e+09	-1.92257e+11	1.56548e+11	-1.17598e+09	-1.69987e+11	5.9476e+10	3.83116e+09	2.17473e+11	2.7066e+11	3.92538e+09	8.62397e+10	1.305e+11
5e-11	-2.41346e+09	-8.8016e+10	-1.30886e+11	-1.34744e+10	-6.32565e+10	1.27239e+11	-2.89334e+10	-1.21858e+11	2.6592e+11	-2.41123e+10	-8.80611e+10	2.59217e+11	-3.70088e+09	4.19259e+10	-1.2512e+11
5.5e-11	-1.37818e+10	1.9235e+11	-1.72319e+11	2.27953e+09	-3.81848e+10	1.18004e+11	-3.38066e+10	8.20793e+10	1.43541e+11	-1.31419e+10	-5.28874e+10	7.01109e+10	-7.06307e+09	3.2509e+11	2.21483e+10
6e-11	-1.03166e+10	2.35952e+11	9.55053e+10	-1.80786e+10	8.71741e+10	-2.03424e+11	-4.0374e+10	-1.42879e+11	3.48869e+11	-5.57471e+09	-1.20417e+11	1.14439e+11	-1.62807e+10	1.54376e+11	-2.47344e+11
6.5e-11	1.81106e+09	2.40347e+10	9.19137e+10	2.55419e+10	2.06053e+10	2.58006e+11	-1.34268e+10	-1.14126e+11	-2.1502e+11	-4.4631e+08	-1.25422e+11	-2.26316e+10	-8.54805e+09	-1.43885e+11	-1.71401e+11
7e-11	3.47063e+09	-1.96516e+11	2.45846e+11	7.60369e+07	1.51546e+11	2.37756e+11	2.109e+09	4.51865e+10	8.84845e+10	-8.26271e+09	-2.05174e+11	-2.12152e+10	3.80713e+09	2.25962e+10	1.47987e+11
7.5e-11	-2.11158e+10	1.25544e+10	-5.48596e+10	-2.11924e+10	5.78762e+10	-4.34777e+10	-1.21334e+10	-5.83108e+09	-1.54279e+11	-1.93392e+10	2.01379e+11	-1.71258e+11	-7.96128e+09	-6.68237e+10	9.45669e+10
8e-11	2.95485e+09	2.48549e+11	6.66854e+10	-2.37236e+10	-1.13314e+11	1.31445e+11	4.79603e+09	-7.82824e+10	-6.75038e+10	-1.87806e+10	-1.71334e+11	1.32455e+11	-1.78871e+09	-1.91281e+10	-1.00429e+11
8.5e-11	-2.32715e+09	1.04365e+11	-2.74813e+10	-4.31804e+09	-1.2016e+11	-2.27823e+11	2.33084e+09	-7.07612e+10	-1.72325e+11	-6.97294e+09	-1.47529e+11	-8.19508e+10	-2.59415e+10	2.45968e+11	2.12351e+11
9e-11	-9.6701e+09	4.60082e+10	2.86139e+10	-1.10871e+10	-3.50668e+11	-3.48986e+09	-1.56205e+10	-5.18943e+09	-1.48865e+11	5.70567e+09	2.38614e+11	-6.84031e+10	7.80613e+09	1.17346e+11	1.06065e+11
9.5e-11	-6.99989e+09	5.12691e+09	-5.52972e+10	1.10767e+10	7.17693e+10	-2.06241e+11	-1.49648e+10	4.08582e+10	-9.38504e+10	-3.02043e+09	2.3126e+11	-4.87451e+10	-1.29942e+10	-1.80963e+11	7.98903e+10
1e-10	-1.13273e+10	1.96556e+11	-3.85583e+10	-9.64836e+09	-3.46291e+10	1.93293e+11	2.13398e+09	-1.45988e+10	-4.05093e+10	8.64812e+09	-2.44596e+11	-1.51549e+11	5.96645e+09	6.78522e+10	2.23793e+10
1.05e-10	-2.18147e+10	-1.19865e+11	-1.66243e+11	-8.61848e+09	2.32415e+11	-3.28199e+11	-1.39539e+10	-7.82826e+10	-6.42193e+10	-3.18346e+09	-1.28293e+11	-1.04521e+11	-9.50132e+09	2.78571e+10	1.85045e+11
1.1e-10	7.52206e+08	4.66816e+10	1.25535e+10	-1.46747e+10	8.11883e+10	2.60063e+11	-1.0967e+10	2.0732e+11	1.22096e+11	2.3216e+09	-2.61409e+11	4.63121e+10	-5.44004e+09	-2.14144e+11	-2.23047e+10
1.15e-10	-2.31925e+10	1.07818e+11	-2.01495e+11	-1.30029e+10	-1.40933e+11	-3.76958e+10	-1.30988e+10	-4.7845e+10	5.66071e+10	-9.23267e+09	-6.34972e+10	-1.37097e+10	1.3685e+10	-1.55677e+11	1.1961e+10
1.2e-10	-1.3414e+10	1.40113e+11	4.60578e+10	-1.25741e+10	1.52193e+11	-2.54046e+10	-2.62583e+09	9.92974e+10	-4.03155e+10	-2.14446e+10	1.82982e+11	-1.27643e+10	1.29531e+10	-1.42574e+11	4.06066e+10
1.25e-10	-7.13256e+09	-1.61813e+11	4.37769e+10	-1.16056e+10	6.59519e+10	-1.97906e+11	-2.84839e+09	1.07353e+11	-1.80351e+10	-7.67513e+09	-1.18692e+11	1.41263e+11	-1.46149e+10	8.39148e+09	9.96994e+10
1.3e-10	-3.91629e+10	-2.67243e+11	-6.04566e+09	-8.07891e+09	2.10998e+11	-4.36656e+09	-1.05051e+10	-1.97042e+11	1.14988e+11	-9.19343e+09	3.95829e+10	3.72862e+10	5.53486e+08	-1.52144e+10	-5.88848e+09
1.35e-10	-8.44557e+09	1.00317e+11	1.78197e+11	-9.07406e+09	2.55552e+10	-8.11749e+10	-1.0576e+10	4.25468e+10	9.40663e+10	-1.05495e+09	-7.6357e+10	-7.43754e+10	-2.63631e+10	-9.73074e+10	5.15941e+10
1.4e-10	-1.82999e+10	8.58575e+10	6.77426e+10	3.67182e+09	4.66341e+10	1.62491e+11	8.54677e+08	3.40219e+11	2.29e+11	3.94803e+09	-3.89961e+10	5.90499e+10	1.33041e+09	-8.72568e+10	1.34153e+11
1.45e-10	5.19751e+09	3.85438e+10	7.30611e+10	-1.35778e+10	-8.60262e+10	-2.34038e+10	-5.11235e+09	-1.1049e+11	-2.12301e+10	3.78004e+09	-1.86529e+11	-2.36368e+11	-1.6635e+10	1.50208e+11	8.25053e+10
1.5e-10	-1.20933e+10	-2.74053e+10	1.91731e+09	-7.75636e+09	6.36018e+10	1.57193e+11	7.13297e+09	1.76332e+11	-1.33815e+11	-7.16298e+09	-5.3712e+09	4.83478e+10	-1.33598e+10	-1.50151e+10	1.26214e+11
1.55e-10	1.00346e+10	1.64118e+11	1.1088e+11	-2.81424e+09	-1.48836e+11	-5.99124e+10	-2.41014e+10	-3.29258e+11	1.32444e+11	-9.5092e+09	1.01974e+11	-2.45755e+10	-1.90936e+10	-6.02274e+10	4.87408e+10
1.6e-10	-1.15537e+10	-5.54042e+10	5.58037e+10	1.87539e+09	2.52764e+10	5.39634e+09	-1.15869e+10	-8.47016e+10	-1.99986e+09	-8.0661e+09	9.08976e+10	1.51566e+11	7.905e+09	9.77619e+10	6.26724e+10
1.65e-10	-9.76417e+08	4.76826e+10	6.19581e+10	-6.16929e+09	-5.04438e+10	-1.29811e+11	-1.09162e+09	2.01059e+10	1.60544e+10	6.28038e+09	-1.92407e+10	-2.98105e+10	4.76922e+09	-9.14102e+10	3.25008e+10
1.7e-10	-1.00745e+10	-9.43647e+10	-7.52212e+10	-1.39355e+10	1.25837e+11	-1.7919e+11	-1.03436e+10	1.07052e+11	-5.24738e+10	-1.92655e+09	-4.79133e+10	-1.90655e+10	5.14604e+09	-1.47801e+11	-7.98128e+10
1.75e-10	-2.02484e+10	1.66149e+11	-4.05904e+10	-7.90995e+09	1.75996e+11	-3.31956e+11	-5.32793e+09	-8.78394e+10	1.50982e+09	1.1795e+10	1.34747e+11	1.62296e+11	-3.25614e+10	2.54235e+11	6.14732e+10
1.8e-10	-1.80696e+10	-2.57456e+11	-8.48177e+09	6.28442e+09	-8.72217e+10	-2.47031e+11	-4.67238e+09	-1.54544e+11	-8.40632e+10	-1.68062e+10	3.19853e+11	2.66677e+11	4.5245e+09	-2.21607e+11	1.128e+10
1.85e-10	-8.52153e+08	2.2843e+11	5.4547e+10	-1.39043e+10	-1.56483e+11	2.66887e+10	-2.63531e+10	-2.77005e+11	-2.441e+11	-2.31199e+10	-1.22139e+11	1.70755e+11	-2.68812e+10	-5.05172e+10	2.11099e+11
1.9e-10	1.33038e+06	-1.69564e+10	1.16426e+11	7.05983e+09	-7.41651e+10	-8.51775e+10	-2.1425e+10	-5.68627e+10	-3.61211e+10	-3.13587e+09	-6.06719e+08	-2.22758e+11	6.2432e+09	1.2184e+11	-1.07383e+11
1.95e-10	-1.23029e+09	-3.79779e+10	-2.28391e+11	-1.0942e+10	1.16726e+11	5.7117e+10	6.39623e+09	-1.44768e+11	4.08215e+10	-3.94563e+09	-2.29742e+11	5.18143e+10	-9.11718e+09	2.18652e+10	3.86644e+10
2e-10	-1.48797e+10	-2.13045e+11	1.53605e+11	-4.78992e+09	1.53742e+10	-1.77713e+11	-3.1876e+09	-1.02642e+11	1.47934e+11	1.01434e+10	-2.02093e+11	-1.87773e+09	1.18391e+10	-1.26529e+11	-2.52847e+11
2.05e-10	-7.04448e+09	3.13359e+11	-5.48335e+10	-1.23382e+10	-1.65034e+11	-1.03083e+11	-2.38323e+09	-2.19801e+08	5.25502e+10	-7.73411e+09	1.46341e+11	1.5935e+11	3.20411e+09	-1.72435e+11	5.68965e+10
2.1e-10	-8.9695e+09	7.11475e+10	-7.38288e+09	2.2315e+10	4.29974e+09	3.07193e+11	1.04554e+10	1.1669e+11	4.221e+11	-8.07216e+09	-8.85455e+10	-8.23561e+10	1.34665e+09	-8.83133e+10	2.4003e+11
2.15e-10	-1.49873e+10	8.16478e+10	-2.36264e+08	1.79136e+10	2.1951e+11	3.89423e+10	-1.58986e+09	1.17047e+11	1.56213e+11	4.6532e+09	1.86376e+11	-7.1276e+10	4.53192e+09	1.67597e+11	4.49706e+10
2.2e-10	-1.30957e+10	3.74207e+10	-3.66675e+10	-1.00583e+10	7.03504e+10	6.21527e+10	-8.99793e+08	8.15142e+10	-4.43059e+10	-4.98708e+09	1.42315e+11	-8.64284e+10	-8.36936e+09	1.15496e+11	-1.41286e+11
2.25e-10	-1.54227e+10	3.24374e+11	6.84008e+10	-2.68513e+10	-3.75832e+10	-3.87723e+11	5.94431e+09	2.49961e+10	-1.33972e+11	1.24318e+10	2.12997e+11	-1.44679e+11	5.08768e+09	-1.98944e+11	1.29766e+11
2.3e-10	9.36997e+07	-9.84016e+10	9.99094e+10	-9.49872e+09	-4.48471e+11	-9.00974e+10	-7.28695e+09	9.17735e+10	-3.60507e+10	-2.89325e+10	2.96942e+11	-1.18996e+11	-9.43611e+09	-9.37348e+08	-2.80279e+10
2.35e-10	-1.1699e+10	-1.58124e+10	-7.29359e+10	-1.74958e+10	2.69264e+11	-1.27301e+11	5.43628e+09	-3.46146e+10	-4.172e+10	-1.59788e+10	-7.03015e+10	1.80237e+11	3.97424e+09	1.3215e+11	-1.44378e+11
2.4e-10	-5.36291e+09	6.33087e+10	-1.60239e+11	1.58332e+10	1.52634e+11	9.11409e+10	1.80253e+09	-6.35106e+10	-8.3787e+10	-1.54084e+10	1.05253e+11	-2.69406e+11	-1.88711e+10	3.36752e+10	2.42474e+11
2.45e-10	-1.00784e+10	1.03432e+11	-9.04672e+10	2.20382e+09	-7.54384e+10	-1.46485e+11	2.18019e+09	1.66541e+11	-9.16992e+09	-4.25666e+10	-4.31362e+11	-1.48013e+11	-6.1522e+09	3.07349e+10	-1.46207e+11
2.5e-10	2.54628e+09	5.456e+10	-2.16532e+11	-5.88605e+09	4.56958e+10	-2.827e+11	-3.80272e+09	3.86818e+10	5.15438e+10	-3.8564e+09	7.34992e+10	-2.63613e+11	-5.5188e+09	1.43158e+11	3.93733e+10
2.55e-10	4.76128e+09	-1.38348e+11	-8.16226e+10	-1.07352e+10	1.68813e+11	7.86808e+10	1.4151e+09	-7.57511e+10	-6.39411e+10	-3.32677e+09	1.32212e+11	-1.12453e+11	3.754e+09	-1.48252e+10	-2.0261e+11
2.6e-10	8.308e+09	-2.15285e+11	2.62605e+11	-8.87264e+09	-1.87081e+11	2.05235e+11	2.41858e+10	-1.45191e+11	1.26793e+10	-1.05018e+10	8.33542e+10	8.03234e+09	-1.10154e+10	9.33784e+10	-8.30576e+10
2.65e-10	-5.59313e+09	-1.78758e+10	3.3055e+10	1.75e+09	1.33284e+11	7.57219e+10	-6.88675e+09	-1.52417e+11	2.59888e+11	-2.19258e+09	-8.31001e+10	3.55789e+11	7.84645e+09	-2.07191e+11	1.61304e+11
2.7e-10	-1.8026e+09	-9.69678e+10	1.9851e+11	-3.5541e+08	1.2797e+11	1.46572e+11	-1.22236e+10	-7.80179e+10	-1.03569e+11	5.22829e+09	-2.11207e+10	5.37032e+10	-3.48588e+09	7.49787e+10	-2.97171e+10
2.75e-10	-2.07769e+09	2.11297e+11	2.7843e+11	1.03334e+10	-9.15691e+10	-2.11234e+11	1.06732e+10	2.40821e+11	-1.76048e+11	-5.34712e+09	-4.23919e+10	-1.41697e+11	-5.30215e+09	-5.92347e+09	5.55689e+10
2.8e-10	6.20818e+09	-4.31263e+10	4.87154e+10	-1.23072e+10	-4.59057e+09	1.2271e+09	-3.84655e+08	4.04491e+10	-1.54249e+11	-1.76604e+10	1.37637e+11	-2.91041e+10	1.3499e+10	-1.51482e+11	6.73135e+10
2.85e-10	-1.84245e+10	1.82428e+10	1.39296e+11	8.10372e+09	-7.26452e+10	1.68284e+11	1.05509e+10	2.11301e+11	-1.46919e+11	7.02546e+09	-1.20938e+10	1.40437e+11	2.63381e+09	-1.43048e+11	-5.35582e+10
2.9e-10	-9.50391e+08	-7.89238e+10	-8.82374e+09	-9.32429e+08	1.52613e+11	-6.78748e+10	-2.04523e+10	-8.06094e+10	-3.03351e+11	-1.13517e+10	-2.43228e+10	-2.50856e+11	-1.22092e+09	2.14312e+11	-6.58724e+10
2.95e-10	-9.47803e+09	1.40737e+11	-1.97357e+11	4.97531e+09	1.02192e+11	-1.78275e+11	7.38672e+09	-2.45295e+11	2.48619e+11	-2.15366e+10	-5.22435e+10	-1.93702e+10	3.1906e+08	-2.20378e+11	2.3485e+11
3e-10	4.11096e+09	-1.92586e+11	8.9066e+09	-9.76508e+08	-1.22926e+11	-6.19362e+10	-2.29453e+10	-7.18306e+10	-7.42368e+10	6.04778e+09	1.23561e+11	1.87326e+11	-4.38799e+09	-3.85372e+10	7.23284e+10
3.05e-10	-9.20868e+09	2.19056e+10	-5.71227e+10	-4.75375e+09	1.21026e+11	-2.5438e+11	-6.78562e+09	2.19482e+11	-6.81449e+10	4.45832e+09	1.71194e+10	-5.51336e+10	7.1389e+09	1.26144e+11	2.90944e+11
3.1e-10	7.10451e+09	-5.77996e+10	-1.15829e+11	7.52853e+09	-2.04857e+10	-1.46221e+11	-6.50704e+09	2.28787e+10	-4.62378e+10	-2.44386e+10	-6.00546e+10	1.2532e+11	-4.39782e+10	-2.89379e+11	-1.3016e+11
3.15e-10	1.59874e+09	1.67371e+11	4.24973e+10	-2.21816e+09	2.08494e+11	1.75917e+11	-1.28911e+10	-1.53915e+11	-1.0712e+11	-1.78226e+10	1.18875e+10	8.08555e+10	4.81286e+09	-2.29254e+11	8.96489e+10
3.2e-10	9.93959e+08	-8.30031e+10	-6.38513e+10	-1.19343e+09	2.44444e+10	-6.29483e+10	-1.85267e+10	7.56729e+09	3.7403e+10	1.0905e+10	1.1729e+11	-2.82706e+10	-7.49822e+09	4.24237e+10	6.15469e+10
3.25e-10	-5.98827e+09	-9.0845e+10	-1.45163e+11	-9.56406e+09	1.68368e+11	1.71355e+11	1.79178e+10	-1.03057e+11	4.40209e+11	-1.06094e+10	-2.10061e+10	-2.49298e+11	-1.22279e+10	3.85067e+10	-2.16895e+11
3.3e-10	1.95454e+09	1.90336e+10	2.05058e+11	-1.5319e+10	1.05752e+11	5.36916e+10	-8.67301e+09	-1.73567e+11	6.74971e+10	-4.96456e+09	1.98776e+11	6.75813e+10	1.44734e+10	-2.20812e+10	-1.54698e+11
3.35e-10	8.57885e+09	1.40118e+11	-2.28755e+11	-4.18196e+10	2.57069e+11	-7.74674e+10	-4.44309e+09	-1.44826e+11	6.16031e+10	4.14478e+09	1.4021e+11	8.30505e+10	1.65693e+10	-1.72165e+11	3.71501e+10
3.4e-10	4.65685e+09	-7.82732e+09	1.26515e+11	-1.9851e+10	5.22563e+10	-1.81539e+11	-1.14069e+10	9.72785e+10	1.32337e+11	-4.38544e+09	-2.3481e+11	-5.1484e+10	-1.88571e+09	7.71735e+10	1.56142e+11
3.45e-10	1.50083e+10	-9.84641e+10	9.0052e+10	-5.50906e+09	3.24158e+11	8.77265e+10	1.31809e+10	-1.29531e+11	2.89731e+10	-2.74216e+10	-3.73516e+08	2.75577e+11	2.72736e+09	6.22533e+10	9.71519e+10
3.5e-10	-1.67357e+10	-6.64525e+10	-1.69289e+11	2.01188e+10	2.48369e+11	-5.4162e+10	1.00384e+10	-1.917e+11	1.42688e+11	-4.84727e+10	-2.65313e+11	7.46544e+10	-1.23922e+10	-8.50262e+10	-5.71851e+10
3.55e-10	-1.45821e+09	4.54142e+10	-1.14148e+11	-4.00002e+09	1.90921e+10	-1.58125e+11	2.20573e+09	-4.82377e+10	-1.17747e+11	-2.19183e+09	-3.69091e+10	2.32581e+11	-1.91489e+10	-2.36437e+11	4.30965e+10
3.6e-10	-1.31276e+10	-1.71684e+11	-9.38525e+10	-1.16694e+10	1.59718e+10	2.00104e+10	-1.08482e+10	-8.21175e+10	-3.46956e+09	-3.8921e+10	-3.19915e+11	-2.7766e+11	-3.6214e+09	1.40892e+11	-1.26158e+11
3.65e-10	-3.59677e+09	-1.82683e+10	-2.10667e+11	-7.44228e+09	4.93513e+10	-1.50197e+10	-5.36847e+09	-2.42288e+11	-5.4632e+10	8.05571e+09	1.44634e+11	-2.32784e+10	-1.33719e+10	-5.28119e+09	3.36132e+10
3.7e-10	8.23906e+09	2.03139e+11	-7.08393e+10	-2.8026e+09	-3.99948e+10	-7.16256e+10	1.31874e+10	-1.88301e+11	1.36622e+11	-6.50187e+09	-1.30414e+11	-6.04366e+10	-6.27781e+09	3.8781e+10	1.02207e+11
3.75e-10	-2.40077e+10	-5.29074e+10	-3.99289e+10	-2.69685e+10	2.0871e+11	-2.33583e+11	1.00693e+10	-2.50912e+11	-1.09537e+10	7.21514e+09	8.07579e+10	-1.26042e+11	-2.0012e+10	5.37431e+10	1.13282e+11
3.8e-10	4.36639e+09	-1.11992e+11	-1.26294e+10	-1.76754e+10	-8.67243e+09	-1.74686e+11	-6.80714e+09	-6.06276e+10	1.07963e+11	-1.66244e+09	-1.49256e+11	-4.92406e+10	-3.13615e+09	-7.62646e+10	2.14882e+11
3.85e-10	-1.35954e+10	1.25889e+11	-1.12623e+11	-4.57724e+09	-1.86166e+11	6.18639e+10	-3.37428e+06	3.15958e+10	7.09717e+10	9.54492e+09	-9.31142e+10	1.7407e+11	-2.85916e+10	7.5865e+10	2.09942e+11
3.9e-10	-1.23997e+09	-4.20437e+09	-1.33808e+11	8.00729e+08	-2.28068e+11	5.8321e+10	-1.00795e+10	-1.63723e+11	-3.05209e+11	2.62497e+09	-1.2609e+11	2.37609e+10	-9.23992e+09	-2.61958e+10	9.39253e+10
3.95e-10	-3.03799e+09	1.01845e+11	-1.7268e+11	-3.25034e+09	-1.24194e+11	-1.07144e+11	-1.02481e+10	3.27874e+10	1.26661e+10	-5.00329e+09	1.19323e+10	-1.12353e+11	-8.39853e+09	1.13643e+11	2.59737e+11
4e-10	7.00002e+09	-2.98286e+11	-5.04448e+11	-1.89481e+10	2.1522e+11	2.83854e+11	-1.25062e+10	2.23868e+11	1.38837e+11	-2.21703e+10	-3.72593e+10	-1.57984e+10	-5.98051e+09	-6.26087e+10	1.11147e+11
4.05e-10	-2.45593e+09	-2.35398e+11	4.76873e+10	-9.32718e+09	-9.08861e+10	-1.89179e+11	-7.44243e+09	-1.94349e+11	5.82468e+10	2.79466e+09	-1.03209e+11	2.85451e+10	5.77434e+09	-3.22685e+09	3.06412e+11
4.1e-10	-6.04774e+09	-1.24357e+11	9.72771e+10	2.0627e+09	6.82152e+10	9.50352e+10	-3.45154e+09	-7.50032e+10	1.29609e+11	3.64382e+09	6.89176e+10	1.02302e+11	2.5936e+09	-1.12294e+11	1.42398e+11
4.15e-10	3.45974e+09	1.48484e+11	-1.69379e+11	-7.96494e+09	1.20152e+11	-6.81174e+10	-4.33347e+09	5.28429e+10	7.72634e+10	-1.38778e+09	-2.76938e+11	6.55788e+10	-4.1359e+09	-2.08866e+11	-2.65144e+11
4.2e-10	-9.54963e+09	9.72034e+10	-4.77232e+10	3.22097e+09	2.02386e+11	-8.43475e+10	3.13267e+09	-9.69545e+10	-3.70845e+11	-3.50888e+10	4.35874e+11	1.89519e+11	2.38321e+09	1.93389e+11	-3.96806e+10
4.25e-10	-9.3636e+09	1.64613e+11	-1.71604e+11	-8.39604e+09	8.1345e+09	-2.38733e+10	-5.81912e+08	6.96937e+09	-3.38637e+11	-2.29637e+08	1.31929e+11	-1.68509e+11	-1.77137e+10	1.39202e+11	4.67753e+11
4.3e-10	-1.03835e+10	-1.01437e+11	-1.3077e+10	-2.33565e+10	-6.74085e+10	1.62396e+11	-6.7831e+09	3.63562e+10	-5.31479e+10	-2.45002e+10	-9.60022e+10	9.90263e+10	-9.37961e+09	9.81495e+10	1.6188e+10
4.35e-10	-2.65014e+09	5.88798e+10	1.66017e+11	2.4839e+09	1.65513e+11	8.47289e+09	-8.68829e+08	1.53824e+10	-5.50467e+10	-1.13592e+10	8.83384e+09	-7.14913e+09	2.90335e+10	9.61172e+10	3.9686e+11
4.4e-10	1.69515e+09	9.39868e+10	1.84482e+11	-1.74461e+10	-2.36702e+10	-5.99053e+10	2.78907e+09	1.74947e+10	1.89221e+11	8.84704e+09	4.25671e+10	1.10067e+11	-1.33836e+10	-1.71374e+11	8.14192e+10
4.45e-10	3.8485e+08	6.06573e+10	-1.25798e+11	7.29e+09	1.06582e+11	-2.84491e+10	2.01765e+10	-9.58632e+10	2.52964e+11	-1.14514e+10	2.92841e+08	-2.52055e+11	-1.90647e+10	-1.11593e+11	-4.02384e+10
4.5e-10	-9.44418e+09	-1.56212e+11	2.33029e+10	-2.74271e+08	-1.43585e+11	-3.5681e+10	-1.55514e+10	-6.67094e+10	-6.50486e+10	-1.44806e+10	7.72688e+10	-7.59335e+10	1.41231e+10	-1.46197e+11	1.83547e+11
4.55e-10	-2.53669e+10	-5.54169e+10	3.29667e+11	-1.51103e+10	-5.0331e+10	2.03526e+11	1.21262e+09	1.6235e+11	-1.15034e+11	-6.04644e+09	-5.82416e+10	2.29183e+11	7.09324e+09	-1.36697e+11	2.88466e+10
4.6e-10	1.44143e+10	-4.48938e+10	-1.95538e+11	-1.58524e+10	-1.10306e+11	-2.90727e+11	-2.43874e+10	-8.10537e+10	1.04315e+11	6.20826e+09	1.58047e+11	-2.05647e+11	-5.7346e+09	-1.74659e+10	3.95016e+10
4.65e-10	-8.99888e+09	-1.42911e+11	-4.79195e+10	-2.64178e+09	-1.20583e+11	-8.62716e+10	-1.20019e+10	9.49585e+10	1.4805e+10	-2.22558e+09	-1.14243e+10	3.64611e+10	-7.92599e+09	-9.3754e+10	4.01705e+10
4.7e-10	7.66296e+08	-8.9773e+10	-1.12315e+11	-5.05651e+09	-5.08379e+09	9.98011e+10	-1.15718e+10	1.64711e+11	-7.84052e+10	6.66618e+09	-9.8967e+10	-2.14329e+11	-1.22979e+10	8.44616e+10	-9.302e+10
4.75e-10	7.23769e+08	-6.18112e+10	1.24734e+11	-1.30308e+10	-2.25916e+11	9.20698e+10	-2.17752e+10	1.2684e+11	-2.13149e+11	5.2355e+09	-6.72003e+10	3.21769e+11	-2.08595e+10	-9.45984e+10	-3.14626e+11
4.8e-10	-2.81413e+10	-1.27335e+11	2.11516e+11	1.02952e+09	-1.33226e+10	5.16691e+10	1.13243e+10	-3.18556e+10	7.84207e+10	-1.97516e+10	8.751e+10	-1.72616e+11	-1.74849e+10	-1.14612e+10	9.31816e+10
4.85e-10	1.5684e+10	3.5796e+11	1.89239e+11	7.71697e+09	2.83526e+11	1.19338e+11	2.13327e+09	-1.16218e+11	5.62269e+10	-1.15034e+10	1.86956e+11	6.10975e+10	-1.33095e+09	-1.5689e+11	5.68443e+10
4.9e-10	-3.60584e+08	1.51442e+11	2.20382e+11	9.76233e+09	4.87342e+09	-2.80265e+11	3.17105e+09	2.8018e+11	-1.25104e+11	-4.27606e+09	1.41839e+11	-2.32203e+11	2.62174e+09	2.51987e+11	-4.52484e+10
4.95e-10	-8.64144e+09	1.57366e+10	-3.76986e+10	-2.79637e+10	3.39756e+10	7.49978e+10	-6.43459e+09	-4.59258e+10	-3.78179e+10	1.03488e+09	2.20262e+10	1.16248e+11	-1.7739e+10	1.28355e+11	5.336e+10
5e-10	4.59463e+08	1.84929e+10	-2.2659e+11	9.04071e+09	-2.15579e+11	6.56775e+10	-7.82905e+09	4.2011e+10	2.99586e+10	9.59044e+09	1.09877e+11	1.03248e+11	5.90564e+08	6.23376e+09	-2.37939e+11
5.05e-10	-4.67877e+09	-1.89232e+11	-1.76927e+10	-9.45455e+09	7.93792e+10	3.44371e+10	-2.29168e+10	-7.99713e+10	1.16124e+11	-1.77709e+10	1.34941e+11	-1.00238e+11	-6.45293e+09	5.43143e+10	-5.92219e+09
5.1e-10	-1.00226e+09	1.75545e+11	-1.13632e+11	-1.31009e+10	-1.60926e+11	-4.70848e+10	1.85794e+09	2.96185e+11	-7.5828e+10	-2.04622e+09	1.00067e+10	4.26637e+10	-1.04371e+10	-1.94451e+11	1.2223e+11
5.15e-10	3.35935e+09	-3.10634e+11	9.04473e+09	1.0934e+10	1.86643e+11	-3.12223e+10	-2.30849e+09	8.16023e+09	2.47408e+11	-6.26561e+09	-1.55114e+11	-1.46552e+10	1.74853e+10	-4.2756e+11	1.21332e+09
5.2e-10	-6.59093e+09	1.23071e+11	9.67582e+10	-2.36204e+09	9.91509e+10	6.82124e+10	2.57193e+10	2.00272e+11	1.43202e+11	5.50492e+08	-1.04822e+11	2.43379e+11	-4.29788e+09	-6.16045e+10	-4.54853e+10
5.25e-10	5.26002e+08	7.33671e+10	-1.38081e+11	-6.68219e+09	5.19497e+10	1.5422e+10	1.02047e+10	3.60267e+11	-8.03145e+10	-8e+08	-1.18586e+11	-1.741e+11	-2.06499e+10	-1.99141e+11	-3.74084e+10
5.3e-10	-1.44559e+10	-1.30302e+11	2.11272e+10	-1.1993e+10	-8.23384e+09	4.83269e+10	-3.49106e+09	-5.30139e+10	-9.71965e+10	5.60167e+09	9.61298e+10	7.51307e+09	-2.03592e+10	-1.29676e+11	5.80913e+10
5.35e-10	9.1397e+09	3.09063e+09	1.05467e+11	-1.89732e+10	-2.82985e+11	3.20361e+11	-1.72645e+10	-3.83166e+10	7.5432e+10	-2.38625e+09	3.79592e+09	-8.37359e+10	-2.41852e+09	-6.7864e+10	1.25576e+11
5.4e-10	-6.35445e+09	9.24511e+10	-7.16344e+10	-6.64447e+09	2.21668e+10	-1.578e+11	2.34851e+10	1.71484e+10	4.1059e+11	-5.35792e+09	6.64955e+10	1.24171e+11	7.44927e+09	8.48377e+10	2.24752e+10
5.45e-10	-2.77114e+09	-2.22202e+11	-8.78169e+10	-4.38583e+09	-2.03989e+10	3.95364e+10	2.36198e+09	1.00642e+11	2.71213e+11	5.91394e+09	1.59504e+11	4.36035e+10	-1.43742e+10	-9.28991e+10	-9.82882e+10
5.5e-10	-1.46852e+10	1.93183e+11	1.52929e+11	1.65231e+10	1.08984e+11	2.25171e+11	-6.50238e+09	-5.79432e+10	-6.19405e+10	1.07486e+10	1.53614e+11	2.56098e+11	-3.24582e+09	-5.16359e+10	-6.86336e+10
5.55e-10	-1.73953e+10	1.49953e+11	1.3418e+11	-4.53504e+09	-2.18583e+10	-6.89799e+10	-3.96252e+09	-1.30462e+10	6.76834e+10	6.79089e+09	-1.11875e+10	-3.27122e+11	-2.53172e+10	-1.21314e+11	2.29606e+11
5.6e-10	-4.38326e+09	-9.94998e+10	5.68496e+10	-5.53892e+09	-5.54417e+10	-1.26619e+09	-6.20195e+09	6.44836e+10	1.15758e+11	7.82816e+09	3.24402e+10	-1.62012e+11	1.17789e+10	1.41943e+10	-2.24193e+11
5.65e-10	4.36627e+09	-3.19711e+10	8.15843e+10	-9.35176e+09	-4.92209e+10	5.82905e+10	-2.02535e+10	-1.41974e+11	1.07229e+11	6.99839e+08	-1.52203e+11	-1.30449e+10	-6.49062e+09	-1.19554e+11	-8.04824e+10
5.7e-10	1.4866e+10	2.00133e+09	1.08077e+11	-2.72569e+09	4.06813e+10	8.21575e+10	7.3091e+09	6.69023e+10	1.91752e+11	-1.79361e+10	-9.84678e+07	1.24481e+11	2.91636e+09	-1.35037e+11	8.53717e+10
5.75e-10	-1.15316e+10	1.17274e+10	-8.18664e+10	-5.74832e+09	1.05211e+11	8.8968e+10	-4.40778e+09	-3.38006e+10	1.22726e+11	-2.10667e+10	1.74424e+11	3.84533e+10	-7.90222e+09	2.58565e+10	-7.18704e+10
5.8e-10	3.2669e+09	-1.73619e+10	1.37673e+11	8.91602e+08	1.2308e+11	-3.90231e+10	-2.24106e+10	-8.61406e+10	1.6912e+11	-1.08693e+10	-1.24065e+11	-3.06381e+11	-4.00906e+09	7.69518e+10	-1.53594e+10
5.85e-10	-6.78688e+09	-1.95933e+09	-7.88662e+10	-1.16843e+10	8.03787e+10	8.00091e+10	9.78311e+09	-3.19038e+10	-1.3216e+11	-1.02187e+10	5.89841e+10	1.144e+11	-4.03939e+09	2.46784e+11	3.46941e+10
5.9e-10	3.14981e+09	-2.05145e+11	1.09889e+11	-2.01185e+10	-1.94362e+11	1.02797e+11	-7.78539e+09	1.20206e+11	7.50336e+10	-6.16308e+09	-9.69222e+09	7.15311e+10	-4.0622e+09	-4.0065e+09	1.67741e+11
5.95e-10	-2.3605e+10	-3.50519e+10	2.35118e+11	-4.08859e+09	1.13325e+11	1.08693e+11	-2.52037e+10	8.06777e+10	-6.68642e+10	7.15596e+09	2.94452e+11	3.07641e+11	3.4619e+09	5.06812e+10	-1.08942e+11
6e-10	-2.62319e+09	-1.98068e+10	2.04007e+11	-1.13783e+10	1.80532e+10	-4.47551e+10	1.35438e+10	1.07447e+10	7.60816e+10	-4.45307e+09	-1.64984e+11	-1.2772e+11	-1.09203e+10	-3.26744e+10	2.04902e+11
6.05e-10	-1.08969e+10	7.97676e+10	1.40016e+11	-2.18634e+08	-5.78861e+10	-1.25493e+11	-1.67116e+10	1.959e+11	7.17183e+09	-2.33156e+09	-7.09862e+10	-6.48339e+10	-2.76532e+09	1.24919e+11	-2.41092e+11
6.1e-10	2.13747e+09	1.52117e+10	1.88859e+11	-1.46717e+10	1.89121e+11	-9.20358e+10	1.51035e+09	-7.93043e+10	2.81347e+11	-2.58022e+10	1.25182e+10	1.87282e+11	-4.47114e+09	-1.61123e+11	-1.86454e+11
6.15e-10	-1.04487e+09	-1.3619e+11	-2.16011e+11	6.62838e+09	-1.64046e+10	-3.61453e+10	-1.40591e+10	-4.65807e+10	5.82983e+10	-4.45219e+08	-1.63032e+11	-4.68911e+10	5.62371e+09	-2.96974e+11	4.79621e+09
6.2e-10	7.15699e+08	-3.54361e+11	-4.10742e+11	-1.58524e+10	5.23169e+10	3.75416e+11	-2.49708e+10	1.67088e+11	-2.07617e+11	-1.08683e+10	-2.1691e+10	-1.27005e+11	-1.355e+10	1.70473e+10	2.98258e+11
6.25e-10	-1.85756e+09	-6.23332e+10	-5.51985e+10	-2.29225e+09	-1.62256e+11	-2.85849e+10	-7.91719e+09	-4.00246e+10	-1.66636e+11	-5.76901e+09	-1.36902e+11	3.12428e+10	1.69865e+09	1.84939e+11	-5.89924e+10
6.3e-10	-1.48888e+10	-3.10895e+10	6.12723e+10	-1.45762e+10	-1.04256e+11	1.73657e+11	-4.25866e+09	3.18275e+10	1.91155e+11	-8.32538e+09	-2.22652e+11	7.08308e+10	-1.90529e+10	-9.06438e+10	-3.51411e+10
6.35e-10	-1.22062e+10	1.22544e+11	-1.95704e+11	-1.0823e+10	3.72565e+10	-2.29345e+11	1.52478e+09	-1.69888e+11	-1.35248e+11	-1.72695e+10	-2.33468e+09	-2.00732e+11	1.67622e+10	1.39679e+11	-2.50145e+11
6.4e-10	-1.39201e+10	5.54e+10	-4.89427e+10	-1.50076e+10	1.73395e+11	-1.70377e+11	-3.03489e+09	-1.82225e+11	2.73e+11	-2.31205e+10	1.23765e+11	1.8182e+11	-8.52343e+09	-2.11847e+11	-2.70721e+11
6.45e-10	1.96869e+09	1.27616e+11	4.83698e+10	-1.60296e+10	1.8798e+10	8.38131e+10	-1.20173e+10	-1.40083e+11	-1.13379e+10	-8.29435e+08	-1.57393e+10	3.56462e+10	-8.86935e+09	2.7491e+10	-1.1031e+11
6.5e-10	-7.6136e+09	1.22518e+10	1.57198e+11	-1.46054e+10	-1.70265e+10	1.47596e+11	-1.61401e+10	-7.66771e+10	1.01827e+11	-2.16442e+10	5.6847e+10	2.75078e+11	-9.09663e+09	5.0051e+10	2.34367e+11
6.55e-10	-1.46392e+10	1.80351e+11	1.39464e+11	-5.23318e+09	-7.64313e+10	2.2216e+09	-2.00264e+10	-1.16821e+10	1.51414e+11	-2.30917e+10	-3.80168e+10	-1.91964e+11	-4.83322e+09	5.22536e+10	1.00458e+11
6.6e-10	-1.32191e+09	4.32467e+11	-2.80779e+11	-9.82239e+09	-2.71268e+11	-1.8609e+11	-1.02481e+10	-8.50515e+10	-8.45471e+09	-1.04225e+10	-1.89168e+10	-1.46108e+10	-2.52691e+10	1.20509e+11	5.61136e+10
6.65e-10	-4.30339e+10	3.77885e+11	1.07086e+11	-2.85563e+09	2.44528e+11	3.07058e+10	-1.1098e+10	1.2349e+11	7.1554e+10	-2.40581e+10	-1.57482e+10	-3.83879e+10	-4.88635e+09	5.82507e+10	-6.71472e+10
6.7e-10	-1.34584e+10	-1.33727e+11	1.60397e+11	9.64577e+09	5.12693e+10	-8.91089e+09	-4.15788e+09	-2.54885e+10	1.34633e+11	1.83101e+10	-9.56362e+10	2.22062e+11	6.00042e+09	-1.55333e+09	1.05193e+11
6.75e-10	-1.0101e+10	-2.03165e+11	-2.02654e+10	-9.04007e+09	2.00072e+10	-6.88614e+10	4.60291e+09	1.7353e+10	-7.81606e+09	-9.27975e+09	2.95386e+11	2.6918e+11	8.61614e+09	1.44078e+10	1.54804e+11
6.8e-10	-1.55424e+10	-3.24688e+11	-1.03415e+11	-1.27704e+10	3.00735e+10	1.26654e+10	1.17061e+10	1.0988e+10	-2.86433e+11	-1.23311e+10	6.56484e+08	-7.25797e+10	4.00122e+09	8.95057e+10	-1.37268e+11
6.85e-10	1.33903e+10	1.92557e+11	6.31142e+10	-9.14983e+09	8.56527e+10	-3.19573e+11	-3.05163e+09	-2.18104e+11	-1.32233e+11	3.288e+09	-2.90395e+11	-1.08139e+11	-1.42853e+10	1.54671e+11	-6.13989e+10
6.9e-10	-9.2348e+09	1.26536e+11	-1.54744e+11	-1.17594e+09	-6.99982e+10	-1.62411e+11	-4.05905e+09	2.0333e+11	-4.3347e+10	-9.22882e+09	-3.14002e+10	1.05874e+10	2.06904e+10	-1.41392e+11	-1.66939e+10
6.95e-10	-1.09439e+10	8.3938e+09	6.92188e+10	1.04104e+10	-5.09691e+10	3.66193e+10	1.05645e+09	-2.58197e+10	2.20872e+11	-2.26658e+09	1.37421e+11	1.18276e+11	5.27799e+09	-1.48129e+11	-5.19471e+10
7e-10	5.8034e+09	1.53682e+11	-3.37958e+10	-1.61873e+09	-9.20953e+10	7.46383e+10	9.65007e+09	-8.71375e+10	1.30151e+11	1.68288e+09	1.11615e+11	8.95908e+10	-1.53665e+10	3.96995e+10	-1.65375e+11
7.05e-10	8.69646e+09	2.07071e+11	-9.13918e+10	6.15164e+08	-1.1927e+11	-1.58442e+11	-1.10837e+10	2.73697e+10	-1.4958e+11	-5.67903e+09	-1.19156e+11	1.04267e+11	-1.62352e+10	2.43952e+11	-3.79406e+10
7.1e-10	-1.26928e+08	2.47893e+11	-1.4484e+10	-6.67743e+08	-3.20561e+10	-1.61633e+11	-9.13836e+08	-2.4402e+11	1.63931e+11	-1.26281e+10	-1.20595e+11	-1.74636e+11	-1.05311e+09	1.43241e+11	-1.01196e+11
7.15e-10	-2.68572e+10	-3.56791e+11	-7.91368e+09	1.22449e+10	-6.77637e+10	2.61634e+10	-1.8766e+10	4.63306e+10	-2.26196e+10	-1.72483e+10	-1.12361e+11	-1.01667e+11	-2.13079e+09	-1.27103e+11	-1.04919e+11
7.2e-10	-6.60786e+09	1.67238e+09	8.01351e+10	-6.47537e+09	-6.59329e+10	3.39607e+10	2.5422e+09	-6.10413e+10	1.26912e+11	2.08765e+10	-1.02945e+11	-7.2165e+10	-1.41811e+10	-2.84421e+11	-2.07514e+11
7.25e-10	-8.67974e+09	9.65639e+10	1.89564e+11	1.10041e+10	2.34137e+11	5.36989e+08	-1.22266e+10	8.43559e+10	1.39193e+11	-6.29927e+09	-1.05358e+10	1.09749e+11	-1.44859e+10	8.9164e+10	-1.32989e+11
7.3e-10	-1.76391e+10	7.06e+10	7.70669e+10	-3.30214e+10	-1.11211e+11	2.80955e+11	-2.10752e+10	1.67667e+10	3.59884e+10	-7.08686e+09	-5.49618e+10	1.20605e+11	-2.5875e+09	1.75216e+11	1.19343e+11
7.35e-10	-1.73298e+10	1.61387e+11	-1.35417e+11	3.52799e+09	5.08984e+10	1.25666e+11	-9.57503e+09	-1.37218e+11	1.09428e+11	-7.65714e+09	-1.68231e+11	3.43526e+10	-2.28878e+10	1.91216e+11	1.87491e+11
7.4e-10	-1.77248e+09	2.20208e+11	7.25161e+10	-2.69965e+10	7.78579e+10	5.25817e+10	-7.91885e+08	-4.89725e+10	-1.00695e+10	-1.2222e+10	-2.58728e+11	-9.72852e+10	-5.71345e+09	9.41481e+10	-1.34425e+11
7.45e-10	-9.68231e+09	5.36597e+10	2.49272e+10	-2.435e+10	-1.47995e+11	-3.38631e+11	-1.94716e+10	5.12968e+10	6.92977e+10	4.69415e+09	1.12821e+11	-1.15388e+11	-1.44231e+10	5.29206e+10	-8.62457e+10
7.5e-10	2.9253e+08	3.42222e+10	-2.37377e+11	-6.83244e+09	-6.71459e+10	1.22011e+11	-1.56371e+10	-3.3289e+11	2.42687e+10	-5.12184e+09	9.3396e+10	-1.19673e+11	-8.40696e+08	9.30287e+10	9.83017e+10
7.55e-10	1.52265e+10	1.14686e+11	-1.11718e+11	-1.63341e+10	-3.30942e+10	-1.17523e+11	-7.14342e+09	1.81313e+10	4.31785e+10	-1.37093e+10	1.17035e+11	8.90943e+10	1.11617e+10	-6.9381e+08	-2.0812e+11
7.6e-10	-1.47237e+10	1.80794e+11	2.5233e+11	-8.23783e+08	-9.08168e+10	9.2502e+10	-1.38071e+10	2.15041e+11	-1.46536e+11	7.30689e+09	9.30297e+08	1.46001e+11	1.83427e+09	1.30435e+11	7.13042e+10
7.65e-10	-6.04983e+09	-1.63969e+10	-5.48016e+10	-7.91545e+09	1.15893e+10	6.86872e+10	-1.3966e+10	-2.41384e+10	1.5894e+11	3.43226e+09	8.90237e+10	-2.07141e+10	-1.85826e+10	-1.62014e+11	3.20599e+11
7.7e-10	-8.18694e+09	-1.83912e+09	-7.01252e+10	-8.90794e+09	1.6302e+11	-7.51675e+10	-8.83795e+09	8.47835e+10	-2.67244e+10	-2.85463e+10	-6.43266e+10	-7.64143e+08	-5.01415e+09	-3.82494e+11	1.50432e+11
7.75e-10	1.54061e+10	-4.9397e+10	1.33674e+11	1.74505e+10	-1.07389e+11	-2.11638e+11	-5.63679e+09	2.91131e+11	-4.42736e+10	-3.87145e+09	3.47329e+09	1.13883e+11	-4.11128e+09	-6.45667e+09	5.056e+10
7.8e-10	1.25511e+10	-1.09008e+11	-1.27385e+11	-8.63833e+09	1.91096e+11	-2.26724e+11	-2.7958e+10	-8.96813e+10	-1.88577e+11	-1.37712e+10	-1.68991e+11	-5.50748e+10	-3.19406e+10	-3.20183e+11	-1.96286e+11
7.85e-10	8.54914e+09	-2.10158e+11	1.59839e+11	-6.07055e+09	1.51546e+11	-1.51609e+11	2.8535e+10	-1.64787e+11	9.41149e+10	-1.39591e+09	6.1009e+10	-2.03875e+10	-1.42732e+10	1.18853e+10	-1.487e+11
7.9e-10	-1.41017e+10	6.4513e+10	2.74492e+11	-1.18278e+10	5.08253e+10	-2.10467e+11	-3.34338e+09	-2.73703e+10	-5.74051e+10	-1.62486e+09	3.06597e+10	-5.02244e+10	8.37387e+09	9.81758e+09	8.75495e+10
7.95e-10	1.52997e+09	1.81524e+11	-4.25476e+10	-6.34201e+09	2.27395e+11	6.86505e+10	3.33053e+09	1.52863e+11	-1.15301e+11	-3.06922e+09	5.36383e+10	1.21844e+11	-3.89745e+09	1.48428e+11	2.45133e+11
8e-10	8.49598e+08	1.07822e+10	1.88999e+10	-2.11358e+10	1.10843e+10	6.86274e+10	3.8305e+08	-1.03774e+11	1.337e+11	-5.26495e+09	-1.58239e+11	-2.75278e+10	-8.31658e+07	1.45484e+11	-6.31018e+09
8.05e-10	-5.15811e+09	-5.77539e+10	-7.40718e+10	-1.77445e+09	3.77619e+10	-1.85272e+10	-2.60102e+10	3.97041e+11	9.53355e+10	7.04834e+08	1.72335e+11	2.44985e+11	1.7743e+09	-5.06237e+10	2.94795e+10
8.1e-10	-6.80179e+09	1.21384e+11	-6.38383e+10	7.39758e+09	1.14532e+11	-5.2024e+10	8.98495e+09	1.95689e+11	-9.59703e+10	-9.73518e+09	-4.74478e+10	2.15419e+11	-1.12518e+10	6.18373e+10	3.61099e+10
8.15e-10	7.32383e+09	-8.32422e+10	-1.53924e+11	8.04236e+09	-8.23925e+10	-2.18238e+11	-2.36321e+10	-1.43449e+11	2.49631e+11	4.75479e+09	-7.59619e+10	-2.9012e+10	-5.71687e+07	8.90385e+09	5.05993e+10
8.2e-10	-1.36338e+08	2.55848e+09	2.58023e+11	-2.79918e+10	-3.69333e+10	9.39083e+10	-7.71929e+09	-5.83483e+10	-2.96441e+10	-1.92847e+10	9.25818e+10	5.06187e+10	-1.0322e+10	-7.48848e+10	2.10236e+11
8.25e-10	-1.51463e+10	7.0822e+10	1.90764e+11	-1.68844e+10	-2.27982e+11	-7.28112e+10	-2.18687e+10	-1.68299e+11	8.16176e+10	-4.50788e+09	1.42437e+11	3.4183e+11	-2.34139e+10	3.41133e+11	9.73508e+10
8.3e-10	-1.09419e+10	8.77959e+10	-2.98083e+10	-1.29998e+10	-7.353e+10	-3.80901e+11	1.48451e+09	-2.91098e+10	-2.12749e+10	-1.97156e+10	2.35096e+10	-3.74221e+10	-8.55995e+09	1.42799e+10	3.55719e+10
8.35e-10	-2.76192e+10	1.71278e+11	-1.42137e+11	-8.18314e+09	2.23522e+11	6.21802e+09	2.61846e+09	1.10242e+10	-6.00601e+10	-1.15423e+10	-1.50305e+11	1.77998e+10	-1.16755e+10	4.57854e+09	-1.09802e+11
8.4e-10	-8.50212e+09	5.1202e+10	2.27771e+10	-3.36988e+09	6.85782e+10	5.01947e+10	-1.87001e+09	-2.27953e+11	4.45609e+10	1.56762e+09	1.00282e+11	1.96757e+11	-1.35159e+09	2.96577e+10	-1.43276e+11
8.45e-10	-1.25313e+10	-5.91109e+10	8.87037e+10	-1.34976e+10	-1.8644e+11	-8.48391e+10	2.0859e+10	-1.30367e+11	5.10343e+09	5.13762e+09	-1.42896e+11	-5.6459e+10	-4.32898e+09	7.97709e+10	-4.65524e+10
8.5e-10	2.3482e+09	5.12588e+10	9.78169e+10	7.98319e+09	-1.25685e+11	-5.0168e+10	1.96994e+09	-1.36487e+11	1.24215e+11	-1.4605e+09	7.48523e+10	-1.98411e+10	-2.08373e+09	7.05433e+10	-6.10987e+10
8.55e-10	1.82121e+08	1.05781e+11	2.00319e+10	-3.51236e+09	1.05223e+11	-9.38563e+10	-2.15708e+10	-5.84473e+09	-3.42738e+11	-1.0051e+10	-1.48497e+11	-1.11548e+11	-7.53581e+09	1.52843e+11	-1.41883e+11
8.6e-10	-3.62828e+10	-8.30551e+10	2.51586e+11	-8.18065e+09	-1.08577e+11	-1.3714e+11	-8.81231e+09	5.88919e+10	-4.88674e+11	-6.70951e+09	8.9973e+10	-3.38889e+10	-8.43417e+09	1.15606e+11	4.87724e+10
8.65e-10	-5.24435e+09	-5.31994e+10	6.35729e+10	4.05148e+09	-1.13846e+11	-1.98254e+11	-1.21121e+10	-2.30539e+11	1.08794e+11	-3.67678e+10	1.00549e+10	-2.50766e+11	-5.66119e+09	-6.45283e+10	1.59313e+10
8.7e-10	-9.36097e+09	-1.90293e+11	-2.95551e+10	-1.58366e+10	-1.52143e+11	-3.65192e+10	3.78859e+09	-3.98525e+10	1.72672e+11	-2.1393e+10	1.32538e+11	-1.5599e+11	-8.25856e+09	1.68907e+11	2.71171e+09
8.75e-10	1.89201e+09	1.78263e+11	2.24858e+11	-7.38303e+09	5.95799e+10	6.72843e+10	8.80141e+09	-7.71564e+10	-1.12991e+11	2.28588e+09	-1.60747e+10	5.39499e+10	-1.26966e+10	-3.0706e+10	5.63183e+10
8.8e-10	-5.54724e+09	-4.27447e+10	2.81808e+11	-6.86789e+09	-1.40741e+11	-4.88329e+10	-3.11665e+09	-1.07983e+10	-4.10367e+10	-1.54022e+09	-6.74172e+10	1.8494e+11	8.69272e+09	-2.1134e+11	-1.88641e+11
8.85e-10	-7.90378e+09	1.64145e+11	1.34062e+11	-5.61169e+09	-1.88126e+11	-2.77462e+10	-7.20535e+08	-6.58471e+10	-2.49331e+10	-2.98129e+09	-9.64435e+10	-1.34831e+11	6.66124e+09	-5.24959e+10	-3.26465e+10
8.9e-10	-1.30997e+10	-5.2775e+10	-2.38305e+11	7.95314e+09	-2.77657e+11	4.67752e+10	-4.81899e+09	1.05665e+11	-1.82941e+11	-3.7704e+09	8.76374e+10	-1.72906e+11	8.39e+07	-8.47166e+10	-1.96917e+10
8.95e-10	3.14074e+09	6.20159e+10	7.1475e+10	-9.52764e+08	6.87895e+10	-5.68603e+10	8.2182e+09	4.46558e+10	1.13067e+10	-1.00058e+10	-5.59531e+10	-1.53164e+09	2.67166e+09	1.69487e+11	-1.40396e+11
9e-10	-8.35344e+09	1.19154e+11	5.15629e+10	-1.64404e+10	2.50419e+11	-8.64832e+10	2.82779e+09	5.21596e+10	-6.8723e+08	-1.08818e+10	-8.69181e+10	-1.92613e+11	6.69458e+09	3.66902e+10	1.96625e+10
9.05e-10	-3.53757e+09	-8.90131e+10	4.13295e+10	-9.41148e+09	8.32359e+09	7.56961e+10	-6.67463e+09	1.45856e+11	1.57031e+11	-1.83336e+10	8.67849e+10	6.64027e+09	-1.77221e+10	2.76768e+11	-2.74763e+11
9.1e-10	-4.98045e+09	-8.98453e+08	6.97602e+10	-1.33528e+10	2.42486e+11	6.6239e+09	-5.13055e+09	-1.51893e+10	7.04708e+10	-5.91994e+09	5.76978e+10	-1.24819e+11	-1.09172e+10	-3.1512e+11	1.11899e+11
9.15e-10	3.11516e+09	-6.69237e+10	-7.69076e+10	-2.03138e+10	1.27444e+11	8.82205e+10	-2.64336e+10	3.23234e+11	1.14423e+11	-7.52704e+09	2.20211e+10	2.98719e+11	-1.4613e+09	1.91072e+10	-1.07858e+11
9.2e-10	-1.11769e+09	-1.38142e+11	7.13034e+10	-1.0454e+10	1.17693e+11	8.98148e+10	3.57562e+08	5.46243e+10	-2.0631e+09	-7.37076e+09	-2.52183e+10	1.63339e+11	-1.09677e+10	3.13089e+10	9.46922e+10
9.25e-10	-1.32694e+10	-1.1215e+11	4.04204e+10	-4.01866e+09	8.31081e+10	1.13631e+11	-3.15237e+10	-2.40346e+11	-1.38371e+11	-2.69035e+10	-8.86302e+10	1.53808e+11	-1.41043e+10	-1.16993e+11	-2.05452e+11
9.3e-10	-1.21689e+10	1.53099e+11	-2.23579e+11	-7.07824e+09	-7.79426e+10	-2.34894e+11	3.35013e+09	-1.24583e+11	3.81499e+11	-1.02928e+10	-2.25764e+11	-2.23829e+11	-1.54198e+10	-1.60674e+11	-1.64889e+11
9.35e-10	-1.16402e+10	1.88896e+11	-5.19576e+10	-1.39932e+10	-2.02141e+10	1.44352e+11	-1.16852e+10	-6.74403e+10	-2.3981e+11	1.70549e+09	1.45743e+11	-1.76652e+11	-2.69939e+10	-3.31405e+11	-1.86889e+11
9.4e-10	-1.48384e+10	-2.40677e+11	6.58553e+10	3.21426e+10	-3.15413e+11	-2.39492e+11	-1.2536e+10	1.2398e+11	7.73574e+10	2.94225e+09	7.79691e+10	-2.90692e+10	-6.11139e+09	1.35358e+11	5.47271e+10
9.45e-10	2.09817e+10	-1.37188e+11	2.89929e+11	1.1446e+09	7.089e+10	9.57022e+10	-8.54477e+09	1.66117e+11	5.20832e+10	1.3131e+10	-9.64028e+10	3.22423e+11	-2.2817e+09	-6.13197e+10	-5.00763e+10
9.5e-10	-5.77516e+09	-2.27424e+11	1.82686e+11	-1.51481e+10	-6.424e+10	2.92651e+11	-4.58815e+09	-7.8336e+09	1.06469e+11	-1.46469e+10	-5.77948e+09	-2.45855e+11	-6.22257e+09	-7.35795e+10	6.24622e+10
9.55e-10	1.5187e+10	1.82292e+11	-1.57677e+11	-1.1844e+10	4.38518e+10	8.17394e+10	2.61583e+09	5.72676e+10	8.02746e+10	1.02258e+10	-1.1952e+11	1.07782e+11	7.66832e+09	-1.09344e+10	-4.77693e+10
9.6e-10	-7.2233e+09	1.82104e+10	-6.03557e+10	-3.53265e+09	-8.92032e+10	-1.17235e+11	-1.0478e+10	2.5033e+11	-8.62279e+10	-2.97816e+09	-1.22671e+11	6.19912e+09	-3.3577e+09	1.03629e+10	-1.65368e+11
9.65e-10	-8.91385e+09	-5.5747e+09	1.10165e+11	-1.49248e+10	-1.16608e+11	-1.44222e+11	-6.05689e+09	-7.30195e+10	6.31338e+09	-1.47765e+09	-2.21676e+11	5.39865e+09	-2.60412e+09	-8.06714e+10	1.36661e+11
9.7e-10	-3.62237e+09	7.78345e+10	2.06051e+11	-6.81379e+09	-4.71208e+10	2.97305e+11	-1.15779e+10	5.09189e+10	1.35375e+11	9.54435e+09	-1.65142e+11	-1.28352e+11	-9.56221e+09	1.16761e+11	-1.31108e+11
9.75e-10	2.33068e+09	7.59637e+10	6.06686e+10	4.82411e+09	2.75247e+10	-9.01005e+10	1.45281e+10	-9.41884e+10	1.63404e+11	-2.56831e+10	1.79887e+11	3.39261e+11	-9.3675e+08	-1.57403e+10	7.60543e+10
9.8e-10	4.23394e+09	1.47186e+11	-8.53041e+10	-2.0376e+10	-3.44161e+11	1.8914e+11	6.58303e+09	-4.73933e+10	1.76703e+11	1.50056e+09	3.52138e+10	-6.10753e+10	3.98288e+09	3.00368e+10	-7.26447e+10
9.85e-10	-1.21131e+07	-5.41069e+10	-4.578e+10	1.66568e+10	-9.98856e+10	3.09412e+11	-6.29266e+09	-1.1784e+11	1.48557e+11	8.45014e+09	2.89508e+11	-3.55117e+10	-1.48453e+10	-3.14897e+11	-2.17901e+11
9.9e-10	-2.9149e+09	1.32534e+11	1.22547e+11	1.25091e+10	2.06546e+10	-8.26625e+10	-1.41287e+08	5.59222e+10	1.64562e+11	-4.13449e+08	-1.65033e+11	-5.33951e+10	2.34002e+09	-8.31368e+10	-7.93799e+09
9.95e-10	-1.04078e+10	2.61467e+10	2.93226e+11	-2.17729e+09	6.2734e+10	-6.39764e+10	-8.89967e+09	9.43013e+10	-1.53903e+10	7.37864e+09	9.39518e+10	2.74981e+11	1.64732e+09	-1.103e+11	3.84786e+10
1e-09	-1.52384e+10	1.33957e+11	-9.096e+10	-6.86239e+08	-1.19041e+11	-8.18374e+10	-1.96631e+10	1.43472e+11	8.94541e+10	-3.63849e+09	6.9461e+10	2.55344e+10	-2.68862e+08	-1.51312e+11	1.66068e+10
