Mon Oct 21 17:36:33 2024

<base> : Rectangle : 0m, 0m, 0m; 5um, 50nm, 5nm. Cells : 1000, 10, 1. Cellsize : 5nm, 5nm, 5nm
<supermesh> : Rectangle : 0m, 0m, 0m; 5um, 50nm, 5nm. Cells : 1000, 10, 1. Cellsize : 5nm, 5nm, 5nm

Saved data (dataname (unit) <meshname> (cells_rectangle)) : 

time (s)	<mxdmdt> (1/s) <base> (2.6um, 0m, 0m; 2.61um, 50nm, 5nm)			<mxdmdt> (1/s) <base> (3um, 0m, 0m; 3.01um, 50nm, 5nm)			<mxdmdt> (1/s) <base> (3.5um, 0m, 0m; 3.51um, 50nm, 5nm)			<mxdmdt> (1/s) <base> (4um, 0m, 0m; 4.01um, 50nm, 5nm)			<mxdmdt> (1/s) <base> (4.5um, 0m, 0m; 4.51um, 50nm, 5nm)			

0	8350.32	-99093	-104561	8576.16	-17160.5	318964	-13175.6	707813	630961	-3506.71	-259085	129225	-16337.2	303543	-343710
5e-12	2.52146e+10	2.26812e+11	-2.64614e+11	-2.19245e+10	-1.72769e+11	-1.47449e+11	4.13834e+09	-2.67593e+10	7.15802e+10	-1.19795e+08	-1.51601e+11	2.72391e+11	2.78791e+10	2.78848e+11	-2.59707e+11
1e-11	5.52799e+08	-2.34121e+11	-1.70392e+11	-9.00714e+09	-2.01927e+11	-1.42541e+11	-6.05179e+09	1.50729e+11	-5.31356e+10	-6.0248e+09	3.66894e+10	2.77588e+10	-1.18031e+10	-3.1355e+10	2.11203e+11
1.5e-11	2.9131e+10	-2.0166e+11	-1.64706e+11	1.8507e+10	-2.70427e+11	-6.87097e+10	-5.94642e+09	-1.45901e+11	-2.60951e+10	-3.92198e+09	-1.43765e+11	9.54625e+10	-1.05045e+09	-1.83472e+11	1.27532e+11
2e-11	4.50478e+09	-2.04822e+11	-8.17446e+10	-2.76707e+09	-1.98741e+11	3.20169e+11	-2.8243e+09	-1.3543e+11	1.30674e+11	-1.25426e+10	2.48549e+10	1.15824e+10	3.39914e+09	-1.17648e+11	-1.43574e+11
2.5e-11	7.53652e+08	-1.17827e+11	-9.95553e+09	-1.15864e+10	-5.21088e+10	1.04301e+11	-1.98925e+09	2.95253e+10	6.18429e+10	-8.16407e+09	-2.44268e+10	-2.59964e+11	8.05539e+09	1.65127e+11	-2.13598e+10
3e-11	4.29658e+10	-3.58092e+11	2.67817e+11	-1.24066e+10	-1.58372e+11	-2.14323e+11	-1.43245e+10	1.42996e+11	-5.52614e+10	-9.94242e+09	-1.07414e+11	1.26094e+10	-3.54179e+10	8.9777e+09	-1.89319e+11
3.5e-11	4.86655e+08	5.46085e+08	-7.85285e+10	-8.35032e+09	8.58229e+09	1.42761e+11	-5.61193e+09	-3.43137e+10	-3.18205e+10	-7.91037e+09	8.2548e+10	-1.05888e+11	-7.0124e+09	-2.45144e+11	1.3331e+11
4e-11	4.56321e+09	-7.92599e+10	-7.5298e+10	-6.23275e+09	-1.05795e+11	1.40306e+11	-1.29502e+10	6.2785e+10	1.60296e+11	4.35168e+09	-1.71894e+11	-2.10061e+10	-5.80623e+09	8.11138e+10	-1.67209e+11
4.5e-11	7.61322e+09	2.85376e+11	-8.55694e+10	-2.37835e+10	2.07339e+11	2.60758e+10	-2.11191e+08	1.12872e+11	-2.40096e+11	7.00299e+09	8.15157e+10	1.20233e+11	-8.34955e+09	-2.50532e+11	1.74009e+11
5e-11	-9.64209e+09	2.51807e+11	1.96656e+11	-3.92804e+09	3.10827e+10	-1.39616e+10	2.36786e+08	-2.00849e+11	-1.0949e+11	-2.72857e+10	2.62523e+11	2.38263e+08	-1.24815e+10	-1.53536e+11	1.95722e+11
5.5e-11	2.5891e+10	-9.43477e+10	-2.17632e+11	-1.24715e+10	-6.88678e+10	-7.20205e+10	1.45472e+10	-1.319e+11	1.04131e+11	8.84641e+09	-1.83234e+11	2.2914e+11	2.7721e+09	-1.38138e+10	-3.17517e+10
6e-11	2.04379e+10	1.35858e+11	2.51568e+10	3.27593e+10	2.46668e+11	4.2842e+11	-1.89675e+10	2.06522e+11	-2.28487e+09	-8.81442e+09	-1.99296e+10	1.9348e+11	7.66429e+09	1.60478e+11	1.65486e+11
6.5e-11	2.6237e+09	-7.25118e+10	5.19025e+10	-9.40867e+09	3.97479e+10	3.55463e+10	5.17514e+09	2.06445e+11	-8.33879e+10	5.47943e+09	3.84455e+10	2.74401e+11	1.19537e+10	6.17259e+10	1.99212e+11
7e-11	7.56918e+09	-3.72178e+10	3.07644e+11	-1.81487e+10	-1.04468e+11	-1.20066e+11	-3.41968e+09	4.51157e+09	5.55679e+10	-6.82715e+09	-1.09914e+11	-5.59678e+10	-2.13507e+10	-2.00263e+11	1.02188e+10
7.5e-11	-6.013e+08	2.14694e+11	-3.80963e+11	-1.94186e+10	9.12394e+10	-7.6766e+10	-9.18877e+09	-7.61679e+10	-3.29721e+11	-7.52108e+09	-1.11831e+11	-2.64754e+10	8.4097e+09	-2.06277e+11	1.33854e+11
8e-11	1.79712e+09	-2.91556e+10	8.11438e+10	9.99191e+09	6.17759e+10	-1.31455e+11	1.84001e+10	-7.15064e+10	7.58726e+10	-1.17523e+10	-2.7038e+10	7.64583e+10	-1.22974e+09	8.08286e+10	8.34872e+09
8.5e-11	1.00975e+08	-3.74857e+10	-2.2722e+10	-4.4559e+08	3.35839e+10	-6.37824e+10	-1.02818e+10	-1.51111e+11	-2.09545e+10	8.24726e+09	-1.23806e+11	2.81988e+11	-1.24722e+10	3.1515e+11	1.46203e+11
9e-11	3.58338e+10	4.31365e+11	1.06842e+10	6.38123e+09	9.06062e+10	-1.24783e+11	1.76039e+10	-1.77093e+11	-1.95685e+11	-1.17979e+09	6.79258e+10	1.31457e+11	8.75457e+09	7.44984e+09	1.76959e+11
9.5e-11	1.73683e+10	7.5294e+10	-2.27916e+10	-8.78744e+09	-4.90436e+10	1.03051e+11	-1.05596e+10	1.99548e+11	2.91521e+11	-5.93108e+09	-5.33916e+10	1.32086e+11	-1.3702e+10	-8.25025e+10	-5.20758e+10
1e-10	1.73764e+10	5.88215e+10	-4.28923e+11	1.20258e+10	-2.55785e+11	-1.6517e+10	6.49709e+09	2.81662e+10	-1.63648e+11	1.56833e+10	-3.89699e+11	-7.18249e+09	-7.33614e+09	-4.48242e+10	-2.83903e+10
1.05e-10	5.16437e+10	2.3315e+11	5.30683e+10	-7.88742e+09	4.70437e+10	-4.09494e+10	-5.88274e+09	-6.54834e+09	8.55042e+10	4.66045e+09	-1.7099e+11	-8.8244e+10	6.33442e+09	1.49275e+11	2.14212e+11
1.1e-10	9.32197e+10	3.87189e+11	7.31484e+10	2.36439e+10	1.1974e+11	1.57097e+11	-1.43271e+10	1.62706e+11	-4.31693e+10	-1.97801e+09	-4.12573e+09	8.57194e+09	1.23398e+10	-2.99099e+11	-7.56732e+10
1.15e-10	1.31414e+11	3.92433e+11	6.92615e+10	-2.02596e+09	4.07143e+11	6.79033e+09	-2.95197e+09	-7.18977e+09	-2.68473e+09	5.31179e+09	-1.38704e+11	-6.43052e+10	-1.63778e+10	8.62388e+10	8.56723e+10
1.2e-10	1.48097e+11	4.50108e+11	7.34577e+10	5.70654e+09	1.84881e+11	-1.33088e+11	6.20661e+09	-2.26037e+11	-2.99324e+10	1.60772e+10	-2.61338e+11	-1.01974e+11	-3.7538e+09	-2.56757e+11	-2.79793e+10
1.25e-10	8.32824e+10	2.50122e+11	-3.15425e+10	-7.24098e+09	-5.87457e+10	-6.31209e+10	1.46124e+09	-1.40278e+11	1.43839e+11	-1.07285e+10	4.65283e+09	-7.14382e+10	1.73797e+10	-3.08185e+10	2.10542e+11
1.3e-10	1.99744e+11	4.7198e+11	2.68566e+11	-7.58704e+09	5.43353e+10	7.49044e+08	-2.62737e+09	1.60216e+11	1.0999e+11	-2.39294e+09	7.97977e+09	4.49272e+10	-1.94079e+10	-8.79174e+10	-1.33834e+11
1.35e-10	1.45689e+11	-5.73385e+10	4.41934e+11	1.89276e+11	-4.54169e+11	5.21406e+11	-7.06797e+09	1.32127e+11	8.03846e+10	-1.86804e+09	-1.51221e+10	2.29782e+11	8.09547e+09	-1.7227e+11	-9.80923e+09
1.4e-10	1.81343e+11	1.30974e+11	4.05488e+11	1.02006e+11	-2.51249e+11	1.50922e+11	3.42437e+10	-2.5546e+11	6.03749e+10	-3.52266e+09	-1.77359e+11	2.05611e+11	7.62528e+09	-1.78736e+11	-6.6317e+10
1.45e-10	5.30694e+10	2.23142e+11	7.60821e+10	9.95819e+10	-3.62625e+11	1.28909e+11	3.11079e+10	-2.54523e+11	4.15581e+10	-3.37214e+10	1.48051e+11	-9.23662e+09	-5.30446e+10	-2.68201e+10	4.36665e+11
1.5e-10	3.73991e+10	1.10132e+11	7.70956e+10	9.72617e+10	-4.49457e+11	-1.30592e+11	-1.35786e+09	-7.94653e+10	-1.8674e+11	-1.79034e+10	-1.00709e+10	2.12123e+11	-3.31876e+10	1.25971e+11	-2.43024e+11
1.55e-10	7.63203e+10	1.08138e+11	2.07656e+11	8.85377e+10	-3.87885e+11	4.54873e+10	8.93788e+10	-4.84689e+11	-2.92291e+11	1.06023e+10	-1.0838e+11	-7.49784e+10	-7.88657e+09	1.92597e+11	-1.57613e+11
1.6e-10	1.68898e+11	2.60676e+11	3.76217e+11	8.31416e+10	-3.00333e+11	5.36291e+11	3.27432e+10	-1.807e+11	4.63276e+09	1.57901e+10	-1.69251e+11	-1.39854e+11	-1.3435e+10	-2.58968e+10	-6.81844e+10
1.65e-10	1.05084e+11	1.87162e+11	1.93785e+11	3.0547e+10	-1.08484e+11	2.20541e+11	3.52425e+10	-1.471e+11	-2.0471e+11	2.05244e+09	-1.55526e+11	-8.46679e+10	-1.16042e+10	-4.19226e+10	-1.38113e+11
1.7e-10	1.41796e+11	-6.62942e+10	4.19734e+11	5.82346e+10	-1.11861e+11	3.24459e+11	2.24312e+10	-2.18365e+11	-3.07388e+10	-3.04267e+10	1.59205e+11	2.09498e+11	4.70078e+09	-1.85763e+11	-2.00052e+11
1.75e-10	1.27885e+11	6.54124e+10	4.00029e+11	2.92831e+10	-1.27193e+11	2.94129e+11	-4.48268e+09	-3.15158e+11	3.27208e+11	5.84994e+09	-8.34995e+10	-1.04589e+11	4.62211e+09	6.84929e+10	-1.13778e+11
1.8e-10	1.38296e+11	-1.9093e+11	5.56197e+11	1.03707e+10	-6.55866e+10	1.18155e+11	2.36319e+10	-2.31344e+11	-1.17534e+10	1.64026e+10	-2.23132e+11	-4.14818e+11	4.09086e+10	-6.15259e+10	-2.95131e+11
1.85e-10	1.23033e+11	-4.69813e+11	2.0862e+11	1.95768e+10	-1.83177e+11	1.89901e+11	8.23191e+09	-1.74487e+10	-3.19876e+10	2.13267e+10	-1.75136e+11	-1.14088e+11	1.64455e+10	8.98531e+09	-2.14913e+11
1.9e-10	2.20449e+11	-3.24356e+11	4.58569e+11	5.38779e+10	-3.68694e+11	9.9115e+10	8.60945e+09	-1.58024e+11	6.82202e+10	1.30162e+10	-2.75646e+11	8.45685e+10	-6.63333e+09	-4.67013e+10	1.49713e+10
1.95e-10	1.80246e+11	-2.73572e+11	3.40058e+11	3.54836e+10	-3.51404e+11	-1.53005e+11	5.82477e+10	-1.96038e+11	-3.70436e+11	2.81765e+09	1.56634e+10	-1.56193e+11	4.62689e+09	1.94642e+11	-6.09103e+10
2e-10	2.01408e+11	-4.94995e+11	1.76963e+11	6.23294e+10	-2.13542e+11	-3.28406e+11	-1.93188e+10	1.64534e+11	-1.12212e+11	-1.5696e+10	1.64485e+11	1.21519e+11	4.03134e+09	-5.81626e+10	-9.98455e+10
2.05e-10	1.62491e+11	-3.97514e+11	-1.73399e+11	6.52872e+10	-8.37663e+10	-2.9229e+11	2.53385e+10	-6.62005e+10	-2.49946e+11	1.28e+10	5.35602e+10	-2.51476e+11	-1.04787e+10	-3.70166e+10	1.03516e+11
2.1e-10	1.95706e+11	-5.18646e+11	1.78716e+11	7.15909e+10	-2.21989e+11	-3.01997e+11	3.90636e+10	-1.53046e+11	-3.20017e+11	1.31792e+10	-2.47444e+11	1.50968e+11	9.06019e+09	2.2077e+10	-7.48699e+10
2.15e-10	1.91301e+11	-6.03271e+11	-1.32084e+11	1.25676e+11	1.37284e+10	-3.38298e+11	5.24136e+10	-1.84328e+11	-4.98096e+11	-1.82632e+10	-1.06541e+11	1.67241e+11	1.69101e+09	-1.00443e+11	-7.13433e+09
2.2e-10	2.13945e+11	-5.23037e+11	-8.27639e+10	8.72416e+10	-6.66705e+10	-3.5688e+11	4.80059e+09	1.04377e+11	-9.24499e+10	2.75032e+10	1.85507e+11	-2.6298e+11	3.41462e+10	-1.10189e+11	-2.92973e+11
2.25e-10	2.12807e+11	-5.84032e+11	-1.57346e+11	2.51278e+10	-1.10491e+11	-2.10178e+11	8.53719e+10	2.42748e+11	-2.60603e+11	3.31095e+10	1.51823e+11	-2.30485e+11	-1.82903e+10	-2.57269e+11	1.33117e+11
2.3e-10	5.74449e+10	-2.06648e+11	2.81572e+10	9.19243e+10	2.10179e+11	-3.28663e+11	3.77358e+09	-5.03682e+09	-3.85829e+10	9.00209e+09	8.93753e+10	-1.66166e+11	-1.67608e+10	1.25975e+11	1.60143e+10
2.35e-10	2.39591e+11	-4.88273e+11	-2.32165e+11	8.65908e+10	7.2474e+10	-3.46928e+11	1.10004e+11	2.90334e+11	-3.74959e+11	-9.0218e+09	2.73094e+10	1.94675e+10	4.18227e+10	2.33653e+11	-1.20573e+11
2.4e-10	2.0669e+11	-3.05398e+11	-3.89136e+11	-1.10292e+09	7.49858e+09	-7.3e+10	1.30839e+09	8.25952e+10	1.90491e+10	1.26346e+10	-4.59949e+10	-2.05803e+11	-8.58352e+09	3.77311e+10	1.33194e+11
2.45e-10	1.77145e+11	-2.225e+11	-2.57715e+11	1.06955e+11	3.03506e+11	-2.92543e+11	1.06408e+10	2.05514e+10	-1.10999e+11	3.47856e+10	2.80419e+11	-5.69378e+10	3.76652e+10	3.01461e+11	1.74144e+11
2.5e-10	4.4824e+11	-3.14725e+11	-6.64626e+11	1.28318e+11	3.30386e+11	-2.06237e+11	7.61443e+10	1.82721e+11	-3.50155e+11	-1.17959e+09	1.10818e+10	1.72065e+11	1.51409e+10	2.73634e+11	-1.20932e+11
2.55e-10	2.50625e+11	2.81101e+10	-5.44216e+11	2.21417e+11	5.88911e+11	-3.46876e+11	5.83526e+10	2.31308e+11	-2.43582e+11	3.02829e+10	3.39761e+11	-1.49771e+10	-5.3067e+09	3.63639e+10	2.59661e+11
2.6e-10	2.09872e+11	8.74021e+10	-4.75005e+11	8.94935e+10	2.05685e+11	-7.9815e+10	6.76002e+10	2.48613e+11	-3.24195e+11	2.6551e+10	3.0149e+11	-1.40112e+11	2.75919e+10	3.18394e+11	5.62396e+10
2.65e-10	4.72933e+11	-1.85777e+11	-6.44413e+11	2.24033e+11	5.40984e+11	-1.83723e+11	8.23108e+10	3.84934e+11	1.37484e+11	1.98508e+10	1.8476e+11	-1.19829e+11	-7.1201e+09	-6.45427e+10	7.24834e+10
2.7e-10	4.03439e+11	1.39821e+11	-4.985e+11	8.26383e+10	2.03592e+11	-2.22532e+10	7.32967e+10	3.18142e+11	-3.45826e+10	3.09306e+10	1.84113e+11	-3.53489e+10	2.29163e+09	-7.79113e+10	2.5998e+11
2.75e-10	4.89292e+11	3.09759e+11	-5.79067e+11	2.01608e+11	5.70384e+11	-2.55871e+10	6.61352e+10	3.16384e+11	9.46803e+10	-8.05072e+08	1.30651e+11	-1.12056e+11	1.58832e+10	1.76673e+10	1.85723e+11
2.8e-10	4.37926e+11	4.91369e+11	-5.62421e+11	2.15817e+11	5.29483e+11	1.65622e+11	9.36472e+10	3.84838e+11	3.2288e+10	1.43887e+10	1.50052e+11	8.02941e+08	-7.54524e+09	-2.12311e+10	6.87896e+10
2.85e-10	2.84118e+11	3.99794e+11	-2.03611e+11	1.33254e+11	2.8717e+11	1.22907e+11	1.52991e+10	4.8342e+10	1.10182e+11	8.70402e+10	1.37916e+11	2.92106e+11	3.62339e+10	2.99841e+11	3.54497e+11
2.9e-10	3.95925e+11	4.95281e+11	-3.03054e+11	1.81141e+11	2.31734e+11	2.97759e+11	1.15119e+11	1.30067e+11	4.00404e+11	7.86088e+10	2.02464e+11	4.98682e+11	-9.36415e+09	2.89177e+10	4.34048e+10
2.95e-10	4.09441e+11	5.62377e+11	-2.60506e+11	3.12234e+11	3.42913e+11	5.69794e+11	1.15443e+11	2.30045e+11	4.49531e+11	7.87706e+09	7.25104e+09	7.62776e+10	-1.22542e+10	-2.96847e+10	-1.64504e+11
3e-10	3.95884e+11	6.5864e+11	-1.16988e+11	2.27413e+11	2.81866e+11	4.76592e+11	8.65168e+10	1.87901e+11	3.84334e+11	4.34455e+10	5.99113e+10	2.8693e+11	3.19906e+10	-2.1997e+10	2.66637e+11
3.05e-10	4.7642e+11	7.49028e+11	-4.55119e+10	3.70355e+11	2.03474e+10	7.40823e+11	1.13105e+11	-9.40291e+10	4.03407e+11	2.8816e+10	-3.50417e+09	2.6043e+11	2.55774e+10	-7.00176e+10	2.28003e+11
3.1e-10	3.46419e+11	5.87466e+11	1.42846e+11	1.22617e+11	1.32713e+11	3.47192e+11	1.02056e+11	-1.17802e+11	3.45877e+11	5.92619e+09	1.76297e+11	1.58798e+11	4.49192e+09	-1.74741e+11	1.18348e+11
3.15e-10	3.54673e+11	5.34008e+11	1.99285e+11	1.99476e+11	-1.86395e+10	5.86571e+11	1.25538e+11	-1.44416e+11	4.37548e+11	1.02129e+10	-1.86043e+11	-1.52375e+09	4.68009e+09	-7.36958e+10	2.63635e+10
3.2e-10	5.54611e+11	7.23513e+11	2.30481e+11	8.04142e+10	1.71832e+11	4.02584e+11	1.36509e+11	-4.16812e+11	3.84567e+11	4.1174e+10	4.0275e+10	2.39489e+11	4.82566e+09	-6.19832e+10	1.25555e+11
3.25e-10	5.54176e+11	6.88275e+11	1.31739e+11	1.02778e+11	-4.3628e+11	1.89602e+11	7.10571e+10	-3.01728e+11	1.05015e+11	4.82175e+10	-8.98986e+10	2.35035e+11	2.07691e+10	-1.64378e+11	-8.23801e+10
3.3e-10	5.37056e+11	6.30332e+11	3.23416e+11	2.06589e+11	-1.12852e+11	5.70986e+11	1.02647e+11	-2.37112e+11	3.47825e+11	1.03765e+10	-7.35692e+10	1.7067e+10	4.89556e+09	-3.97278e+10	5.92299e+10
3.35e-10	3.06403e+11	2.68258e+11	4.26838e+11	3.05122e+11	-4.38622e+11	5.25862e+11	4.5481e+10	-2.51579e+11	6.86611e+10	5.26247e+10	-2.79482e+11	-1.35766e+11	4.29822e+10	-2.56128e+11	2.37015e+11
3.4e-10	2.10168e+11	1.98607e+11	3.41032e+11	3.29632e+11	-5.26742e+11	5.51311e+11	1.13041e+11	-2.92069e+11	3.01483e+11	5.63761e+10	-2.61758e+11	4.3984e+10	7.53385e+10	-2.71337e+11	1.96197e+11
3.45e-10	4.0473e+11	4.08644e+11	5.50851e+11	2.1645e+11	-3.55778e+11	2.49627e+11	1.21816e+11	-4.41185e+11	2.08572e+11	3.44945e+10	-3.14886e+11	-1.02316e+11	3.41115e+10	-3.35409e+11	-1.9871e+10
3.5e-10	3.81326e+11	6.14982e+10	6.07855e+11	9.57741e+10	-2.95483e+11	5.35832e+10	1.80993e+11	-5.5231e+11	1.75593e+11	5.97524e+10	-3.00176e+11	-2.28151e+11	4.94667e+10	-3.93387e+11	-8.45105e+10
3.55e-10	4.50315e+11	1.53313e+11	6.89626e+11	1.23005e+11	-2.11951e+11	1.99201e+11	4.47188e+10	-1.96752e+11	9.34081e+09	2.40764e+10	-1.14124e+11	3.4146e+10	-8.88508e+09	-8.63899e+10	4.61011e+10
3.6e-10	5.14896e+11	4.82024e+11	6.63464e+11	9.72704e+10	-2.56306e+11	1.9357e+11	2.29729e+10	-8.5243e+10	-1.48878e+11	4.70577e+09	-2.17723e+10	-4.67162e+09	3.808e+10	-2.50848e+11	-1.35494e+11
3.65e-10	4.65238e+11	-1.4809e+11	7.70037e+11	1.10273e+11	-2.98006e+11	5.35649e+10	8.79888e+10	-3.61235e+11	3.68714e+09	6.39712e+10	-3.37163e+11	-2.25728e+11	3.72924e+10	-2.28312e+11	-1.39727e+11
3.7e-10	4.04572e+11	-1.30383e+11	5.92225e+11	1.80276e+11	-3.88631e+11	-2.06447e+10	1.76958e+10	-1.247e+10	-1.64321e+11	6.16541e+10	-3.75797e+11	-2.30123e+11	1.07544e+10	8.23256e+10	-1.06383e+11
3.75e-10	4.11046e+11	-1.71432e+11	5.84281e+11	5.28139e+10	-1.51431e+11	-1.78924e+10	1.06074e+11	-4.60493e+11	-1.23488e+11	3.07502e+10	-3.09987e+11	-9.07895e+10	1.07679e+09	1.94455e+10	-8.22263e+10
3.8e-10	5.52613e+11	-1.3159e+11	6.9694e+11	1.43026e+11	-4.55208e+11	4.57942e+10	9.09398e+10	-2.65636e+11	-3.59394e+11	6.78185e+10	-3.58729e+11	-1.79712e+11	2.69181e+10	-4.47749e+10	-1.56295e+11
3.85e-10	5.28132e+11	-3.39587e+11	4.87162e+11	1.44811e+11	-3.75074e+11	5.0735e+10	-1.6752e+10	-3.19044e+10	1.83097e+10	3.18043e+10	-9.46211e+10	-1.71257e+11	4.71646e+10	-2.13684e+11	-2.97767e+11
3.9e-10	6.0819e+11	-4.58659e+11	6.27847e+11	2.36735e+11	-5.05976e+11	-4.66739e+11	1.11223e+11	-2.59772e+11	-3.94405e+11	-3.95332e+08	-3.54329e+11	4.92458e+10	4.56332e+10	-2.16969e+11	-2.16219e+11
3.95e-10	6.65768e+11	-5.98994e+11	4.9976e+11	2.07191e+11	-3.39651e+11	-3.53985e+11	9.05313e+10	-2.59676e+11	-2.34909e+11	1.88082e+10	2.2611e+11	-2.33985e+11	6.79361e+09	3.55478e+10	1.63144e+10
4e-10	6.66958e+11	-5.61577e+11	4.89191e+11	2.22228e+11	-2.88465e+11	-4.75656e+11	4.53074e+10	3.18146e+10	-2.4698e+11	6.29348e+10	-1.19224e+11	-3.86568e+11	1.7992e+10	1.61913e+11	-3.10748e+11
4.05e-10	5.42762e+11	-5.96658e+11	1.04463e+11	3.36718e+11	-5.70491e+11	-2.91478e+11	8.34681e+10	-3.67746e+11	-1.81317e+11	5.70562e+10	-3.25566e+11	-1.84992e+11	1.50347e+10	3.66513e+11	-6.04587e+10
4.1e-10	6.85865e+11	-7.67819e+11	2.23316e+11	1.78159e+11	-1.8347e+11	-3.00373e+11	1.10442e+11	-2.47216e+11	-4.06011e+11	5.2221e+10	2.0553e+11	-3.1975e+11	1.00886e+10	1.78956e+10	-9.16703e+10
4.15e-10	6.60318e+11	-8.07584e+11	1.45636e+10	4.07682e+11	-1.21208e+11	-5.9709e+11	1.24045e+11	1.28515e+11	-3.27756e+11	8.80298e+10	-1.40961e+11	-4.33792e+11	2.06046e+10	-2.29541e+10	-1.55891e+11
4.2e-10	3.96411e+11	-6.02464e+11	-3.11884e+10	1.79322e+11	-2.37005e+11	-3.54489e+11	6.49684e+10	1.97388e+11	-2.62718e+11	2.77475e+10	1.95887e+11	-1.82021e+11	1.20176e+10	-6.76378e+10	-2.0162e+11
4.25e-10	3.69964e+11	-6.78937e+11	-1.49862e+11	1.75788e+11	-4.62089e+10	-3.51203e+11	5.07546e+10	-1.62439e+11	-1.99872e+11	6.22996e+10	2.62258e+11	-8.01557e+10	2.82365e+10	1.60924e+11	-1.43685e+11
4.3e-10	2.87473e+11	-3.87849e+11	-2.62447e+11	1.69406e+11	7.97974e+09	-3.55368e+11	1.63783e+11	1.52207e+11	-4.88811e+11	2.85808e+10	2.35821e+10	-2.59923e+11	2.20479e+10	1.52271e+11	-1.67527e+11
4.35e-10	3.80721e+11	-3.29436e+11	-4.44506e+11	1.97998e+11	9.04135e+10	-4.32192e+11	1.71326e+11	4.18553e+11	-1.65817e+11	1.39404e+11	3.82888e+11	-2.28676e+11	1.02668e+10	9.48214e+10	-2.79696e+10
4.4e-10	4.68738e+11	-4.1752e+11	-4.164e+11	2.83993e+11	1.28662e+11	-5.75948e+11	1.32034e+11	2.93869e+11	-2.44639e+11	3.22818e+10	1.77026e+11	4.34807e+10	8.75135e+09	8.65094e+10	-8.38133e+10
4.45e-10	7.24352e+11	-3.96956e+11	-7.10086e+11	2.89793e+11	4.6362e+11	-4.69807e+11	5.32277e+10	1.44151e+11	-1.86094e+11	1.25377e+11	4.62507e+11	-2.90146e+11	-1.32931e+10	-1.67977e+10	1.42712e+11
4.5e-10	5.23496e+11	-1.75975e+10	-6.22081e+11	2.1899e+11	4.02592e+11	-3.76471e+11	1.07162e+11	4.72591e+11	-9.0889e+10	2.04083e+10	2.03775e+11	-2.19926e+11	5.53281e+10	2.0288e+11	3.89875e+11
4.55e-10	3.65296e+11	3.33909e+10	-5.61586e+11	3.06682e+11	7.1509e+11	-8.20567e+10	8.56809e+10	4.24938e+11	-1.10537e+11	1.2572e+11	5.05315e+11	1.55194e+11	8.83645e+10	3.9397e+11	1.97157e+11
4.6e-10	4.72753e+11	1.43926e+11	-5.9756e+11	2.21072e+11	3.61993e+11	4.66257e+10	9.66294e+10	3.87574e+11	2.0147e+11	1.14026e+11	5.34324e+11	1.20474e+11	4.85662e+10	2.22975e+11	9.10389e+10
4.65e-10	4.97537e+11	-1.21331e+10	-7.15786e+11	1.74949e+11	3.91359e+11	2.63022e+10	6.98361e+10	2.32295e+11	-1.12678e+11	6.49342e+10	2.39331e+11	2.80499e+11	2.15401e+10	6.53537e+10	-9.30062e+10
4.7e-10	3.47261e+11	2.10619e+11	-4.73277e+11	1.70653e+11	2.84057e+11	4.63712e+11	4.80781e+10	2.40676e+11	-1.55139e+11	7.70401e+10	3.27222e+11	2.64493e+11	2.82448e+10	9.57899e+10	1.62373e+11
4.75e-10	5.85317e+11	5.84985e+11	-3.85709e+11	1.47009e+11	4.7687e+11	-4.36123e+10	6.3085e+10	1.11097e+11	1.48009e+11	6.77106e+10	2.55168e+11	1.07463e+11	4.65704e+10	2.85782e+11	1.71547e+11
4.8e-10	5.65122e+11	5.82634e+11	-3.89995e+11	3.16836e+11	6.66815e+11	3.96974e+11	8.58851e+10	1.74952e+11	2.8971e+11	1.08852e+11	6.9045e+10	6.33615e+11	3.6524e+10	1.9929e+11	1.20886e+11
4.85e-10	4.91398e+11	4.82089e+11	-6.74678e+11	2.63181e+11	3.67874e+11	4.20206e+11	8.60447e+10	3.48185e+10	2.84391e+11	3.67577e+10	3.45939e+10	1.72879e+11	5.15785e+10	5.45037e+10	3.27045e+11
4.9e-10	3.25307e+11	4.08118e+11	-2.63799e+11	1.75624e+11	1.34104e+11	3.88618e+11	1.28e+11	1.01279e+10	4.97678e+11	7.82687e+10	-2.97413e+11	3.73715e+11	1.7187e+10	-2.15225e+10	1.86442e+11
4.95e-10	3.61695e+11	4.12431e+11	-3.11862e+11	2.43475e+11	2.75787e+11	5.13515e+11	5.44506e+10	-1.57074e+11	1.94528e+11	4.26154e+10	-2.21635e+11	1.74535e+11	7.40361e+09	5.20533e+10	1.74572e+11
5e-10	4.68606e+11	5.81253e+11	8.59952e+10	2.60058e+11	-1.27478e+09	5.01596e+11	1.30014e+11	-1.90578e+11	3.86725e+11	8.04849e+10	-2.68087e+11	1.63437e+11	2.78204e+10	-7.84755e+10	1.22703e+11
5.05e-10	4.48024e+11	6.04056e+11	1.67919e+11	3.00338e+11	9.32347e+10	5.82098e+11	1.2322e+11	-2.30178e+11	4.06708e+11	1.45157e+11	-3.2104e+11	5.7815e+11	5.75358e+10	-3.09115e+11	3.35008e+11
5.1e-10	6.44241e+11	6.94755e+11	2.3944e+11	8.07537e+10	-3.80596e+10	2.12723e+11	5.68538e+10	-1.44886e+11	1.16142e+11	1.30583e+11	-3.70224e+11	2.98294e+11	3.06597e+09	-2.19317e+11	-1.22094e+11
5.15e-10	4.26916e+11	6.43433e+11	1.48696e+11	2.02035e+11	-1.8423e+11	4.18138e+11	1.78965e+11	-4.9291e+11	2.43847e+11	6.02496e+10	-1.27273e+11	4.00534e+11	3.91678e+10	-2.6498e+11	1.15451e+11
5.2e-10	3.36144e+11	2.5988e+11	5.12047e+11	1.13907e+11	-2.13196e+11	1.61982e+11	1.42751e+11	-3.65983e+11	2.56236e+11	1.51877e+10	-1.74974e+11	-4.86407e+10	3.35586e+10	-1.44205e+11	2.47961e+11
5.25e-10	2.81871e+11	2.24271e+11	3.19404e+11	3.0806e+11	-2.59004e+11	6.67787e+11	1.31054e+11	-2.6542e+11	4.34421e+11	4.36828e+10	-2.24257e+11	1.7444e+11	9.05374e+10	-5.70119e+11	1.63052e+11
5.3e-10	3.52509e+11	2.94389e+10	5.32746e+11	1.93135e+11	-4.93854e+11	2.23561e+11	1.00915e+11	-2.34504e+11	1.79019e+11	5.93321e+10	-2.93234e+11	2.6942e+10	4.21366e+10	-2.10201e+11	9.21645e+10
5.35e-10	5.65009e+11	2.48508e+10	6.17562e+11	9.17184e+10	-9.99303e+10	3.32231e+11	1.23034e+11	-4.01573e+11	2.50092e+10	8.36315e+10	-2.77095e+11	-9.75702e+10	3.57211e+10	-3.46872e+11	9.26798e+10
5.4e-10	7.68468e+11	8.11167e+09	9.12194e+11	1.00933e+11	-2.03762e+11	2.5699e+11	8.52727e+10	-3.56008e+11	-3.20086e+10	4.91191e+10	-1.28183e+11	-3.52043e+11	-1.88405e+10	-4.56852e+10	1.09529e+11
5.45e-10	6.19e+11	1.08142e+11	6.86681e+11	2.64972e+11	-5.2216e+11	4.79309e+10	1.06515e+11	-4.7172e+11	6.4758e+10	6.11971e+10	-2.95321e+11	-2.3402e+11	3.69157e+10	-1.86616e+11	-3.21415e+11
5.5e-10	4.97041e+11	-5.01501e+09	5.76278e+11	2.47802e+11	-5.25826e+11	-3.76025e+10	7.57584e+10	-3.69499e+11	-9.06473e+10	6.52725e+10	-2.56742e+11	-8.33987e+10	3.31346e+10	-4.2509e+11	-8.55733e+10
5.55e-10	4.72488e+11	8.06295e+10	6.47989e+11	2.80709e+11	-4.68086e+11	2.38882e+11	1.94281e+11	-4.61553e+11	-4.01122e+11	1.22774e+10	-2.77472e+11	9.77855e+10	3.75473e+10	-1.95507e+11	-1.29245e+11
5.6e-10	4.08001e+11	-1.91307e+11	6.5935e+11	3.49135e+11	-6.7325e+11	-1.58171e+11	6.44743e+10	-8.40061e+10	-7.39483e+10	6.33496e+10	-4.42738e+11	-2.99792e+11	4.61632e+10	-1.30289e+11	-2.50237e+11
5.65e-10	4.15511e+11	-2.50108e+11	4.76916e+11	1.80835e+11	-2.22655e+11	-2.92576e+11	1.71104e+11	-5.63007e+11	-2.03484e+10	4.57048e+10	-9.8824e+10	-2.01371e+11	8.03807e+09	-1.59762e+11	-5.16805e+10
5.7e-10	4.15287e+11	-5.6337e+11	1.64595e+11	1.81003e+11	-2.13324e+11	-3.3845e+11	1.33205e+11	-2.14218e+11	-3.23424e+11	8.30789e+10	-7.57515e+10	-4.83374e+11	2.40411e+10	-2.13615e+11	-1.35325e+11
5.75e-10	4.82421e+11	-5.54996e+11	9.75908e+10	2.03065e+11	-4.04412e+11	-2.62217e+11	1.12144e+11	-2.04307e+11	-2.74977e+11	1.14168e+11	-2.47916e+11	-5.63964e+11	-2.43497e+10	-2.30611e+10	8.62365e+10
5.8e-10	5.53722e+11	-6.14084e+11	5.85401e+10	1.83425e+11	-1.37443e+11	-3.55791e+11	1.30879e+11	-6.37682e+10	-4.51718e+11	3.89825e+10	1.65931e+11	-2.03729e+11	2.60014e+10	3.20185e+11	-1.4588e+11
5.85e-10	3.72229e+11	-5.60055e+11	-5.78421e+10	2.67808e+11	-1.79829e+11	-5.14664e+11	9.4016e+10	-1.17338e+11	-3.07348e+11	1.33335e+11	-1.04909e+11	-4.36415e+11	1.32065e+10	1.0959e+11	1.20273e+10
5.9e-10	3.19412e+11	-3.89378e+11	1.75948e+10	2.65353e+11	-9.80244e+10	-4.5353e+11	1.32694e+11	9.7286e+10	-4.11547e+11	1.75537e+10	1.54232e+11	-1.01659e+11	2.47634e+08	-4.70751e+10	-6.7008e+10
5.95e-10	4.06342e+11	-4.79322e+11	-3.12662e+11	2.91587e+11	9.89791e+10	-5.5239e+11	1.91297e+11	-5.68265e+10	-5.49762e+11	8.30483e+10	-3.18386e+10	-4.45862e+11	6.60897e+10	4.35301e+09	-3.29333e+11
6e-10	5.55108e+11	-7.26548e+11	-2.89316e+11	2.55441e+11	1.40288e+11	-6.06464e+11	1.49411e+11	1.11097e+11	-3.70649e+11	-7.9778e+08	-1.49896e+11	-1.94847e+11	6.13671e+10	5.07187e+10	-4.56264e+11
6.05e-10	2.51305e+11	-3.89856e+11	-1.0032e+11	1.8022e+11	2.04185e+11	-3.7773e+11	1.39492e+11	2.89483e+11	-2.95207e+11	3.72613e+10	2.32812e+11	-2.04257e+11	2.11824e+10	1.40851e+11	-1.50405e+11
6.1e-10	3.99719e+11	-3.4187e+11	-4.15736e+11	1.73447e+11	1.14097e+11	-4.03738e+11	9.6002e+10	3.58093e+11	-1.85105e+11	5.72585e+10	3.12551e+11	4.9446e+10	6.88011e+10	2.52449e+11	-1.6417e+11
6.15e-10	6.2121e+11	-4.39149e+11	-6.41642e+11	1.10956e+11	3.5656e+11	1.34794e+10	6.38562e+10	2.43419e+11	-1.3952e+11	4.16662e+10	3.15238e+10	-2.12788e+11	7.76605e+10	4.36706e+11	-1.09163e+11
6.2e-10	4.52321e+11	-3.5879e+11	-4.6739e+11	2.31631e+11	3.30675e+11	-4.16042e+11	9.80395e+10	2.4731e+11	-2.35954e+11	1.26915e+11	4.58905e+11	-1.57651e+11	4.01399e+10	2.88087e+11	6.72984e+10
6.25e-10	5.43882e+11	-2.2924e+11	-6.03128e+11	2.10006e+11	5.75221e+11	-3.0324e+11	-4.87653e+10	-1.30038e+11	-1.33576e+11	7.69963e+10	2.92392e+11	2.97675e+10	9.91812e+09	1.11445e+11	-1.02303e+11
6.3e-10	6.24722e+11	-5.81567e+10	-7.0858e+11	2.65178e+11	5.84048e+11	6.75059e+10	1.14931e+11	3.70533e+11	1.24519e+11	4.07384e+10	3.48753e+11	-8.6283e+10	1.69892e+10	1.9602e+11	1.08148e+11
6.35e-10	5.16822e+11	2.06667e+11	-5.65949e+11	2.46412e+11	5.04228e+11	-3.11711e+10	8.09045e+10	2.37774e+11	1.83519e+11	6.81829e+10	3.06695e+11	3.64208e+10	6.02178e+10	4.66471e+11	1.97072e+11
6.4e-10	5.23411e+11	1.62038e+11	-6.20397e+11	2.97098e+11	5.6871e+11	1.7262e+11	9.06886e+10	1.64155e+11	2.78582e+11	3.12894e+10	2.17778e+11	8.36985e+10	4.75777e+10	2.01095e+10	3.10421e+11
6.45e-10	4.62617e+11	3.0628e+11	-5.99893e+11	3.95325e+11	6.61337e+11	3.1605e+11	1.63588e+11	5.2124e+11	1.52561e+11	6.19762e+10	1.56086e+11	4.97809e+11	1.9344e+10	1.58846e+11	-3.19996e+10
6.5e-10	4.00431e+11	2.54425e+11	-5.40381e+11	2.69794e+11	5.51086e+11	2.28355e+11	1.359e+11	3.12025e+11	3.11263e+11	8.25902e+10	2.37714e+11	2.93941e+11	3.8844e+08	2.35618e+11	-2.5442e+11
6.55e-10	4.60349e+11	3.80473e+11	-4.91951e+11	2.39911e+11	3.8158e+11	5.79517e+11	8.69594e+10	2.58869e+11	1.60603e+11	4.17487e+10	2.99632e+11	7.65063e+10	5.39366e+10	1.0162e+10	2.74465e+11
6.6e-10	4.17927e+11	4.78897e+11	-2.26337e+11	2.58554e+11	5.61772e+11	3.16324e+11	1.61846e+11	1.82501e+11	5.90683e+11	-1.33123e+10	2.22024e+11	-8.79908e+10	1.50527e+10	1.88463e+11	1.19113e+11
6.65e-10	5.39658e+11	5.66011e+11	-2.93959e+11	2.81764e+11	4.40314e+11	5.35975e+11	1.3948e+11	-8.47421e+10	6.08812e+11	2.85335e+10	4.89679e+10	1.43326e+11	4.01028e+10	3.02455e+11	3.79827e+11
6.7e-10	3.65464e+11	2.92938e+11	-3.23137e+11	1.43207e+11	2.09895e+11	3.74156e+11	1.00609e+11	-8.03544e+10	3.78217e+11	7.99084e+10	-7.0531e+09	2.65226e+11	5.32152e+10	-3.71899e+11	2.7933e+11
6.75e-10	2.34994e+11	2.73169e+11	-2.84551e+11	2.32623e+11	1.67418e+09	5.65865e+11	1.3121e+11	2.45367e+11	3.77073e+11	7.29735e+10	-3.8708e+10	4.4699e+11	6.5784e+10	1.33965e+11	3.93838e+11
6.8e-10	4.10421e+11	4.22531e+11	-4.32401e+11	2.1799e+11	3.06756e+10	4.50362e+11	7.87498e+10	-3.92453e+10	2.69533e+11	5.63291e+10	1.51213e+09	4.48465e+11	8.42318e+10	-1.05216e+11	4.038e+11
6.85e-10	4.55105e+11	6.83191e+11	1.6728e+10	1.61406e+11	3.55715e+10	3.82063e+11	6.45726e+10	-1.4272e+11	2.36696e+11	5.02711e+10	-4.33794e+10	2.1055e+11	3.88873e+09	3.86416e+10	1.46257e+11
6.9e-10	4.97577e+11	6.30925e+11	-2.07483e+11	2.48904e+11	3.40705e+11	4.85569e+11	5.525e+10	-1.12065e+11	2.56555e+11	3.22423e+10	-1.7708e+11	-5.0757e+10	4.04163e+10	-1.41658e+11	7.35618e+10
6.95e-10	4.69442e+11	5.99086e+11	-2.70855e+11	1.54207e+11	-1.51475e+11	3.8665e+11	5.63151e+10	-3.70934e+11	1.20342e+11	1.46501e+11	-5.18767e+11	3.11859e+11	1.14778e+10	-5.83756e+10	5.9995e+10
7e-10	5.13152e+11	6.66414e+11	4.20021e+11	2.36068e+11	1.57745e+08	5.67767e+11	1.03519e+11	-3.08178e+11	2.32057e+11	3.51547e+10	-1.65546e+11	2.23155e+11	4.97537e+10	-1.43807e+11	2.75279e+11
7.05e-10	4.71804e+11	6.61572e+11	6.12393e+10	2.06835e+11	-1.90846e+11	3.90247e+11	7.6849e+10	-3.02364e+10	3.36252e+11	4.02016e+10	-2.5036e+11	5.4964e+10	4.20615e+10	-3.20194e+11	-1.36232e+11
7.1e-10	3.89306e+11	4.84264e+11	2.13307e+11	2.05454e+11	-5.28991e+11	2.69659e+11	1.22915e+11	-2.07142e+11	4.08987e+11	5.47601e+10	-4.19628e+11	4.75918e+10	7.0056e+10	-4.12826e+11	-1.94366e+11
7.15e-10	3.311e+11	6.80234e+11	9.6793e+10	2.15845e+11	-2.91114e+11	3.70629e+11	1.25808e+11	-3.1654e+11	3.71251e+11	2.82036e+10	-7.32048e+10	2.43696e+11	5.59678e+10	-3.35256e+11	-3.52653e+10
7.2e-10	3.68444e+11	3.90392e+11	4.67802e+11	1.04257e+11	-1.07684e+10	3.63481e+11	5.60019e+10	-1.06966e+11	2.44053e+11	6.95468e+10	-4.27586e+11	-1.2097e+11	2.14937e+10	-1.47887e+11	-1.53616e+11
7.25e-10	5.09039e+11	4.73123e+11	5.90823e+11	1.17285e+11	-1.3737e+11	3.5001e+11	1.19781e+11	-4.60293e+11	1.58505e+11	2.89034e+10	-1.31521e+11	5.04591e+10	-2.47825e+10	1.60682e+11	1.3362e+11
7.3e-10	5.18155e+11	3.28351e+11	5.08099e+11	1.2116e+11	-3.36166e+11	1.32089e+10	1.25871e+11	-3.94787e+11	2.60339e+11	5.6549e+10	-2.45424e+11	1.00261e+11	5.59231e+10	-2.51321e+11	-2.7278e+11
7.35e-10	5.7087e+11	2.6738e+11	7.08225e+11	1.82497e+11	-3.87758e+11	1.92443e+11	1.06251e+11	-4.07172e+11	-2.10596e+11	9.75487e+10	-4.91595e+11	-1.92931e+11	2.48037e+09	-9.38797e+10	2.06864e+10
7.4e-10	5.77532e+11	-2.61734e+11	7.50362e+11	2.37086e+11	-4.866e+11	7.42922e+10	7.95265e+10	-3.79076e+11	-6.18234e+10	6.93719e+10	-3.48267e+11	-3.83129e+10	7.58296e+10	-3.55493e+11	-2.07828e+11
7.45e-10	3.97415e+11	-2.58318e+11	4.94628e+11	1.50377e+11	-2.61998e+11	2.33164e+11	2.00189e+10	-1.57299e+11	-1.75456e+10	8.75749e+10	-2.66532e+11	-1.79939e+11	-4.65616e+09	-4.08567e+10	1.42301e+11
7.5e-10	3.32239e+11	-2.61942e+11	4.59106e+11	2.56646e+11	-6.50539e+11	-9.39345e+10	4.15641e+10	-1.46677e+11	-1.32061e+11	6.81876e+10	-3.43588e+11	-3.41298e+11	-1.34512e+10	1.70615e+10	-1.24846e+09
7.55e-10	2.83132e+11	-2.52808e+11	3.40771e+11	2.37131e+11	-5.22052e+11	-2.81059e+11	1.19083e+11	-1.78631e+11	-3.53129e+11	5.0125e+10	-3.2048e+11	1.7874e+11	1.50671e+10	1.70436e+11	-2.91934e+11
7.6e-10	1.87265e+11	-2.01388e+11	2.80599e+11	1.39826e+11	-3.43756e+11	-2.11318e+11	1.82379e+11	-4.4076e+11	-4.70315e+11	6.24079e+10	2.89895e+10	-4.06577e+11	2.66725e+10	4.81326e+10	-1.67935e+11
7.65e-10	4.02585e+11	-6.228e+11	1.37913e+11	1.94828e+11	-4.36093e+11	-1.9965e+11	1.1743e+11	-2.90141e+11	-2.68994e+11	1.17236e+10	2.78759e+10	-1.31528e+11	6.03715e+09	-3.09428e+10	-3.6542e+10
7.7e-10	2.96918e+11	-4.61351e+11	1.14749e+11	1.58386e+11	-3.08354e+11	-2.17685e+11	2.04248e+11	-7.51661e+10	-6.2957e+11	5.54592e+10	1.89173e+11	-2.86923e+11	3.93649e+10	9.46719e+10	-2.30849e+11
7.75e-10	2.2639e+11	-4.40028e+11	1.47305e+11	1.91619e+11	-2.41228e+11	-4.67208e+11	6.79323e+10	4.17203e+09	-2.85375e+11	1.13984e+11	6.91001e+10	-5.6845e+11	2.5823e+10	1.03976e+11	-2.02618e+11
7.8e-10	3.92248e+11	-5.90336e+11	-7.95138e+09	1.67064e+11	-1.70652e+11	-4.04578e+11	6.45396e+10	-1.69292e+11	-2.37665e+11	7.08196e+10	2.05201e+11	-3.88517e+11	9.96163e+10	-1.03626e+11	-4.54677e+11
7.85e-10	4.19795e+11	-6.55111e+11	-4.26063e+11	1.76406e+11	-2.31753e+11	-4.76114e+11	7.89118e+10	-1.25505e+10	-3.95268e+11	5.3399e+10	7.07719e+10	-3.40485e+11	-1.68932e+10	6.62543e+10	9.89939e+10
7.9e-10	3.94861e+11	-3.26768e+11	-6.97275e+11	2.35497e+11	2.80474e+11	-5.95117e+11	1.44628e+11	2.89624e+11	-4.62307e+11	6.56386e+10	1.91377e+11	-1.8187e+11	5.2451e+10	3.09304e+11	-1.45591e+11
7.95e-10	2.58541e+11	-3.62794e+11	-1.8291e+11	1.50707e+11	1.73684e+11	-3.27506e+11	9.99066e+10	2.22692e+11	-3.66129e+11	7.8636e+10	2.72949e+11	-3.60504e+11	2.77064e+10	4.48103e+10	-1.22703e+11
8e-10	2.18737e+11	-4.80618e+11	-1.6604e+11	3.14035e+11	5.6093e+11	-3.94547e+11	5.41892e+10	8.15549e+10	-2.14841e+11	1.74609e+10	5.62022e+10	-9.08642e+10	5.29091e+10	1.17976e+11	-2.98926e+11
8.05e-10	2.88197e+11	-1.55488e+11	-5.98521e+11	2.05079e+11	6.973e+11	-1.85026e+10	9.37704e+10	2.89794e+11	-2.07888e+11	2.20866e+10	2.47122e+11	1.44167e+11	9.21503e+09	8.12406e+10	6.02783e+09
8.1e-10	4.00566e+11	-3.66486e+11	-5.5708e+11	1.47612e+11	4.77589e+11	-1.84597e+10	6.18587e+10	2.61133e+11	-2.88818e+10	4.89828e+10	2.98258e+11	-1.32126e+11	1.81923e+10	2.03488e+11	-1.16355e+11
8.15e-10	3.33176e+11	-5.1993e+11	-4.72016e+11	1.29938e+11	3.74307e+11	-6.391e+10	7.70393e+10	2.99183e+11	6.17236e+10	3.11636e+10	1.43063e+11	-3.93308e+11	1.5945e+10	1.32286e+11	-9.66379e+10
8.2e-10	3.042e+11	-3.88457e+11	-5.64244e+11	1.92673e+11	4.83194e+11	-4.32462e+11	1.08191e+11	4.44058e+11	1.52796e+11	1.04923e+11	2.90736e+11	1.95257e+11	9.32788e+09	1.7598e+10	1.17873e+11
8.25e-10	2.75515e+11	-1.40859e+11	-6.38719e+11	7.73998e+10	2.40325e+11	-4.06946e+10	1.2152e+11	3.29142e+11	2.404e+11	7.91792e+10	3.31661e+11	1.0537e+11	1.80573e+10	4.49089e+10	7.55018e+10
8.3e-10	2.24121e+11	-8.61296e+10	-4.90561e+11	1.53114e+11	4.56879e+11	-2.62552e+11	5.31753e+10	2.81489e+11	-1.42003e+11	8.50097e+10	2.09161e+11	4.17258e+11	3.68706e+10	5.27489e+10	5.14957e+10
8.35e-10	3.31049e+11	-1.41598e+11	-5.78199e+11	9.85561e+10	2.82222e+11	-1.10525e+11	5.06521e+10	1.95114e+11	6.2171e+10	2.54769e+10	-4.16178e+10	1.93795e+11	-8.41964e+09	6.91812e+10	-6.64416e+10
8.4e-10	2.43688e+11	3.68545e+11	-4.70679e+11	8.69296e+10	2.92002e+11	-2.33775e+11	3.9582e+10	8.69107e+10	2.35836e+11	-7.08138e+09	-1.54907e+11	2.82778e+11	-1.75702e+10	-1.4502e+11	-6.49907e+10
8.45e-10	3.70196e+11	6.9621e+10	-6.74755e+11	1.18275e+11	4.1658e+11	7.23285e+09	1.99673e+10	1.16016e+11	8.37519e+10	1.43615e+09	-5.15889e+10	1.76395e+11	6.99189e+10	-1.22219e+11	4.31406e+11
8.5e-10	1.7045e+11	2.82184e+11	-3.14272e+11	2.85807e+10	1.35248e+11	3.32363e+10	5.11288e+10	2.17652e+11	1.29022e+10	2.23548e+10	-5.69454e+10	2.08962e+11	4.13201e+10	4.96976e+10	4.61583e+11
8.55e-10	3.77576e+11	2.2879e+11	-6.16999e+11	1.0454e+11	2.85307e+11	1.28384e+11	1.02944e+11	3.42031e+11	1.37492e+11	-3.94784e+09	-1.38958e+11	-8.05481e+09	-6.8022e+09	1.89734e+11	1.16721e+11
8.6e-10	3.0802e+11	8.91662e+10	-4.83024e+11	8.77317e+10	2.00978e+11	2.26889e+11	1.70205e+10	-5.81612e+09	3.12426e+11	2.38215e+10	1.37555e+11	2.32473e+11	3.92923e+10	-2.09414e+11	3.29667e+11
8.65e-10	3.06075e+11	2.26121e+11	-4.24031e+11	9.62137e+10	2.82694e+11	1.15123e+11	1.48142e+11	1.64376e+11	5.14026e+11	3.68591e+10	-1.53288e+11	2.44657e+11	4.36281e+09	-2.86403e+11	8.76921e+10
8.7e-10	5.25251e+11	1.66241e+11	-6.08303e+11	1.11843e+11	2.58911e+11	3.04015e+11	6.31753e+10	9.59461e+10	2.98829e+11	1.98364e+10	1.23546e+10	8.05419e+10	3.36612e+10	-1.45843e+11	2.02544e+11
8.75e-10	4.05618e+11	3.62756e+11	-4.54571e+11	2.37704e+11	5.50462e+11	1.64428e+11	-6.59728e+09	2.93922e+11	-1.50282e+11	2.42679e+10	6.0229e+10	1.01771e+11	1.8818e+10	-2.94207e+11	-1.80453e+10
8.8e-10	3.06366e+11	3.4155e+11	-5.29366e+11	1.50456e+11	2.19593e+11	2.38695e+11	8.16779e+09	2.84725e+11	-3.90735e+10	1.68884e+10	7.52854e+10	1.59043e+11	2.03828e+10	-1.34529e+11	8.28665e+10
8.85e-10	3.81445e+11	3.65326e+11	-4.16209e+11	1.94515e+11	4.42604e+11	2.53079e+11	6.7112e+10	1.06811e+11	3.43766e+11	-8.23948e+08	3.31843e+10	1.53507e+11	2.00068e+10	-1.1418e+11	1.4252e+11
8.9e-10	5.08116e+11	7.41473e+11	-4.54885e+11	1.81144e+11	2.46765e+11	3.60444e+11	1.28339e+11	1.19324e+11	5.53358e+11	3.29233e+10	1.16287e+11	2.09002e+11	2.17395e+10	-2.61316e+11	2.39619e+10
8.95e-10	3.97659e+11	6.66945e+11	-8.59518e+10	2.67859e+11	2.11118e+11	5.7252e+11	1.58752e+11	1.98216e+11	4.99303e+11	1.52114e+10	-1.49889e+11	1.92868e+11	1.12002e+10	2.3768e+11	6.54043e+10
9e-10	3.12376e+11	3.66134e+11	-2.56504e+11	2.63214e+11	3.671e+11	6.87363e+11	9.85466e+10	2.2371e+11	3.01028e+11	-1.22718e+10	4.64308e+10	-2.53411e+10	-3.57674e+09	4.54224e+10	1.59671e+11
9.05e-10	5.4263e+11	7.08725e+11	-3.2773e+10	1.17613e+11	-4.81887e+10	3.20162e+11	8.77447e+10	1.763e+11	3.38423e+11	3.50031e+10	3.35538e+08	1.63963e+11	1.91611e+09	4.91841e+10	1.10324e+11
9.1e-10	3.90962e+11	4.26533e+11	3.20427e+11	3.73583e+11	3.80368e+10	7.26057e+11	2.35377e+10	-1.50611e+11	1.86482e+10	3.54238e+10	5.43178e+10	2.85443e+11	3.83768e+10	-1.18916e+11	3.05159e+11
9.15e-10	4.08084e+11	5.4734e+11	1.50943e+11	1.41572e+11	1.96036e+11	3.94953e+11	3.0921e+10	3.80045e+10	1.94671e+11	5.90148e+10	-2.83296e+11	1.79174e+11	5.17544e+10	-4.0722e+11	1.51394e+10
9.2e-10	6.20285e+11	7.4345e+11	3.4614e+11	3.0718e+11	-1.0161e+11	7.28971e+11	8.28593e+10	7.43187e+10	4.33964e+11	2.95211e+10	-1.33797e+11	1.41968e+11	-5.16858e+09	6.19388e+10	5.68227e+10
9.25e-10	2.96434e+11	3.76149e+11	1.3447e+11	2.43205e+11	-2.83299e+11	7.0046e+11	8.11419e+10	-1.54796e+11	2.57079e+11	2.55389e+10	-3.2578e+11	6.88344e+10	2.5142e+10	-1.32356e+11	4.60512e+10
9.3e-10	3.64244e+11	5.14822e+11	1.628e+11	1.85037e+11	-1.57608e+11	4.66431e+11	1.23721e+11	-3.00915e+11	3.0355e+11	2.00664e+10	-2.13405e+11	9.0895e+10	5.61881e+10	-5.53718e+11	9.68179e+10
9.35e-10	3.81337e+11	5.04012e+11	3.04528e+11	1.14416e+11	-1.13597e+11	2.52027e+11	9.83259e+10	-3.30669e+11	2.14176e+11	4.76485e+10	-1.69974e+11	1.63111e+11	3.5534e+10	-2.8019e+11	-1.52837e+10
9.4e-10	3.15457e+11	4.7702e+11	3.9566e+11	2.23985e+11	-2.73195e+11	3.94983e+11	7.50511e+10	-2.08657e+11	1.59514e+11	3.44492e+10	-3.76827e+11	3.9227e+11	3.4832e+10	-2.89876e+11	8.1566e+10
9.45e-10	2.24192e+11	3.76917e+11	3.71336e+11	1.84352e+11	-3.94685e+11	3.42317e+11	5.15425e+10	-1.34889e+11	1.57361e+11	3.16426e+10	-3.34798e+11	2.09463e+11	1.14479e+10	-1.34966e+11	6.33498e+10
9.5e-10	2.22391e+11	2.65463e+11	3.15722e+11	1.78777e+11	-4.07444e+11	4.62352e+11	1.55372e+11	-4.51347e+11	1.21762e+11	9.50617e+09	-4.15955e+10	-1.11759e+11	1.22023e+10	-2.42025e+10	-8.71259e+10
9.55e-10	2.72321e+11	1.47714e+11	3.99633e+11	1.52933e+11	-3.46742e+11	1.98456e+11	6.13306e+10	-2.80227e+11	-1.17222e+10	-9.5282e+09	-1.26019e+11	-3.33967e+11	1.73695e+10	-4.70996e+10	-3.55602e+11
9.6e-10	4.044e+11	1.7688e+11	6.62838e+11	1.34263e+11	-3.66081e+11	2.962e+10	2.76808e+10	-1.58363e+11	-4.86211e+10	3.6854e+10	-2.51114e+11	7.92231e+10	1.7861e+10	-1.36516e+11	-4.17006e+10
9.65e-10	3.89735e+11	-1.26464e+11	7.54736e+11	6.36242e+10	-1.52042e+11	1.78984e+11	8.19287e+10	-4.59205e+11	1.64324e+11	-2.0598e+10	-4.50623e+10	1.16989e+11	2.86226e+10	-2.76256e+11	-7.29376e+09
9.7e-10	2.48585e+11	1.0241e+11	4.8861e+11	1.00012e+11	-2.33384e+11	-1.61157e+11	1.18319e+11	-5.11589e+11	-6.36442e+10	2.65623e+10	-2.33304e+11	-1.61347e+11	-1.93893e+10	2.14574e+11	-1.45275e+10
9.75e-10	2.25874e+11	-1.83957e+11	4.35564e+11	9.00584e+10	-3.36178e+11	1.11883e+10	1.45153e+11	-5.19227e+11	1.75585e+11	2.1141e+10	-1.97793e+11	-5.88727e+10	1.13253e+10	-1.55971e+11	-1.44852e+11
9.8e-10	2.00238e+11	-2.3475e+11	4.59399e+11	1.31009e+11	-2.89977e+11	-3.09345e+11	6.22015e+10	-3.04079e+11	3.56891e+10	3.93995e+10	-9.99029e+09	-2.19106e+11	1.83877e+10	7.59824e+10	-2.04389e+11
9.85e-10	2.94944e+11	-2.38998e+11	4.99793e+11	7.03272e+10	-2.90665e+11	5.6807e+10	4.40931e+10	-1.09761e+11	-1.90913e+11	6.47314e+10	-3.84553e+11	-1.57834e+11	3.75323e+10	-1.22551e+11	-1.41079e+11
9.9e-10	2.69747e+11	-1.63301e+11	5.15996e+11	1.01288e+10	-4.6966e+08	-1.54866e+11	-8.60132e+09	-8.71e+10	-3.83073e+09	4.53634e+08	7.73695e+10	-1.00497e+11	6.54953e+09	-2.04438e+11	-8.29511e+10
9.95e-10	3.74166e+11	-5.98864e+11	2.05835e+11	7.99256e+10	-4.03824e+10	-3.60465e+11	7.72045e+10	1.71708e+10	-4.18075e+11	3.57011e+10	9.6509e+10	-2.50544e+11	1.05026e+10	1.82182e+10	-1.60638e+11
1e-09	4.44982e+11	-4.3313e+11	4.22933e+11	8.80105e+10	-9.61123e+10	-2.11648e+11	6.69466e+09	-1.80653e+11	-3.48851e+09	8.95162e+09	-2.58138e+11	-1.86619e+11	1.66063e+10	-1.31751e+11	-1.83392e+11
1.005e-09	3.03978e+11	-4.18178e+11	3.15294e+11	1.16407e+11	-2.16262e+11	-2.66413e+11	-8.3342e+09	-2.01196e+11	2.34339e+10	-7.52515e+09	-3.65677e+10	-5.98531e+10	-4.07509e+10	2.42447e+10	1.84945e+11
1.01e-09	2.73879e+11	-4.17076e+11	8.78511e+10	1.56772e+11	-3.37477e+11	-3.75832e+11	1.60714e+10	-5.25218e+10	-1.6836e+11	-1.68885e+10	-1.13901e+11	-1.4403e+11	5.9262e+10	1.95351e+11	-3.95341e+11
1.015e-09	6.02985e+11	-6.50568e+11	4.83501e+11	9.91387e+10	-3.42382e+11	-7.61178e+10	5.45698e+10	1.06323e+10	-4.1792e+11	3.43574e+10	1.73484e+10	-1.74614e+11	-1.10298e+10	-1.83199e+11	-7.65824e+10
1.02e-09	6.47541e+11	-7.92506e+11	2.1517e+11	1.35886e+11	-6.13729e+10	-3.24346e+11	9.0862e+10	1.66449e+11	-5.45904e+11	1.24611e+10	-8.81657e+10	-2.33816e+11	1.15858e+10	3.41862e+11	-1.44154e+11
1.025e-09	6.80535e+11	-8.0642e+11	-1.83843e+11	1.55598e+11	1.88114e+11	-4.4579e+11	5.47223e+10	-1.13669e+10	-2.91579e+11	3.64537e+10	-5.79605e+10	-2.82904e+11	2.32999e+10	2.11687e+11	1.46761e+11
1.03e-09	5.91826e+11	-5.53888e+11	-4.4717e+11	1.6021e+11	3.94276e+10	-3.3449e+11	5.82382e+10	2.59392e+11	-2.46266e+11	4.48064e+10	1.05526e+11	-5.10488e+11	2.98887e+10	3.19527e+11	8.45797e+09
1.035e-09	5.90768e+11	-4.01507e+11	-6.48623e+11	2.46957e+11	2.00725e+11	-5.21333e+11	8.49449e+10	4.72633e+11	-1.53861e+11	-2.82968e+09	-6.61371e+10	-1.70885e+11	-1.94833e+09	3.51846e+10	-6.20665e+10
1.04e-09	3.77887e+11	-3.82642e+11	-3.86414e+11	3.00605e+11	2.16744e+11	-5.76039e+11	2.15843e+11	3.46288e+11	-5.48163e+11	8.02231e+09	8.68112e+10	-6.09734e+10	6.58846e+09	7.97783e+10	-2.75266e+10
1.045e-09	5.15818e+11	-3.19246e+11	-5.86744e+11	1.72556e+11	2.4649e+11	-2.98807e+11	1.37003e+11	2.03176e+11	-3.42309e+11	1.15967e+10	1.02389e+11	-6.83029e+10	3.23702e+10	3.56899e+11	-1.31847e+10
1.05e-09	3.75069e+11	-2.21691e+11	-4.61171e+11	2.13321e+11	3.96815e+11	-3.83311e+11	2.0662e+11	5.01279e+11	-2.93857e+11	7.00822e+10	2.69513e+11	-1.30213e+11	-1.11743e+10	-6.9643e+10	-1.05394e+11
1.055e-09	3.15869e+11	4.53539e+10	-5.30588e+11	1.44144e+11	3.89078e+11	7.90555e+10	6.64789e+10	2.55423e+11	-1.89639e+11	1.02084e+11	4.19578e+11	1.20197e+10	-8.14514e+08	1.21709e+10	-5.08848e+10
1.06e-09	4.32343e+11	-5.49556e+10	-6.30084e+11	1.95028e+11	4.73563e+11	1.87021e+11	7.04933e+10	3.55003e+11	3.54806e+10	1.02582e+11	5.17393e+11	1.57957e+11	8.04129e+10	4.7747e+11	1.97833e+10
1.065e-09	4.02006e+11	-1.637e+11	-5.81196e+11	1.89303e+11	4.66644e+11	-2.95242e+10	9.50441e+10	2.68211e+11	6.80467e+10	3.20091e+10	2.36746e+11	1.58314e+10	7.4444e+10	3.35424e+11	2.88153e+11
1.07e-09	5.79055e+11	3.30317e+10	-9.09015e+11	1.48074e+11	4.05416e+11	2.85587e+11	7.79056e+10	3.1759e+11	1.5961e+11	1.02153e+10	1.9087e+11	-6.44573e+10	4.23294e+10	2.42812e+11	-5.20517e+10
1.075e-09	3.44359e+11	-1.47473e+10	-5.00571e+11	8.1098e+10	1.96654e+11	-7.87003e+10	9.68437e+10	4.44001e+11	-2.34154e+11	3.66047e+10	2.93545e+11	1.07671e+11	5.47602e+10	1.05967e+11	2.7653e+11
1.08e-09	3.82241e+11	2.76077e+11	-4.74992e+11	7.93696e+10	2.17192e+11	3.19679e+10	4.92569e+10	2.07401e+11	1.26519e+11	5.82864e+10	2.46647e+11	2.69689e+11	8.82791e+10	2.53632e+11	2.52176e+11
1.085e-09	3.65267e+11	2.78063e+11	-7.01294e+11	2.2545e+11	5.96377e+11	-4.14272e+09	1.5226e+10	1.09854e+11	-6.23656e+09	1.2538e+10	-8.15331e+10	1.00485e+11	3.9969e+10	3.71287e+11	2.05208e+11
1.09e-09	4.17639e+11	5.08281e+11	-5.84634e+11	1.73351e+11	4.50144e+11	7.15501e+10	6.74172e+10	2.52484e+10	4.49012e+11	7.31093e+10	9.01701e+10	2.97924e+11	-2.07725e+10	7.44166e+10	-1.02664e+11
1.095e-09	3.11749e+11	6.37919e+11	-4.13377e+10	2.18653e+11	5.43764e+11	2.0901e+11	4.6859e+10	1.68973e+11	2.33064e+11	7.34247e+09	-6.6483e+10	1.68573e+11	1.13237e+10	2.98976e+11	1.49621e+11
1.1e-09	3.66993e+11	5.80676e+11	-1.15079e+11	1.98798e+11	2.64108e+11	3.57993e+11	1.84132e+11	2.69612e+11	5.55706e+11	2.14171e+10	-9.24895e+10	1.51913e+11	3.13559e+10	-1.89343e+11	1.83279e+11
1.105e-09	3.0946e+11	5.48429e+11	-7.31999e+10	1.5646e+11	2.14288e+10	5.95631e+11	8.60397e+10	9.29693e+10	4.02787e+11	-9.88845e+09	-5.5595e+10	-1.87962e+10	-8.38208e+09	1.10059e+11	1.49003e+10
1.11e-09	1.1868e+11	2.35914e+11	-8.9674e+09	2.02727e+11	2.48813e+11	5.70036e+11	1.74405e+11	-1.39396e+11	5.65801e+11	1.55267e+10	1.67216e+11	1.81365e+11	3.33766e+10	2.45733e+10	3.1352e+11
1.115e-09	3.31156e+11	5.71497e+11	3.17639e+09	1.65834e+11	-4.15741e+10	4.43255e+11	3.51419e+10	1.10961e+11	1.26139e+11	-2.85514e+09	-6.14695e+10	2.64002e+10	-7.3424e+09	-8.27216e+10	-6.40375e+10
1.12e-09	4.21461e+11	6.81013e+11	3.15682e+10	8.92157e+10	-1.98664e+11	1.46085e+11	8.95386e+10	-2.04677e+11	2.7953e+11	2.33e+10	7.18882e+10	2.1845e+11	5.14155e+10	-1.88523e+11	3.3504e+11
1.125e-09	2.33826e+11	4.60313e+11	3.31263e+11	5.92913e+10	1.52749e+11	2.17879e+11	-1.94629e+09	2.23055e+11	1.2096e+11	4.83995e+10	-1.00688e+11	1.68744e+11	1.27902e+10	-3.08658e+11	-6.23683e+10
1.13e-09	3.16175e+11	4.19549e+11	4.01093e+11	2.55119e+11	-4.92301e+11	4.55716e+11	2.9659e+10	-1.79843e+11	1.15159e+11	4.63416e+10	-1.74311e+11	1.6727e+11	-2.47363e+10	-1.44128e+11	-2.50567e+11
1.135e-09	3.54849e+11	3.54177e+11	4.67399e+11	9.15464e+10	-3.35785e+10	2.35594e+11	3.05801e+09	-5.12922e+10	5.82815e+10	-3.15945e+09	-2.77311e+10	2.67592e+11	1.53275e+10	-2.30404e+11	-2.39823e+11
1.14e-09	3.478e+11	5.1172e+11	2.7235e+11	1.69942e+11	-1.36631e+11	4.77393e+11	8.35395e+10	-1.97522e+11	4.9714e+11	9.14748e+10	-4.58527e+11	7.87244e+09	9.42784e+09	-1.57532e+11	-2.06159e+11
1.145e-09	3.33283e+11	1.96425e+11	5.55153e+11	1.19268e+11	-3.10726e+11	8.74929e+10	6.97836e+10	-1.92863e+11	6.02882e+09	1.74455e+10	-2.76227e+11	1.51298e+11	1.40121e+10	-8.82771e+10	-4.27286e+10
1.15e-09	4.96567e+11	4.2178e+11	5.88511e+11	2.33576e+11	-5.88095e+11	2.61606e+11	9.75292e+10	-3.92473e+11	5.17028e+10	6.44678e+09	-6.86097e+10	-4.65909e+10	2.53718e+10	-1.22831e+11	-2.83679e+10
1.155e-09	4.18546e+11	2.62837e+10	4.99288e+11	1.30571e+11	-3.90763e+11	9.51436e+10	7.63491e+10	-4.23065e+11	-4.94554e+10	5.13895e+10	-2.48981e+11	-8.0294e+10	4.34601e+10	-3.3975e+11	-5.94099e+10
1.16e-09	5.89671e+11	2.21761e+11	6.98991e+11	6.57977e+10	-1.49039e+11	2.02859e+11	7.70952e+10	-3.78017e+11	-1.91215e+11	3.83201e+10	-2.56546e+11	-3.24791e+10	1.32653e+10	-2.04404e+11	1.73865e+10
1.165e-09	6.32069e+11	-2.37114e+11	6.90336e+11	2.59801e+11	-5.42541e+11	1.17857e+11	6.85831e+09	-1.0174e+11	-3.07351e+10	1.25902e+10	-1.66044e+11	6.6743e+10	-1.2775e+09	1.4476e+11	-1.88933e+11
1.17e-09	4.10251e+11	-7.13278e+10	4.94969e+11	1.77461e+11	-3.76441e+11	-7.67657e+10	6.64897e+10	-3.23399e+11	1.0691e+11	4.49273e+10	-2.00567e+11	-1.93127e+11	2.0008e+09	6.23643e+09	-1.57403e+11
1.175e-09	7.17368e+11	-5.10633e+11	5.81856e+11	2.45768e+11	-6.06747e+11	-1.00214e+11	1.98069e+11	-6.09807e+11	-1.84313e+11	3.36972e+10	-3.09353e+11	1.00437e+11	4.67262e+10	1.06586e+11	-3.51516e+11
1.18e-09	6.34102e+11	-6.33314e+11	4.0916e+11	1.88822e+11	-3.63513e+11	-2.3621e+11	1.33853e+11	-3.89112e+11	-3.41235e+11	8.91519e+10	-5.52685e+11	-3.1138e+11	5.49274e+09	-2.27534e+11	-2.81827e+11
1.185e-09	5.58167e+11	-5.19788e+11	2.13811e+11	1.43171e+11	-2.03205e+11	-2.35712e+11	-2.03722e+10	-1.24341e+10	9.27178e+09	-3.52723e+09	-6.01803e+10	3.75567e+10	1.17888e+10	-2.992e+11	1.61789e+11
1.19e-09	5.21342e+11	-5.73032e+11	2.37754e+11	3.11518e+11	-1.89937e+11	-6.54519e+11	5.14277e+10	-1.51824e+11	-2.01768e+11	1.58097e+10	-2.33295e+11	1.73115e+11	4.46735e+10	-3.40156e+10	-2.48336e+11
1.195e-09	3.60138e+11	-4.25819e+11	2.61173e+11	1.79667e+11	-2.24093e+11	-3.69641e+11	7.17763e+10	1.59863e+11	-2.80338e+11	5.0806e+10	9.64836e+10	-2.68127e+11	-9.95075e+08	1.03103e+11	-2.16875e+10
1.2e-09	5.88157e+11	-7.82682e+11	6.10699e+10	2.41988e+11	2.47613e+11	-5.87199e+11	5.56013e+10	-1.82663e+11	-2.57131e+11	6.00586e+10	-2.96013e+11	-1.98944e+11	3.95926e+10	-9.84684e+09	-2.54529e+11
1.205e-09	5.22666e+11	-5.30062e+11	-7.70562e+09	2.54212e+11	-3.2743e+10	-5.19026e+11	1.64361e+11	-1.02747e+11	-6.37525e+11	5.05064e+10	-1.32958e+11	-2.22241e+11	5.88043e+10	-6.61485e+10	-4.02649e+11
1.21e-09	4.70949e+11	-5.01049e+11	-4.95641e+10	2.17768e+11	-1.16055e+11	-5.77449e+11	1.2313e+11	7.34315e+10	-3.72108e+11	4.39528e+10	8.0856e+10	-1.97149e+11	1.22342e+09	-8.08932e+10	-3.18675e+10
1.215e-09	6.86932e+11	-6.62718e+11	-2.69366e+11	4.44803e+11	2.64286e+11	-7.46565e+11	7.04687e+10	9.17868e+10	-2.17234e+11	4.63738e+10	1.30531e+11	-1.7887e+11	2.5378e+10	7.19944e+10	-1.15627e+11
1.22e-09	9.53402e+11	-9.97045e+11	-1.53487e+11	3.69378e+11	1.0455e+11	-7.37997e+11	1.26719e+11	-2.06304e+10	-4.72619e+11	7.08079e+10	2.35594e+10	-4.15191e+11	7.04174e+10	2.34289e+11	-3.89685e+11
1.225e-09	5.84365e+11	-5.44493e+11	-3.89647e+11	2.33459e+11	3.2145e+11	-2.69505e+11	2.49197e+11	4.31803e+11	-6.56058e+11	1.37547e+10	5.57984e+10	-1.57038e+11	8.80028e+10	3.45545e+11	-1.20958e+11
1.23e-09	3.45239e+11	-2.79166e+11	-3.17743e+11	3.31123e+11	3.56587e+11	-5.2806e+11	1.14344e+11	1.22046e+11	-3.83965e+11	3.39463e+10	1.29928e+11	-6.25376e+10	7.27838e+10	3.19112e+11	1.94021e+10
1.235e-09	5.51206e+11	-3.25307e+11	-5.00492e+11	4.56587e+11	5.84049e+11	-5.25631e+11	1.48726e+11	3.35546e+11	-2.6885e+11	4.15005e+10	2.35523e+11	4.38972e+10	3.40965e+10	1.28541e+11	3.15921e+11
1.24e-09	4.42376e+11	-2.00169e+11	-5.77173e+11	3.37708e+11	5.84374e+11	-5.51132e+11	1.03042e+11	4.41426e+11	8.28951e+10	1.08489e+11	4.85726e+11	-2.98953e+11	2.78728e+10	2.13574e+11	-1.84547e+11
1.245e-09	5.12675e+11	-2.7235e+11	-5.27237e+11	2.1045e+11	3.75324e+11	-3.06511e+11	1.3738e+11	2.60373e+11	-3.29119e+11	5.81878e+10	2.86865e+11	1.64228e+11	5.61358e+10	2.79308e+11	3.01032e+11
1.25e-09	5.61721e+11	-1.37081e+11	-6.17972e+11	2.84821e+11	4.46551e+11	-2.29182e+11	8.1527e+10	1.8762e+11	-2.30316e+11	6.62418e+10	2.93421e+11	6.598e+10	4.38979e+10	2.67187e+11	1.8583e+11
1.255e-09	6.49548e+11	2.20642e+10	-7.37995e+11	2.21194e+11	5.26877e+11	-6.89459e+10	1.23896e+11	4.37079e+11	-4.60865e+10	4.26605e+10	2.34817e+11	7.67398e+10	7.95021e+10	3.56957e+11	1.75524e+11
1.26e-09	4.78864e+11	1.31014e+11	-5.48556e+11	7.69867e+10	1.53974e+11	-3.04811e+11	7.98918e+10	2.23482e+11	3.27088e+10	6.58164e+10	2.02575e+11	2.66247e+11	7.21558e+10	2.63091e+11	4.08891e+11
1.265e-09	5.10885e+11	-1.88038e+10	-5.569e+11	1.60712e+11	3.30658e+11	2.22861e+11	8.08203e+10	2.75314e+11	1.58548e+11	8.02562e+10	3.54553e+11	1.90249e+11	2.99342e+09	2.83942e+09	4.58283e+10
1.27e-09	2.76792e+11	1.57988e+11	-2.75298e+11	2.49214e+11	5.3721e+11	1.40078e+11	3.31488e+10	1.31311e+11	1.49198e+11	4.31653e+10	2.9355e+11	1.13389e+11	-2.11989e+09	3.16385e+10	1.03125e+11
1.275e-09	3.70955e+11	2.91928e+11	-4.73684e+11	3.10985e+11	4.94393e+11	2.57496e+11	1.36029e+11	4.50403e+11	1.3842e+11	1.10777e+11	3.38275e+11	2.78761e+11	7.4563e+10	1.27914e+11	3.7228e+11
1.28e-09	5.00409e+11	4.48622e+11	-5.35916e+11	1.00065e+11	4.81527e+10	2.60919e+11	6.6432e+10	1.25138e+11	2.24399e+11	1.16036e+11	3.68156e+11	3.16806e+11	4.74112e+10	-1.83226e+11	1.63758e+11
1.285e-09	5.0839e+11	4.1055e+11	-5.15246e+11	1.84368e+11	4.03608e+11	2.02411e+11	7.74637e+10	9.36792e+10	1.95577e+11	3.84149e+10	1.87698e+11	1.25225e+11	6.23849e+10	-2.84419e+10	2.83343e+11
1.29e-09	5.805e+11	7.20714e+11	-2.28589e+11	1.27253e+11	-9.73036e+10	4.75836e+11	1.01806e+11	1.89971e+11	3.4398e+11	9.25449e+10	-2.09625e+11	4.79001e+11	-2.82154e+10	-1.14502e+11	-2.36386e+10
1.295e-09	4.74721e+11	5.92442e+11	-2.93336e+10	2.92124e+11	4.3921e+10	6.6915e+11	7.83668e+10	1.20014e+11	3.16361e+11	1.87838e+10	-2.08232e+10	1.32291e+11	2.00534e+10	3.48361e+10	1.26742e+11
1.3e-09	3.56659e+11	5.29448e+11	4.22638e+10	3.32971e+11	-1.96587e+11	6.00619e+11	8.47048e+10	9.90936e+10	4.49898e+11	6.20232e+10	-3.80908e+11	1.94547e+11	1.8639e+10	-5.92767e+10	1.90052e+11
1.305e-09	5.99412e+11	7.35601e+11	4.27633e+11	3.97351e+11	-3.40345e+10	7.26642e+11	1.04205e+11	-1.44381e+11	3.31076e+11	2.63866e+10	-6.44969e+10	1.30967e+11	1.14528e+11	-1.7814e+11	3.88418e+11
1.31e-09	6.35401e+11	4.9777e+11	5.8652e+11	1.37601e+11	-3.28595e+11	2.76604e+11	7.25109e+10	-2.75002e+11	2.30004e+11	6.91229e+10	-3.68951e+11	6.78184e+10	-1.59107e+10	-2.06313e+11	-1.48783e+11
1.315e-09	6.81783e+11	4.60996e+11	5.80416e+11	2.47123e+11	-4.07502e+11	4.26912e+11	8.3589e+10	-3.66886e+10	3.20876e+11	4.37804e+10	-2.88939e+10	2.64855e+11	6.09671e+09	-5.31887e+10	1.3779e+11
1.32e-09	6.41719e+11	2.1278e+11	6.97234e+11	2.28437e+11	-3.98544e+11	3.55321e+11	7.7921e+10	-2.0174e+11	1.55338e+11	4.73348e+10	-7.69446e+10	3.40201e+11	7.18161e+09	-2.44014e+10	1.13653e+11
1.325e-09	5.85934e+11	5.3432e+10	6.11607e+11	3.2865e+11	-7.12208e+11	3.2494e+11	1.10487e+11	-2.93054e+11	1.56997e+11	1.69097e+11	-5.99282e+11	2.05965e+11	6.17082e+10	-3.89891e+11	-8.2557e+10
1.33e-09	3.85302e+11	2.55524e+11	5.45803e+11	2.14385e+11	-3.839e+11	1.7295e+11	1.29156e+11	-2.57415e+11	1.70211e+11	6.62729e+10	-3.79923e+11	-6.13473e+10	8.09063e+10	-2.96755e+11	-7.91569e+10
1.335e-09	5.41056e+11	-2.07417e+11	6.51987e+11	2.44357e+11	-4.5956e+11	3.6398e+10	1.38965e+11	-4.41781e+11	-5.50087e+10	8.51489e+10	-4.12681e+11	-1.0583e+11	-6.89135e+08	-3.64731e+10	2.30683e+10
1.34e-09	4.62694e+11	-2.67652e+11	6.02422e+11	2.1429e+11	-5.1076e+11	1.53077e+11	1.33243e+11	-3.72464e+11	-1.40061e+11	3.75656e+10	-8.87302e+10	-8.0218e+10	3.2452e+10	-1.92573e+11	-9.71308e+10
1.345e-09	4.23125e+11	-2.24304e+11	5.27973e+11	2.49562e+11	-6.79519e+11	2.08026e+09	5.98997e+10	-1.66074e+11	-1.60722e+11	3.88103e+10	-1.86554e+11	-7.6491e+10	3.72509e+10	-1.86288e+11	-9.28759e+10
1.35e-09	3.65459e+11	-2.48029e+11	4.46442e+11	2.9004e+11	-7.01475e+11	-2.25608e+11	1.47027e+11	-3.42768e+11	-3.4616e+11	6.59688e+10	-1.49366e+11	-2.51424e+11	4.02545e+10	-2.8476e+11	8.37561e+09
1.355e-09	4.25542e+11	-9.7418e+10	6.2324e+11	2.84465e+11	-3.28637e+11	-5.9222e+11	1.99909e+11	-3.42861e+11	-4.03145e+11	4.24637e+10	-8.35535e+10	-1.27541e+11	9.88127e+10	-2.00886e+11	-3.25289e+11
1.36e-09	5.64797e+11	-4.66611e+11	4.19385e+11	2.98876e+11	-6.3826e+11	-2.45715e+11	3.68326e+10	1.43439e+10	-1.41901e+11	2.22683e+10	-1.48221e+11	-1.09784e+11	6.74281e+10	-1.74203e+11	-3.38463e+11
1.365e-09	2.86261e+11	-2.28574e+11	3.1404e+11	3.34396e+11	-6.21788e+11	-2.96956e+11	8.34558e+10	-2.70095e+11	-1.7879e+11	1.47078e+11	1.36416e+10	-5.54787e+11	4.62966e+10	6.36532e+10	-1.55659e+11
1.37e-09	4.1433e+11	-5.12889e+11	2.83858e+11	2.7176e+11	-1.68921e+11	-6.38165e+11	5.58317e+10	-1.09838e+11	-2.67372e+11	5.81819e+10	-2.83633e+11	-1.4289e+11	-1.24412e+10	1.42395e+11	9.62399e+10
1.375e-09	5.5892e+11	-6.71772e+11	3.39649e+11	2.03312e+11	-1.2542e+11	-3.86709e+11	9.26186e+10	-8.93322e+10	-3.6619e+11	1.37655e+11	1.53685e+11	-4.42629e+11	5.98987e+09	1.39669e+11	-3.56644e+10
1.38e-09	5.44997e+11	-5.31198e+11	4.79118e+11	2.71155e+11	-7.90703e+10	-5.78162e+11	1.66995e+11	-2.72262e+11	-4.8473e+11	6.25937e+10	1.79681e+11	-2.10729e+11	3.62626e+10	5.92227e+10	-1.5196e+11
1.385e-09	5.40601e+11	-5.07088e+11	2.70324e+11	2.06032e+11	-2.05095e+11	-4.90434e+11	9.00044e+10	5.37488e+10	-3.25464e+11	1.37921e+10	-1.70393e+11	-1.04373e+11	2.21692e+10	1.24448e+11	-1.1532e+11
1.39e-09	5.74047e+11	-6.1899e+11	-2.2115e+11	2.4171e+11	-1.7864e+11	-4.03119e+11	8.57287e+10	-2.63156e+10	-4.19094e+11	-1.13549e+10	-7.71756e+10	-3.94668e+10	4.29727e+10	1.78054e+11	-6.90969e+10
1.395e-09	7.57006e+11	-6.7227e+11	3.69023e+10	2.53208e+11	-7.39215e+10	-4.86316e+11	6.7176e+10	2.19321e+11	-2.47968e+11	5.76514e+10	2.80152e+11	-6.00498e+10	4.27027e+10	1.34749e+11	-1.54082e+11
1.4e-09	7.32955e+11	-7.86164e+11	-5.69331e+10	2.46645e+11	1.25512e+11	-4.87656e+11	9.43561e+10	1.676e+11	-4.1104e+11	1.03572e+11	5.2736e+11	-5.76624e+10	3.92621e+10	2.64959e+11	-3.36135e+11
1.405e-09	6.55131e+11	-6.77067e+11	-2.39698e+11	2.73724e+11	-6.06608e+10	-5.85856e+11	1.05121e+11	1.8656e+11	-3.15557e+11	7.45917e+10	2.21062e+11	-2.45955e+11	3.58012e+10	2.56129e+11	-6.21676e+09
1.41e-09	6.22663e+11	-3.05211e+11	-5.23245e+11	3.35024e+11	2.22854e+11	-6.15978e+11	7.84656e+10	1.44625e+10	-3.18103e+11	8.29739e+09	1.35545e+11	9.16835e+10	-9.18906e+09	-1.24784e+09	-1.31625e+10
1.415e-09	4.49488e+11	-2.71524e+11	-4.67111e+11	2.60498e+11	1.36937e+11	-4.88202e+11	1.63982e+11	4.70771e+11	-9.94534e+10	2.63992e+10	1.71522e+11	-9.55939e+10	2.14569e+10	8.66547e+10	1.55073e+11
1.42e-09	4.33081e+11	-3.16772e+11	-4.04886e+11	3.60184e+11	6.28337e+11	-3.55739e+11	1.2228e+11	3.56656e+11	-3.62841e+11	3.08787e+10	1.28479e+11	3.03637e+09	3.41901e+10	2.12177e+11	-2.5288e+11
1.425e-09	6.74958e+11	-3.79539e+11	-6.39739e+11	2.20702e+11	2.94525e+11	-7.24217e+11	5.51797e+10	2.99583e+11	2.00063e+10	3.16506e+10	1.58383e+11	-1.0072e+11	2.15643e+10	1.50483e+11	7.90578e+10
1.43e-09	5.8643e+11	-1.89037e+11	-7.16713e+11	2.13363e+11	4.72688e+11	-2.69958e+11	5.78872e+10	2.88724e+11	-1.50665e+10	7.16675e+10	3.08436e+11	5.58675e+10	6.72397e+09	1.21999e+11	2.50299e+11
1.435e-09	4.23924e+11	-1.10703e+10	-4.75303e+11	2.37485e+11	4.85269e+11	9.46031e+10	7.96897e+09	2.27864e+11	5.73199e+09	3.92153e+10	1.99583e+11	-2.02343e+11	4.05668e+10	4.02938e+11	-1.85362e+11
1.44e-09	5.30887e+11	4.27047e+11	-6.07669e+11	2.88512e+11	5.2672e+11	1.1475e+11	9.92078e+10	3.00936e+11	1.85815e+11	6.17398e+10	2.62395e+11	2.2171e+11	1.84471e+10	1.80212e+11	2.19133e+11
1.445e-09	5.74388e+11	5.83049e+10	-7.10238e+11	1.36645e+11	2.61205e+11	1.02164e+11	1.49018e+11	4.20565e+11	3.20651e+11	2.51992e+10	2.31704e+11	4.26564e+10	-6.33494e+09	-1.21361e+11	1.67702e+11
1.45e-09	6.86888e+11	6.54018e+11	-5.69545e+11	2.90845e+11	5.14418e+11	3.83274e+11	1.81725e+11	4.78316e+11	-1.5047e+10	-5.9617e+09	1.97375e+11	-1.5535e+11	2.59249e+10	2.3481e+11	-2.56082e+10
1.455e-09	3.21642e+11	3.86168e+11	-1.53455e+11	2.78213e+11	5.08004e+11	2.42469e+11	1.10161e+11	1.65206e+11	3.85529e+11	5.94105e+10	5.29867e+10	3.40601e+11	1.07415e+11	3.43212e+10	4.66692e+11
1.46e-09	3.68583e+11	4.60047e+11	-4.19774e+11	1.986e+11	3.44891e+11	2.96537e+11	8.83965e+10	1.56235e+11	2.85249e+11	2.19396e+10	-1.93996e+11	2.88624e+11	-2.21527e+10	-1.53728e+11	-5.00077e+10
1.465e-09	4.39172e+11	6.41011e+11	-1.79847e+11	1.85053e+11	-2.33692e+11	6.21195e+11	5.32488e+09	1.16855e+11	-2.35801e+10	3.61461e+10	-1.80119e+11	1.89825e+11	2.82934e+10	2.24855e+10	1.70638e+11
1.47e-09	3.839e+11	6.00014e+11	7.05146e+09	1.74995e+11	-2.60811e+10	5.37432e+11	3.90312e+10	1.32369e+11	1.27829e+11	2.31286e+10	-1.26109e+11	2.39125e+11	6.99433e+10	2.81269e+11	1.93738e+11
1.475e-09	3.84556e+11	5.44183e+11	-1.60343e+11	2.48921e+11	1.44276e+11	5.47066e+11	9.52424e+10	5.33248e+10	3.88491e+11	7.71312e+10	-4.11827e+10	3.98702e+11	7.59812e+10	-9.34326e+10	2.70726e+11
1.48e-09	4.28754e+11	5.33667e+11	-7.10269e+10	6.13583e+09	-1.27133e+11	2.90186e+10	6.16115e+10	-1.83986e+11	1.60291e+11	7.61005e+10	4.81913e+10	4.00979e+11	4.67453e+10	-1.07735e+10	2.84625e+11
1.485e-09	4.16557e+11	4.40563e+11	9.62707e+10	1.30823e+11	2.24755e+11	3.56252e+11	1.02047e+11	-3.07077e+11	4.86825e+11	3.35179e+10	-2.36481e+11	1.77489e+11	4.43492e+10	-2.48434e+10	3.09666e+11
1.49e-09	4.54441e+11	4.6583e+11	5.93598e+11	1.4856e+11	2.19395e+10	3.32538e+11	7.07148e+10	-1.57425e+11	2.95898e+11	2.42613e+10	-1.45827e+11	5.51084e+10	3.72911e+10	-3.71952e+11	-3.19665e+10
1.495e-09	5.82629e+11	6.7097e+11	2.94369e+11	3.14628e+11	-4.19561e+11	3.98537e+11	4.56233e+10	-1.68962e+11	6.24822e+10	6.44241e+10	-3.34069e+11	1.32914e+11	2.9496e+10	-2.45033e+11	-1.27688e+10
1.5e-09	3.44042e+11	3.85786e+11	2.58155e+11	1.80984e+11	-1.19906e+11	3.86643e+11	2.01366e+11	-5.27689e+11	2.44791e+11	1.78736e+10	-2.41746e+11	1.35922e+10	2.31713e+10	-7.41394e+10	2.54643e+11
