Wed Oct 23 11:36:59 2024

<base> : Rectangle : 0m, 0m, 0m; 7um, 50nm, 5nm. Cells : 1400, 10, 1. Cellsize : 5nm, 5nm, 5nm
<supermesh> : Rectangle : 0m, 0m, 0m; 7um, 50nm, 5nm. Cells : 1400, 10, 1. Cellsize : 5nm, 5nm, 5nm

Saved data (dataname (unit) <meshname> (cells_rectangle)) : 

time (s)	<mxdmdt> (1/s) <base> (3.6um, 0m, 0m; 3.61um, 50nm, 5nm)			<mxdmdt> (1/s) <base> (4um, 0m, 0m; 4.01um, 50nm, 5nm)			<mxdmdt> (1/s) <base> (4.5um, 0m, 0m; 4.51um, 50nm, 5nm)			<mxdmdt> (1/s) <base> (5.5um, 0m, 0m; 5.51um, 50nm, 5nm)			<mxdmdt> (1/s) <base> (6.5um, 0m, 0m; 6.51um, 50nm, 5nm)			

0	51595.9	-22223.4	560498	18077.1	1.10166e+06	-470926	36288.3	679197	553155	7991.6	255455	-925803	9613.39	-189311	-190667
5e-12	-1.29126e+09	1.7553e+10	4.83428e+10	1.41916e+10	1.84145e+11	1.62123e+11	-1.43628e+10	-3.56685e+11	2.02947e+10	-2.34281e+10	-2.16419e+10	1.949e+11	-9.54358e+09	3.12281e+10	1.3158e+11
1e-11	-2.27818e+10	-8.19805e+10	1.57985e+11	-2.89442e+10	-1.47011e+11	2.6542e+11	-1.53247e+10	1.24766e+11	5.18288e+10	-2.82191e+10	-2.79507e+11	9.11306e+10	-1.7147e+10	-2.15091e+10	-1.12705e+11
1.5e-11	-6.80642e+09	6.03973e+10	-3.69046e+10	-1.18185e+09	1.38365e+11	-2.61833e+10	-1.08619e+10	-3.9438e+10	-9.72702e+10	-1.39472e+09	1.59362e+10	-1.51968e+11	-5.75272e+09	-2.21188e+11	8.43932e+10
2e-11	-4.10361e+10	2.9134e+11	-1.06266e+11	7.76549e+09	-1.96868e+11	-1.04586e+11	-1.13589e+09	-2.69237e+10	-8.53657e+10	-4.7222e+09	-1.25131e+11	-3.33145e+11	1.77789e+09	9.2325e+10	2.95778e+11
2.5e-11	-9.38303e+10	3.49107e+11	2.97028e+11	-8.6945e+09	2.95763e+11	-1.0364e+11	-8.54726e+09	-3.86378e+10	-4.82706e+10	1.13602e+10	-9.84684e+10	1.5162e+11	-2.10434e+10	1.08557e+11	1.00114e+11
3e-11	-2.8486e+10	3.72048e+07	1.31323e+11	-1.6423e+10	-4.23666e+10	-9.16245e+10	-6.96923e+09	1.42389e+11	-1.76643e+11	-1.33932e+10	2.53888e+11	2.05857e+10	1.25558e+10	-1.55101e+11	9.06474e+10
3.5e-11	-2.4621e+11	5.63349e+11	1.91861e+11	2.44817e+10	-2.44652e+11	-5.7214e+10	2.59043e+09	-1.44893e+11	-5.63124e+10	-3.02685e+09	2.10848e+11	5.2996e+10	-4.56269e+10	-2.94327e+10	-3.32492e+11
4e-11	-2.50001e+11	3.57185e+11	3.05457e+11	-6.25376e+10	2.20935e+11	-1.68372e+11	-1.71322e+08	1.48678e+11	6.79106e+10	-3.16153e+09	-1.83465e+11	1.52743e+10	-1.18662e+10	1.59955e+11	-1.46073e+11
4.5e-11	-3.16503e+11	4.82421e+11	2.8735e+11	-4.16454e+10	1.64297e+11	-1.30871e+11	-5.56769e+10	-4.63707e+10	-3.41903e+11	-1.50719e+10	6.87149e+10	3.33846e+10	-1.4944e+10	8.05993e+10	-2.48646e+10
5e-11	-1.98697e+11	3.51856e+11	1.67926e+11	-2.16774e+10	2.24733e+10	-7.4006e+10	-4.34821e+08	3.80899e+11	5.34195e+10	1.91277e+10	-1.86887e+11	1.8943e+11	-2.41624e+10	1.45984e+11	2.28929e+11
5.5e-11	-3.38328e+11	2.8347e+11	4.18571e+11	-8.9047e+10	1.89363e+11	-1.9681e+11	-1.62282e+10	-2.88118e+10	-1.526e+11	-7.59017e+08	-5.93396e+10	2.74616e+10	1.82123e+09	-7.39711e+10	3.04328e+11
6e-11	-2.81715e+11	3.95229e+11	3.09326e+11	-1.65017e+11	4.70025e+11	-2.94187e+11	-3.42132e+10	-1.0703e+11	-1.59994e+11	4.7895e+09	-3.45643e+11	1.35703e+11	-5.72324e+09	-4.68369e+11	1.45856e+09
6.5e-11	-2.80442e+11	1.6678e+11	3.16337e+11	-2.27575e+11	3.16529e+11	-4.15525e+11	-3.6657e+10	-9.29386e+10	-1.80375e+11	-3.22713e+10	1.45517e+10	-2.35513e+11	-3.7259e+09	1.13423e+11	-1.1242e+11
7e-11	-5.57843e+11	3.75691e+11	6.6906e+11	-1.6332e+11	4.76948e+11	8.71639e+09	-1.11072e+11	1.0968e+10	-3.84034e+11	-2.01514e+10	1.8092e+11	1.73164e+11	-6.21931e+09	8.07674e+10	2.04734e+08
7.5e-11	-4.78483e+11	1.71016e+11	5.75427e+11	-1.10583e+11	2.11577e+11	-9.61197e+10	-7.70685e+10	1.06272e+11	-1.7789e+11	-5.08139e+09	-3.02099e+10	-1.19957e+11	9.75036e+08	-5.31774e+09	-6.96309e+10
8e-11	-5.5773e+11	3.34702e+11	5.97365e+11	-2.50328e+11	3.65449e+11	-5.51412e+11	-1.01865e+11	-1.1705e+11	-4.02414e+11	-1.16049e+10	-7.93528e+09	-6.75e+10	-3.31348e+10	8.27349e+10	3.87807e+11
8.5e-11	-3.59097e+11	-1.97321e+11	5.54601e+11	-2.31462e+11	3.79091e+11	-3.60835e+11	-1.00097e+11	1.26999e+11	-3.78146e+11	5.88579e+09	6.51905e+10	9.25553e+10	-1.18635e+10	-1.31357e+11	3.44936e+10
9e-11	-3.67085e+11	2.08228e+11	4.98881e+11	-1.95862e+11	5.36e+11	-2.47036e+10	-5.31348e+10	-3.41424e+10	-2.40962e+11	6.98281e+08	6.37895e+10	1.7982e+11	-3.213e+09	1.55063e+11	-2.98738e+10
9.5e-11	-5.85555e+11	-6.59991e+10	7.11801e+11	-1.93313e+11	2.83011e+11	-3.32121e+11	-2.89448e+10	3.3658e+10	-2.40597e+11	-4.02185e+10	-1.45231e+11	-2.30669e+11	-1.06406e+10	-1.00187e+10	2.96549e+10
1e-10	-5.12068e+11	-2.38793e+11	6.89139e+11	-1.32385e+11	2.27707e+11	-1.36775e+11	-1.4718e+11	1.79532e+11	-4.26028e+11	-2.28772e+10	-2.26726e+11	-1.89998e+11	-2.69013e+09	1.30703e+11	-1.85121e+09
1.05e-10	-5.1577e+11	-1.20659e+11	6.36002e+11	-2.25045e+11	3.55519e+11	-7.48436e+09	2.04691e+10	1.16388e+11	1.37772e+11	-4.91374e+10	-4.02686e+11	-1.25478e+10	-1.26532e+10	2.79255e+10	1.67417e+11
1.1e-10	-3.31887e+11	-1.68372e+11	4.70456e+11	-2.54396e+11	5.52394e+11	-6.99704e+10	-4.95848e+10	1.38928e+10	-1.73245e+11	1.30346e+09	-1.29638e+11	2.15574e+11	-3.19232e+09	-5.5248e+10	2.93548e+11
1.15e-10	-4.6833e+11	-4.94481e+11	3.71533e+11	-1.12378e+11	2.73275e+11	-2.27539e+11	-1.21763e+11	4.07221e+11	-3.05272e+11	-2.36915e+09	8.51893e+10	-3.59363e+10	-1.02648e+10	-4.79669e+10	-4.24271e+10
1.2e-10	-5.27533e+11	-6.76674e+11	3.42702e+11	-1.9234e+11	3.94514e+11	3.08063e+11	-7.00995e+10	1.3306e+11	-1.90765e+11	-1.27117e+10	1.65704e+10	-8.24809e+10	-4.07299e+09	2.59877e+11	2.14746e+11
1.25e-10	-4.16054e+11	-2.46071e+11	6.55348e+11	-2.54628e+11	5.94228e+11	1.31704e+11	-1.23832e+11	2.3349e+11	-3.33597e+11	-8.2396e+10	-1.32791e+11	-4.41266e+11	1.10491e+10	5.71852e+10	-2.46203e+11
1.3e-10	-3.95242e+11	-4.76864e+11	3.47369e+11	-2.38858e+11	5.55837e+11	2.466e+11	-7.14796e+10	3.16365e+11	-1.95472e+11	-2.65057e+10	-7.10256e+10	-1.27002e+11	-4.78347e+10	-1.32156e+11	2.2136e+11
1.35e-10	-4.46882e+11	-4.80266e+11	5.07594e+11	-1.4518e+11	2.35583e+11	1.56928e+11	-9.16856e+10	2.92607e+11	-2.26125e+11	-1.95769e+10	-1.93206e+10	-8.84981e+10	-6.81791e+09	6.79625e+10	8.02745e+10
1.4e-10	-2.51008e+11	-4.25333e+11	4.16228e+11	-1.54858e+11	3.45349e+11	1.11075e+11	-6.68762e+10	1.6515e+11	-1.71099e+11	-7.04438e+10	-1.62859e+11	-4.65028e+11	-8.0313e+09	1.7365e+11	1.06636e+10
1.45e-10	-3.93977e+11	-6.76129e+11	1.34951e+11	-1.03895e+11	7.99844e+10	2.89418e+11	-1.34474e+10	8.01031e+10	-3.29605e+11	1.1118e+09	1.06463e+11	-1.05166e+11	1.4926e+10	9.81086e+10	-1.02104e+11
1.5e-10	-4.36727e+11	-6.36645e+11	2.434e+11	-9.56928e+10	-2.76305e+10	4.37799e+11	-7.41076e+10	2.70763e+11	-5.04474e+10	-2.32795e+09	-6.68297e+08	-6.15587e+10	5.77964e+09	-5.31654e+10	-3.21466e+10
1.55e-10	-4.93951e+11	-5.95526e+11	1.94053e+11	-9.76031e+10	2.2811e+11	9.03069e+10	-1.16166e+11	3.33282e+11	-3.23996e+11	-1.80579e+10	7.49533e+10	-2.12971e+10	1.72403e+09	6.26487e+10	-3.92394e+10
1.6e-10	-3.21495e+11	-3.9242e+11	7.64504e+10	-2.05859e+11	3.30026e+11	2.87042e+11	-4.31501e+10	2.12483e+11	8.18303e+10	1.09751e+10	1.88574e+11	-2.67842e+11	-9.75822e+09	-1.26323e+11	3.34909e+10
1.65e-10	-4.09911e+11	-6.40603e+11	-1.09502e+11	-1.39109e+11	3.95987e+11	1.56235e+11	-7.46084e+10	3.73558e+11	-5.11826e+10	3.91593e+09	-1.16693e+11	4.7929e+10	7.0451e+09	4.48839e+10	5.79952e+10
1.7e-10	-5.82605e+11	-5.8838e+11	-2.01936e+11	-1.65469e+11	2.8242e+11	4.46874e+11	-4.96801e+10	2.38057e+11	1.24077e+11	-1.17544e+10	4.84038e+11	6.47929e+10	-6.31562e+09	-8.48844e+10	1.36364e+11
1.75e-10	-5.0408e+11	-5.38168e+11	-4.18462e+10	-1.48238e+11	1.96224e+11	3.37054e+11	-9.81279e+10	4.02769e+11	9.47498e+10	-2.91685e+10	2.15947e+11	-1.16946e+11	-1.1246e+10	1.40115e+09	-1.4857e+10
1.8e-10	-4.00714e+11	-4.32677e+11	-1.65505e+11	-1.70731e+11	1.9339e+11	3.03571e+11	-6.93748e+10	3.07684e+11	-1.39371e+09	-7.10721e+09	7.66468e+10	2.77385e+10	-1.90488e+10	-6.9355e+10	-5.86985e+10
1.85e-10	-5.5805e+11	-7.08674e+11	-3.05755e+11	-3.05112e+11	1.29079e+11	6.01439e+11	-1.10787e+11	3.67373e+11	1.3419e+11	-8.79599e+09	2.31109e+10	-2.55623e+11	-9.96633e+09	-2.58317e+11	5.26133e+08
1.9e-10	-3.94159e+11	-4.47916e+11	-2.32181e+11	-3.53941e+11	7.63279e+10	6.12762e+11	-1.64608e+11	4.06775e+11	4.72644e+11	-2.09477e+10	3.5071e+11	5.4086e+10	-2.583e+09	8.7705e+10	2.04561e+11
1.95e-10	-6.39373e+11	-6.89635e+11	-4.06108e+11	-2.41833e+11	1.39492e+11	4.85651e+11	-1.12699e+11	5.04595e+11	1.64895e+11	-1.91076e+10	6.54505e+10	1.91878e+10	1.01272e+10	9.30184e+10	-2.23313e+11
2e-10	-6.02526e+11	-8.77546e+11	-2.08213e+11	-1.72773e+11	-1.62778e+11	3.26412e+11	-1.34282e+11	1.56013e+11	4.1283e+11	-7.21611e+09	2.75436e+11	-2.8675e+10	1.2185e+10	1.05784e+11	-1.22774e+11
2.05e-10	-4.43403e+11	-3.02667e+11	-5.53924e+11	-2.83814e+11	9.44312e+10	6.0393e+11	-6.82237e+10	4.24801e+10	2.60338e+11	-1.6394e+10	-2.96055e+10	-1.28389e+11	-1.41364e+10	-2.17784e+10	-1.31774e+11
2.1e-10	-5.17184e+11	-3.24995e+11	-5.04498e+11	-1.59251e+11	-1.39196e+11	3.28225e+11	-1.26151e+11	1.87736e+11	3.9003e+11	-2.09798e+10	3.89198e+10	-6.4029e+09	1.13358e+10	-1.12904e+10	1.40978e+10
2.15e-10	-2.40487e+11	2.94414e+10	-2.86272e+11	-1.75177e+11	-8.22132e+10	3.74574e+11	-7.72301e+10	1.46933e+11	2.11808e+11	-1.06678e+10	2.45173e+11	1.35429e+11	-8.99861e+09	3.00717e+09	-3.04054e+10
2.2e-10	-4.53092e+11	-1.40012e+11	-5.32421e+11	-2.54477e+11	-3.79653e+11	3.57512e+11	-1.36698e+11	8.25515e+10	3.36559e+11	-3.57213e+10	2.63646e+11	-1.27532e+11	-4.25271e+10	-1.04299e+11	-2.09358e+11
2.25e-10	-5.13286e+11	2.70258e+11	-6.01178e+11	-1.91128e+11	-3.08885e+11	2.20518e+11	-1.08457e+11	-3.32326e+11	4.30864e+11	6.04295e+09	-1.17634e+11	-6.47926e+10	-6.24785e+09	-1.10912e+10	2.1565e+10
2.3e-10	-4.83115e+11	-6.25373e+09	-5.74354e+11	-1.97381e+11	-4.54675e+11	8.98798e+10	-6.8817e+10	2.28688e+11	2.52099e+11	-4.75545e+10	1.72479e+11	-1.76519e+11	-2.33105e+10	-7.97996e+10	-1.33945e+11
2.35e-10	-4.82196e+11	2.87324e+11	-6.51865e+11	-2.77743e+11	-6.86252e+11	8.37625e+10	-1.05688e+11	-1.58443e+11	4.06793e+11	-2.30211e+10	3.40615e+11	2.26563e+11	3.81512e+09	-5.97776e+10	7.10572e+10
2.4e-10	-3.01786e+11	-2.83216e+11	-4.88733e+11	-2.6205e+11	-5.05926e+11	6.80372e+09	-1.18266e+11	-7.56094e+10	3.7678e+11	-1.75963e+10	3.20911e+11	-8.80796e+10	-9.11511e+09	-2.28726e+11	2.25103e+10
2.45e-10	-4.60335e+11	2.3018e+11	-5.25033e+11	-1.87091e+11	-3.21451e+11	1.44911e+11	-1.54223e+11	-1.34315e+11	4.58977e+11	-1.87522e+10	9.11931e+10	-6.5777e+10	-2.08146e+10	-3.65248e+10	-1.60729e+11
2.5e-10	-4.30569e+11	1.3279e+11	-5.11296e+11	-3.57408e+11	-7.04671e+11	9.6442e+10	-1.08958e+11	-2.85584e+11	3.03626e+11	1.18125e+10	-4.18853e+10	-1.27433e+10	1.09952e+10	-5.77781e+10	2.90212e+11
2.55e-10	-4.80032e+11	3.16488e+11	-5.95674e+11	-2.79771e+11	-5.28051e+11	-2.41869e+11	-5.15e+10	4.82763e+10	2.51909e+11	-1.53542e+10	1.22694e+11	1.20205e+09	-2.37082e+10	1.92991e+11	-3.06292e+11
2.6e-10	-4.94499e+11	9.45243e+10	-6.03663e+11	-2.04151e+11	-4.09698e+11	-5.39866e+10	-5.90572e+10	-1.38592e+11	7.83768e+10	1.42663e+09	-4.17064e+10	-2.57951e+10	1.97935e+09	1.7095e+11	-2.28019e+10
2.65e-10	-4.26429e+11	2.89183e+11	-4.63903e+11	-3.66939e+11	-5.56993e+11	-4.44893e+11	-4.10611e+10	-3.58874e+11	-1.0473e+11	-1.15279e+10	2.89588e+11	2.29127e+11	-5.53116e+09	-4.10907e+10	-2.09129e+11
2.7e-10	-5.03732e+11	4.08314e+11	-4.13599e+11	-2.26314e+11	-4.40517e+11	-2.50523e+11	-5.64297e+10	-1.82765e+11	1.71855e+11	-1.01939e+10	8.66295e+10	3.98028e+10	-2.18622e+10	9.60708e+10	-3.40231e+10
2.75e-10	-4.75607e+11	2.98461e+11	-6.71031e+11	-3.55871e+11	-4.52558e+11	-4.84556e+11	-1.30738e+11	-4.55428e+11	2.15345e+11	-4.0317e+09	-7.82062e+09	6.19184e+10	3.35282e+08	-1.55707e+09	2.63393e+10
2.8e-10	-6.00586e+11	5.36914e+11	-5.84806e+11	-3.76172e+11	-5.39767e+11	-3.36308e+11	-5.44176e+10	-2.32962e+11	1.21302e+11	-2.25749e+10	6.3498e+10	3.19497e+11	-1.71736e+10	-5.53902e+10	-5.90808e+10
2.85e-10	-2.91959e+11	3.61882e+11	-2.86252e+11	-1.99455e+11	-2.86134e+11	-2.92903e+11	-1.14434e+11	-3.48466e+11	-2.79033e+10	-1.78381e+10	8.99432e+10	1.20906e+11	-9.39325e+07	9.23762e+10	3.78629e+10
2.9e-10	-1.92884e+11	2.7538e+11	-1.44174e+11	-2.26971e+11	-5.26254e+11	-8.15392e+10	-1.2333e+11	-2.94202e+11	2.36237e+10	-2.68637e+10	1.61476e+11	7.61453e+10	-2.41121e+10	-1.04546e+11	-2.27867e+11
2.95e-10	-5.08559e+11	5.8332e+11	-5.70626e+11	-2.12085e+11	-3.38861e+11	-2.44006e+11	-1.61244e+11	-4.2142e+11	-4.58444e+10	-2.23407e+10	-4.92859e+10	2.69692e+11	1.83151e+10	-1.19978e+11	-9.11232e+09
3e-10	-3.22285e+11	4.59175e+11	-5.61811e+11	-1.45858e+11	-2.59655e+11	-2.46215e+11	-1.11773e+11	-3.44367e+11	5.04236e+10	-1.92461e+10	-2.14539e+11	1.72766e+11	-1.70653e+10	1.58727e+11	8.05785e+10
3.05e-10	-3.66001e+11	5.50601e+11	1.66937e+11	-1.63723e+11	-2.20143e+11	-4.08668e+11	-3.81747e+10	-1.54268e+11	1.3213e+11	-3.16888e+10	1.65551e+11	-3.70449e+10	-6.28284e+09	1.18624e+11	1.73175e+11
3.1e-10	-4.08947e+11	5.74761e+11	6.59599e+09	-1.03064e+11	-2.8699e+11	-2.9219e+11	-1.23333e+11	-4.78724e+11	-4.79728e+10	6.48754e+09	1.24731e+11	-5.52627e+10	2.36072e+09	2.58881e+11	1.49433e+11
3.15e-10	-4.77877e+11	6.57057e+11	2.68321e+11	-1.84545e+11	-4.23603e+10	-3.93416e+11	-1.06888e+11	-4.36497e+11	-2.66892e+10	9.15535e+08	1.13715e+11	-1.77679e+10	-4.68328e+10	1.06931e+11	-2.80947e+11
3.2e-10	-4.16466e+11	5.43862e+11	2.63808e+11	-6.92273e+10	-2.52976e+11	-1.17253e+11	-6.672e+10	-2.66178e+11	2.57499e+11	-4.55747e+10	-1.59702e+11	3.47956e+11	2.81331e+09	9.17445e+10	-2.1995e+11
3.25e-10	-3.8852e+11	4.33243e+11	3.84833e+11	-1.77392e+11	2.26553e+11	-4.67196e+11	-4.60421e+10	-1.18688e+11	-8.51833e+10	-3.28436e+10	1.9675e+11	1.57979e+11	-2.98364e+10	3.23783e+11	5.52335e+09
3.3e-10	-3.06787e+11	3.04673e+11	2.73054e+11	-1.68334e+11	2.19666e+11	-3.90314e+11	-1.29328e+11	-4.90907e+11	-1.74058e+11	-9.94338e+08	1.76575e+11	-1.15626e+10	-1.21758e+09	-1.76769e+10	1.18253e+10
3.35e-10	-4.63269e+11	3.55112e+11	4.44826e+11	-1.25348e+11	-5.715e+10	-2.91077e+11	-3.02891e+10	-2.59272e+11	5.07749e+10	-9.71324e+09	-9.30138e+10	-8.92267e+10	-3.91068e+09	6.0773e+10	-1.26625e+11
3.4e-10	-5.59186e+11	3.04148e+11	5.80741e+11	-2.2684e+11	3.13988e+11	-4.7808e+11	-7.88027e+10	-1.21412e+11	-2.74632e+11	-4.94406e+10	-1.11032e+11	2.45056e+11	1.8241e+10	1.22312e+11	-8.29441e+10
3.45e-10	-4.31701e+11	2.20882e+11	5.09732e+11	-2.59464e+11	3.16482e+11	-4.98325e+11	-3.99626e+10	-2.8948e+11	-1.48523e+11	-2.66742e+10	-3.40318e+11	1.36717e+10	-5.12093e+09	-2.02856e+11	-2.54694e+11
3.5e-10	-4.24192e+11	2.06755e+11	4.04843e+11	-3.31237e+11	-1.10213e+10	-7.85004e+11	-7.18173e+10	1.01287e+11	-3.53013e+11	1.30031e+10	-4.02986e+11	-1.69686e+11	2.11519e+09	2.40788e+10	6.3199e+09
3.55e-10	-5.46694e+11	4.86821e+11	5.18432e+11	-2.60996e+11	2.95564e+11	-4.84052e+11	-3.44501e+10	-2.18844e+11	-8.85122e+10	-1.4646e+10	-1.16298e+11	6.68799e+10	-1.17708e+09	1.04612e+11	9.76542e+10
3.6e-10	-4.64545e+11	3.62306e+11	4.0014e+11	-2.12113e+11	2.88141e+11	-4.03e+11	-6.8864e+10	2.82338e+11	-2.14468e+11	-1.34553e+10	-4.38603e+09	5.86458e+10	-5.93749e+09	1.52895e+09	-1.24709e+11
3.65e-10	-3.18462e+11	1.05457e+11	3.99659e+11	-2.24196e+11	2.88046e+11	-3.58313e+11	-9.10342e+10	-3.26106e+11	-3.33598e+11	-1.42405e+10	-9.1382e+10	9.85737e+10	5.41968e+09	-1.35978e+11	5.15112e+10
3.7e-10	-4.26864e+11	-2.1417e+10	5.81054e+11	-8.10075e+10	1.1713e+11	-1.48138e+11	-1.37622e+11	1.85618e+10	-4.34571e+11	-1.50551e+10	-2.38436e+11	-2.15272e+11	4.21526e+09	7.36893e+09	-5.74742e+10
3.75e-10	-3.42054e+11	1.33089e+11	5.00224e+11	-2.20732e+11	2.5789e+11	-5.07337e+11	-1.215e+11	5.77256e+09	-3.42322e+11	-2.06424e+10	-2.43043e+11	2.72285e+11	-2.35876e+10	2.46095e+11	4.34474e+10
3.8e-10	-4.4177e+11	1.96659e+11	7.48981e+11	-2.76092e+11	5.62327e+11	-1.93283e+11	-1.30991e+11	1.06827e+11	-6.07707e+11	3.69326e+09	3.46675e+10	-8.90605e+09	-8.16672e+09	-1.06708e+11	1.12926e+11
3.85e-10	-3.73573e+11	-5.69697e+09	6.02484e+11	-9.99675e+10	1.66996e+11	-1.06444e+11	-2.11379e+11	2.38132e+11	-6.93223e+11	-2.46362e+10	-2.601e+11	7.9621e+10	-6.17488e+09	-1.87865e+10	3.1319e+10
3.9e-10	-3.22238e+11	-2.40245e+11	4.75768e+11	-1.71734e+11	4.53287e+11	2.89008e+11	-1.47676e+11	-1.32856e+11	-5.3383e+11	-1.03848e+10	-5.29017e+10	-1.26727e+11	5.44968e+09	6.86583e+10	1.22726e+11
3.95e-10	-2.90277e+11	-2.90643e+11	4.15961e+11	-1.0808e+11	2.85476e+11	8.27987e+10	-4.86386e+10	1.16224e+11	-1.30872e+11	-5.92829e+09	4.59876e+10	6.84845e+10	-3.20323e+09	-1.56921e+11	-2.64158e+11
4e-10	-2.21918e+11	-7.73526e+10	3.89546e+11	-8.93247e+10	2.12312e+11	-1.10407e+11	-9.31045e+10	4.91112e+11	-1.60347e+11	-8.08493e+09	-6.45699e+10	-1.98579e+09	1.14592e+10	1.06465e+11	-1.19995e+10
4.05e-10	-3.58058e+11	-1.52023e+11	5.70983e+11	-2.43133e+11	5.40848e+11	2.02585e+11	-8.55552e+10	3.20075e+11	-1.65144e+11	-5.81687e+09	-3.22102e+09	-8.08142e+10	1.00722e+10	-1.77139e+10	-1.4316e+11
4.1e-10	-2.7145e+11	-5.33215e+11	2.09029e+11	-1.12539e+11	3.52708e+11	6.11052e+10	-7.60092e+10	2.51684e+11	-1.38793e+11	-1.97917e+10	-1.24516e+10	-2.01492e+11	1.12001e+10	-7.25688e+10	-2.72187e+11
4.15e-10	-2.68727e+11	-3.21485e+11	3.63353e+11	-1.70298e+11	3.43133e+11	2.64489e+11	-7.18962e+10	3.1755e+11	-6.9558e+10	-2.47279e+10	-1.14409e+11	-6.08074e+10	-8.07358e+09	-6.93003e+10	-1.5925e+11
4.2e-10	-3.6837e+11	-5.02554e+11	3.43332e+11	-1.2006e+11	2.57465e+11	1.59919e+11	-5.43288e+10	1.74646e+11	-1.23856e+10	-1.33e+10	-1.88257e+10	-4.64909e+10	2.52916e+09	-2.65451e+11	2.02391e+11
4.25e-10	-5.19371e+11	-7.80759e+11	1.80472e+11	-2.02766e+11	4.68298e+11	2.3341e+11	-4.29189e+10	1.74179e+11	-2.46902e+11	-5.73379e+10	-3.05301e+10	-2.39727e+11	-8.06303e+09	-4.08574e+10	3.60428e+11
4.3e-10	-3.87296e+11	-4.40152e+11	3.49498e+11	-8.91191e+10	1.86982e+11	1.99144e+11	-6.79127e+10	2.85023e+11	9.01455e+10	-4.01921e+09	3.81514e+10	-3.1357e+10	-1.08058e+10	-2.44155e+10	4.23676e+10
4.35e-10	-2.4359e+11	-3.91828e+11	7.95306e+10	-1.97645e+11	5.48729e+11	1.42565e+11	-5.67344e+10	2.70003e+11	-1.24951e+11	-1.10542e+10	1.01818e+11	-1.70902e+11	-2.8938e+10	-1.52273e+11	2.263e+11
4.4e-10	-3.97474e+11	-5.79779e+11	2.77974e+11	-1.70056e+11	2.43266e+10	4.92972e+11	-9.58792e+10	4.32161e+11	8.5506e+10	-1.31325e+10	-1.91367e+11	-1.69095e+11	-1.80604e+10	6.51718e+10	1.48832e+11
4.45e-10	-3.96564e+11	-5.38059e+11	1.38331e+11	-2.59509e+11	3.66721e+11	3.78067e+11	-1.12106e+11	3.28729e+11	-3.78337e+10	-1.85557e+10	2.41322e+10	-1.99185e+11	-9.11927e+09	1.57516e+11	-4.63316e+10
4.5e-10	-5.78737e+11	-7.93212e+11	2.03159e+11	-2.07831e+11	9.5128e+10	4.62929e+11	-4.83682e+10	2.17838e+11	-7.34271e+10	-1.02199e+10	-6.48824e+10	-2.15591e+11	-2.53647e+09	-2.48533e+10	9.46311e+10
4.55e-10	-4.3356e+11	-6.40056e+11	-7.3285e+10	-1.65006e+11	6.70545e+11	1.04958e+11	-1.02023e+11	3.57811e+11	3.70454e+11	-7.86249e+09	1.04789e+11	3.75352e+10	-1.34654e+10	-2.14851e+11	2.13516e+11
4.6e-10	-5.57492e+11	-7.8983e+11	1.89769e+10	-1.39572e+11	1.57893e+11	3.81654e+11	-9.27252e+10	2.45119e+11	1.25812e+11	-2.37085e+10	2.95842e+11	-1.14675e+11	1.36341e+09	-1.41594e+11	-1.09895e+11
4.65e-10	-4.40907e+11	-7.0545e+11	-1.376e+11	-2.99248e+11	5.98014e+11	3.78371e+11	-8.49597e+10	2.73448e+11	5.87586e+10	-2.9212e+10	3.3584e+11	-1.79328e+11	3.89311e+09	3.74969e+10	-4.63298e+10
4.7e-10	-5.63567e+11	-9.14145e+11	-4.35998e+10	-1.92189e+11	4.26921e+11	3.72177e+11	-5.42852e+10	1.37231e+11	8.18131e+09	-3.78397e+10	2.1166e+10	-3.07972e+11	-1.26283e+09	1.70356e+11	-1.77284e+11
4.75e-10	-4.46544e+11	-6.4024e+11	1.28099e+11	-2.55429e+11	2.64841e+10	6.06117e+11	-4.11598e+10	1.92552e+11	-3.94759e+10	-5.13519e+10	2.07719e+09	-3.07826e+11	4.79961e+09	-8.89192e+10	5.07361e+10
4.8e-10	-3.79861e+11	-6.10324e+11	-2.77092e+11	-1.09702e+11	2.00875e+11	1.9312e+11	-9.27166e+10	2.85333e+11	1.45363e+11	-3.63399e+10	-2.7323e+10	-3.25863e+11	1.1865e+09	4.36204e+10	1.01244e+11
4.85e-10	-2.71481e+11	-3.73676e+11	-3.45988e+11	-2.05915e+11	2.57299e+10	4.47707e+11	-6.55769e+09	6.44947e+10	-1.52882e+10	-2.29342e+10	2.86945e+11	-6.91223e+10	-1.62316e+10	-1.71716e+11	1.16066e+11
4.9e-10	-5.80207e+11	-6.1365e+11	-1.14402e+11	-3.00452e+11	2.95761e+11	7.00808e+11	-7.94842e+10	9.41921e+10	2.46717e+11	-4.82518e+10	2.06566e+11	-3.53034e+11	-9.09239e+09	2.93693e+10	-5.29881e+10
4.95e-10	-6.56322e+11	-6.11017e+11	-4.5579e+11	-1.91144e+11	-8.7614e+10	4.4215e+11	-1.45605e+11	3.44676e+11	5.03922e+11	-5.93028e+09	2.73847e+10	-1.55608e+11	-1.54765e+10	-1.31803e+11	-1.63476e+11
5e-10	-7.01102e+11	-6.69181e+11	-3.6102e+11	-3.3315e+11	2.28119e+11	8.22172e+11	-7.65057e+10	3.16446e+11	2.46079e+11	-1.02231e+10	-4.06962e+10	4.93741e+10	-1.29381e+09	-6.43186e+10	6.79337e+10
5.05e-10	-5.92637e+11	-4.10476e+11	-5.40505e+11	-3.03033e+11	-2.22248e+11	6.12252e+11	-6.39219e+10	1.81626e+11	1.6336e+11	-3.47672e+10	1.01093e+11	-1.7464e+11	-8.92786e+09	2.13141e+11	7.10541e+10
5.1e-10	-5.71105e+11	-3.20213e+11	-3.72324e+11	-2.94204e+11	1.41465e+11	7.51497e+11	-5.47209e+10	-1.16611e+11	3.07169e+11	-5.20517e+10	-8.95199e+09	-3.25642e+11	-3.36605e+10	6.03073e+10	4.37757e+11
5.15e-10	-6.46607e+11	-4.45544e+11	-5.71698e+11	-3.37714e+11	-1.4894e+11	6.50958e+11	-8.23127e+10	2.86893e+11	2.32113e+11	-1.31128e+10	1.6166e+11	-1.87563e+11	2.36532e+10	3.48613e+11	1.08059e+10
5.2e-10	-5.57505e+11	-2.47156e+11	-6.35861e+11	-4.25332e+11	-4.62127e+11	5.62717e+11	-1.08381e+09	-6.96226e+09	7.01591e+10	-3.01545e+10	1.26048e+11	1.69236e+11	-2.17658e+10	-1.66415e+11	1.2898e+11
5.25e-10	-4.83885e+11	-2.40783e+11	-5.02356e+11	-2.25103e+11	-1.26901e+11	4.32957e+11	-1.84129e+11	-6.58556e+10	7.066e+11	-4.23185e+10	1.43157e+11	-2.66956e+11	-7.94896e+09	-9.05771e+10	3.32365e+10
5.3e-10	-2.7794e+11	-2.01027e+11	-2.88985e+11	-1.67961e+11	-2.73674e+11	1.33237e+11	-5.18646e+10	-7.19413e+10	1.54809e+11	-2.51399e+10	1.43016e+11	-1.42271e+11	-3.63258e+10	-8.59546e+10	-3.10643e+11
5.35e-10	-3.66884e+11	-6.93051e+10	-5.06025e+11	-2.78744e+11	-4.78336e+11	2.17258e+11	-1.82574e+11	-1.32649e+11	4.66539e+11	-4.28479e+10	2.50929e+11	-2.15745e+11	-2.93793e+09	-2.33067e+11	2.27496e+10
5.4e-10	-3.81232e+11	-2.51499e+11	-5.30314e+11	-3.98063e+11	-6.99711e+11	3.23305e+11	-2.73118e+11	-1.0447e+11	7.28345e+11	-4.01118e+10	2.27648e+11	5.45128e+10	2.3685e+10	-4.04392e+10	1.75386e+11
5.45e-10	-3.37404e+11	-9.68697e+10	-5.63301e+11	-1.40894e+11	-2.72806e+11	1.84096e+11	-6.42755e+10	4.89452e+10	2.06943e+11	-4.89694e+10	3.92115e+11	2.56399e+11	4.08185e+09	-2.75196e+10	-1.04635e+11
5.5e-10	-3.82566e+11	-1.1113e+11	-6.04513e+11	-1.35577e+11	-3.99842e+11	1.06005e+11	-1.70169e+11	1.287e+11	4.64501e+11	-1.97933e+09	1.53546e+11	-1.58155e+11	3.42954e+10	7.42067e+10	2.81688e+11
5.55e-10	-3.11564e+11	5.92984e+10	-4.84027e+11	-1.47235e+11	-2.15369e+11	3.31839e+11	-1.91296e+11	-6.9451e+10	5.12122e+11	-5.21073e+10	4.70655e+11	1.37393e+10	-1.22506e+10	6.82171e+10	-9.41343e+10
5.6e-10	-4.36359e+11	2.47496e+11	-6.35128e+11	-2.43317e+11	-6.01938e+11	1.40833e+11	-6.83737e+10	-9.13491e+10	1.96598e+11	-7.47757e+10	3.19773e+11	2.15123e+11	-2.11626e+09	-1.26095e+11	-1.59031e+11
5.65e-10	-5.70456e+11	2.25831e+11	-6.78338e+11	-7.50573e+10	-1.23515e+11	1.39628e+11	-1.03577e+11	-5.99236e+10	4.73847e+11	-2.11042e+09	-1.5674e+10	-2.71818e+10	-2.02708e+10	4.87163e+10	-1.51262e+11
5.7e-10	-2.48728e+11	-6.31655e+10	-3.88499e+11	-3.07051e+11	-7.26073e+11	2.17323e+11	-1.14927e+11	-3.30222e+11	2.34333e+11	-2.46755e+10	1.19838e+11	2.39425e+10	1.23704e+09	2.49495e+10	-2.06048e+11
5.75e-10	-5.11792e+11	1.96439e+11	-5.94229e+11	-1.20317e+11	-2.47691e+11	1.97047e+11	-4.29823e+10	-3.48054e+10	1.33664e+11	-1.98443e+10	6.02135e+10	2.74269e+11	-1.86584e+10	-6.02696e+10	-3.44522e+10
5.8e-10	-3.88749e+11	6.28265e+10	-4.84171e+11	-1.22352e+11	-2.1457e+11	-1.0661e+10	-3.47012e+10	-7.14136e+10	1.34786e+11	-7.47282e+10	3.12577e+11	1.87716e+11	-1.33149e+10	-2.59427e+11	-3.29576e+11
5.85e-10	-5.23638e+11	2.01836e+11	-6.9479e+11	-2.24168e+11	-4.97554e+11	-1.91525e+10	-1.24191e+11	-2.0386e+11	3.97022e+11	-1.88145e+10	1.49738e+11	-4.30281e+10	-1.77773e+10	-1.69244e+11	-2.12167e+11
5.9e-10	-4.62983e+11	2.1221e+11	-4.26791e+11	-1.57813e+11	-3.70114e+11	-8.09311e+10	3.3078e+10	1.03205e+11	-6.47757e+10	1.0235e+10	7.38961e+10	-2.62113e+11	-2.38857e+08	2.11255e+10	1.58096e+11
5.95e-10	-6.40822e+11	4.49624e+11	-4.78132e+11	-2.7362e+11	-5.52123e+11	-2.02665e+11	-1.88828e+11	-4.16972e+11	3.17272e+11	9.45598e+09	-2.01252e+10	-6.21501e+10	3.25869e+09	1.67044e+11	-2.46175e+10
6e-10	-5.71229e+11	3.32551e+11	-3.12315e+11	-1.38422e+11	-3.26018e+11	3.95794e+10	-1.25967e+11	-4.40505e+11	-8.84844e+10	1.91572e+09	2.60132e+11	-8.71971e+10	-8.68805e+09	-6.00792e+10	-3.44319e+11
6.05e-10	-6.89997e+11	4.64338e+11	-5.52145e+11	-1.79533e+11	-2.76755e+11	-6.86696e+10	-1.21458e+11	-4.3339e+11	6.52898e+10	-2.23313e+10	5.47964e+10	9.39167e+10	-1.21158e+10	3.25007e+10	-2.30065e+11
6.1e-10	-7.09522e+11	5.06699e+11	-4.2591e+11	-4.00063e+11	-5.53842e+11	-2.76577e+11	-8.49543e+10	-2.25973e+11	1.93753e+10	-2.65306e+10	1.578e+11	9.37196e+10	-1.00654e+10	-6.29864e+10	-4.13019e+10
6.15e-10	-3.95444e+11	1.91833e+11	-4.64572e+11	-1.7676e+11	-2.93693e+11	-8.6594e+10	-1.07041e+11	-3.90882e+11	-1.17013e+11	-2.9962e+10	1.6378e+11	-8.1248e+09	-2.58775e+10	1.91863e+11	-5.01503e+09
6.2e-10	-5.34498e+11	5.69039e+11	-3.16237e+11	-3.19877e+11	-5.21658e+11	-2.47361e+11	-9.23695e+10	-3.03368e+11	-1.30481e+10	-8.07683e+09	-2.76123e+08	-1.08943e+11	6.66265e+09	-1.62949e+11	-4.5456e+10
6.25e-10	-6.18775e+11	7.75414e+11	-8.59055e+09	-2.11137e+11	-2.81736e+11	-2.88864e+11	-1.90517e+11	-5.84365e+11	-3.79231e+10	-1.53751e+10	2.14965e+11	2.15446e+11	-6.90431e+09	-1.07881e+11	1.73554e+11
6.3e-10	-5.11972e+11	6.45911e+11	3.27717e+10	-1.92018e+11	-1.46578e+11	-4.04906e+11	-5.9661e+10	-2.36257e+11	-2.20155e+11	-1.75631e+09	3.85815e+10	-7.4055e+10	-1.60357e+10	1.15836e+11	-8.69994e+09
6.35e-10	-5.19428e+11	6.82779e+11	-2.03594e+11	-3.95892e+11	-4.16866e+11	-5.03578e+11	-1.75313e+11	-5.43904e+11	-5.73909e+10	-1.89351e+10	-4.98172e+09	1.05106e+11	-1.11829e+10	1.38437e+10	-3.10769e+10
6.4e-10	-7.06231e+11	7.14572e+11	-4.53315e+09	-1.4059e+11	-1.31844e+11	-3.45085e+11	-3.56379e+10	-9.30686e+10	1.3841e+11	-3.32222e+10	1.25023e+11	1.64873e+11	-1.24706e+10	-7.63387e+10	-2.32726e+11
6.45e-10	-6.49616e+11	6.69212e+11	-1.21862e+11	-2.77582e+11	-2.31605e+11	-4.35635e+11	-9.29473e+10	-4.04357e+11	1.86325e+11	3.19185e+08	1.66455e+11	5.2962e+10	-2.22414e+10	1.25993e+11	1.91009e+10
6.5e-10	-5.85467e+11	6.42505e+11	-5.03548e+10	-2.05771e+11	-2.85064e+11	-4.08471e+11	-8.87426e+10	-3.84687e+11	8.37785e+09	-1.67283e+09	-2.22104e+10	-3.92162e+10	-1.53619e+10	7.47605e+10	2.13527e+11
6.55e-10	-5.27326e+11	6.14477e+11	7.23071e+10	-1.37754e+11	-1.73115e+11	-2.82458e+11	-1.38058e+11	-2.83645e+11	-3.09642e+11	1.81872e+10	4.28994e+11	-5.33042e+10	-1.27683e+10	-1.52581e+10	3.41001e+10
6.6e-10	-5.35121e+11	6.64997e+11	1.07252e+11	-3.26442e+11	2.60574e+10	-6.56729e+11	-1.12263e+11	-4.24642e+11	7.53007e+10	-1.31522e+10	7.27289e+10	5.17834e+10	-1.99574e+10	8.5067e+10	-2.95206e+10
6.65e-10	-3.76697e+11	4.768e+11	1.77264e+11	-3.42667e+11	-1.19935e+11	-6.55888e+11	-1.04289e+11	-8.9809e+10	-4.32921e+11	-2.88642e+10	-3.45585e+10	1.86164e+11	-3.18618e+10	1.63109e+11	2.068e+11
6.7e-10	-6.0133e+11	8.12393e+11	3.06613e+11	-3.07258e+11	1.11151e+11	-6.13388e+11	-1.42604e+11	-2.80847e+11	-3.52277e+11	-2.84643e+10	1.16719e+09	1.3411e+11	5.71361e+09	-4.10987e+10	9.34654e+10
6.75e-10	-4.29953e+11	5.16676e+11	4.60013e+11	-2.55931e+11	1.65467e+11	-4.87344e+11	-1.14275e+11	-2.70365e+11	-1.56035e+11	-1.59077e+10	-6.44462e+10	2.44772e+11	-5.30886e+09	-6.42926e+10	-7.70332e+10
6.8e-10	-4.42036e+11	4.79186e+11	3.42615e+11	-1.86221e+11	2.43769e+11	-3.15884e+11	-1.3956e+11	-1.45855e+11	-4.83549e+11	-2.97485e+10	8.98965e+10	6.77465e+10	-1.43647e+10	1.88907e+11	-1.19334e+11
6.85e-10	-3.77291e+11	3.93777e+11	4.93826e+11	-7.09816e+10	2.5248e+11	-9.26819e+10	-4.40719e+10	-6.40675e+10	-1.15357e+11	-4.0291e+10	-2.33062e+11	1.59381e+11	-1.71866e+10	3.32069e+10	3.92342e+10
6.9e-10	-3.79616e+11	4.25993e+11	3.05695e+11	-7.07645e+10	2.16898e+11	-3.98986e+10	-1.76753e+11	-5.35569e+11	-4.13276e+11	-3.90566e+10	-7.4986e+10	1.74688e+11	-1.44058e+10	1.63434e+10	1.09377e+11
6.95e-10	-2.8173e+11	1.24515e+11	4.08587e+11	-1.89695e+11	1.87235e+11	-4.77322e+11	-1.13951e+11	-1.36051e+11	-3.04972e+11	-2.55884e+10	-3.45643e+10	1.65371e+11	-7.44446e+09	-8.32889e+10	3.53799e+10
7e-10	-4.76114e+11	3.19012e+11	6.43838e+11	-2.2234e+11	4.58964e+11	-3.03199e+11	-1.81677e+11	-1.4954e+11	-5.05224e+11	1.3118e+10	4.66721e+10	-1.44685e+11	-6.44996e+09	-1.59966e+11	-3.81871e+10
7.05e-10	-3.02463e+11	2.26209e+11	3.70087e+11	-3.05072e+11	4.28411e+11	-6.90643e+11	-5.00877e+10	8.69701e+10	-1.89685e+11	-3.98081e+10	-9.94267e+10	2.85075e+11	-1.56645e+10	1.31199e+11	2.99025e+11
7.1e-10	-3.19875e+11	2.35363e+10	4.3e+11	-1.67967e+11	4.49328e+11	-1.80853e+11	-6.47643e+10	3.1137e+10	-2.19867e+11	-3.79906e+09	6.9875e+10	2.32688e+09	-3.04771e+09	1.32344e+11	3.20142e+09
7.15e-10	-6.23222e+11	1.84969e+11	8.28194e+11	-2.15749e+11	1.99359e+11	-4.86162e+11	-6.2468e+10	-7.05942e+10	-2.80008e+11	-2.2454e+10	-1.40423e+11	2.01765e+10	4.91817e+09	7.24188e+10	-6.78653e+09
7.2e-10	-3.00177e+11	2.43363e+11	2.972e+11	-2.19763e+11	4.89714e+11	-3.36689e+11	-5.47446e+10	-4.5244e+10	-2.43003e+11	1.19576e+10	-2.47731e+10	-2.57111e+11	-4.47283e+10	1.81075e+11	3.37501e+11
7.25e-10	-4.29686e+11	1.17316e+11	4.98012e+11	-2.42943e+11	3.85896e+11	-3.794e+11	-3.958e+10	-1.15168e+11	-1.58273e+11	-8.62945e+09	-5.95456e+10	2.83299e+10	-2.40931e+09	-7.81292e+10	1.57219e+11
7.3e-10	-6.64707e+11	3.37644e+11	7.02165e+11	-1.79258e+11	3.53847e+11	-4.76292e+10	-1.33432e+11	5.38138e+10	-3.55466e+11	-1.10707e+10	-1.06377e+11	2.22172e+10	-2.38781e+10	-1.36894e+11	2.79404e+11
7.35e-10	-6.09673e+11	1.04056e+11	7.82377e+11	-1.2826e+11	1.14598e+11	-4.35648e+11	-1.39655e+11	8.19595e+10	-3.95144e+11	-1.20336e+10	1.42193e+11	7.55648e+10	-1.46607e+10	-1.77883e+11	2.51474e+11
7.4e-10	-3.64276e+11	2.92928e+11	4.51599e+11	-3.29586e+11	4.54837e+11	-5.88021e+11	-1.12737e+11	1.31503e+11	-2.76633e+11	-2.98379e+10	-3.22411e+11	1.55072e+11	2.59592e+09	3.02817e+11	-3.89647e+10
7.45e-10	-4.02195e+11	-6.35357e+10	4.62132e+11	-2.09259e+11	3.91968e+11	-2.39082e+11	-7.87786e+10	2.72244e+11	-1.70492e+11	-8.67439e+09	-1.48757e+11	2.44281e+11	-1.58625e+10	-1.27911e+10	-5.76172e+09
7.5e-10	-4.57089e+11	9.12115e+10	5.94357e+11	-2.76266e+11	5.17542e+11	-1.77241e+11	-7.80989e+10	2.94784e+11	-1.28153e+11	-1.65082e+10	-2.54485e+11	-3.16995e+11	1.4196e+10	1.05985e+11	1.12082e+10
7.55e-10	-2.14073e+11	5.76078e+10	3.34587e+11	-1.97104e+11	2.72103e+11	-2.72057e+11	-8.39693e+10	1.6332e+11	-2.60742e+11	-1.47336e+10	-1.18767e+11	-1.13773e+11	-9.64906e+09	-1.36668e+10	1.20287e+11
7.6e-10	-4.10938e+11	-2.97224e+11	5.13678e+11	-2.68498e+11	6.05565e+11	3.22458e+10	-1.74577e+11	5.30059e+11	-4.77632e+11	-2.46329e+10	-6.79317e+10	-2.12425e+10	-3.0458e+10	-1.98488e+11	2.01842e+11
7.65e-10	-5.1514e+11	-3.4396e+11	6.26411e+11	-1.85699e+11	3.85756e+11	-1.19282e+11	-1.94858e+10	1.59105e+11	-2.23218e+10	-9.26376e+09	2.29746e+10	-1.3903e+11	7.71472e+09	3.04368e+11	-9.40212e+07
7.7e-10	-4.44415e+11	-1.03e+11	5.8298e+11	-2.23641e+11	5.81086e+11	4.74118e+10	-1.52464e+11	5.08421e+11	-4.55639e+11	-3.7188e+10	-2.19643e+11	-1.01303e+11	-1.34091e+10	-6.81342e+10	-7.84663e+10
7.75e-10	-5.22195e+11	-1.03761e+11	7.00202e+11	-2.69447e+11	6.87662e+11	4.35425e+10	-9.49464e+10	6.95708e+10	-5.18757e+11	-2.75977e+09	-1.21785e+11	-1.46442e+11	-1.10648e+10	-1.3977e+11	1.03434e+11
7.8e-10	-5.63548e+11	-3.74025e+11	5.53668e+11	-2.56668e+11	5.12259e+11	2.48545e+11	-6.37965e+10	6.72233e+10	-3.01217e+11	-1.57978e+10	-2.09029e+11	6.86231e+10	-6.38751e+09	-4.40062e+10	-1.93894e+11
7.85e-10	-3.53854e+11	-1.86542e+11	4.22564e+11	-2.55305e+11	3.69343e+11	2.08901e+11	-3.84581e+10	1.16449e+11	-1.02145e+11	6.48027e+09	-1.47242e+10	2.4252e+10	-1.4302e+10	-3.56699e+10	1.60011e+10
7.9e-10	-5.59704e+11	-5.17552e+11	3.4617e+11	-1.15146e+11	3.48152e+11	-6.95422e+10	-6.8525e+10	3.58471e+11	-2.74429e+10	-1.27529e+10	2.53316e+10	-7.02496e+10	2.05866e+09	-4.26851e+10	-1.16282e+11
7.95e-10	-4.5654e+11	-5.32089e+11	2.24336e+11	-2.80903e+11	5.07832e+11	3.3753e+11	-6.22381e+10	1.13741e+11	-1.96008e+11	-1.54138e+10	1.82973e+11	-1.68441e+11	-6.13198e+08	-1.54614e+11	1.10651e+10
8e-10	-3.78476e+11	-4.75356e+11	1.07123e+11	-2.20253e+11	5.49114e+11	1.03016e+10	-1.14635e+11	5.0114e+11	2.43737e+11	-1.63228e+10	-1.14525e+11	-1.74733e+11	-1.13953e+10	5.29383e+10	1.48039e+11
8.05e-10	-4.43524e+11	-5.58063e+11	2.08107e+11	-1.57604e+11	2.0297e+11	2.90829e+11	-7.27896e+10	2.11703e+11	-9.61681e+10	-1.81074e+09	-3.04308e+10	6.70056e+10	-1.16702e+10	-1.8315e+11	1.43105e+11
8.1e-10	-2.79936e+11	-4.59048e+11	-5.6677e+10	-1.95291e+11	2.82139e+11	3.22966e+11	-8.92329e+10	1.72817e+11	-1.39703e+11	-1.16816e+10	-2.23556e+11	6.40863e+10	-2.0124e+10	1.51478e+11	-6.3045e+10
8.15e-10	-2.40925e+11	-4.48047e+11	4.38291e+10	-1.23696e+11	2.28228e+11	1.9619e+11	-1.43155e+11	4.24805e+11	1.94722e+10	8.16719e+09	1.9367e+11	1.41853e+11	4.61536e+10	2.33113e+11	-3.67808e+11
8.2e-10	-3.25694e+11	-5.80357e+11	1.25523e+11	-1.7685e+11	1.71214e+11	5.62261e+11	-5.15342e+10	2.7924e+11	-1.93837e+11	7.08056e+09	4.44135e+10	-1.58689e+11	-1.25997e+09	-1.66706e+11	-2.40948e+11
8.25e-10	-3.15242e+11	-4.73846e+11	-9.55528e+10	-1.52341e+11	1.81982e+10	3.82044e+11	-8.6836e+10	4.35838e+11	2.70621e+11	-5.93814e+10	-5.55084e+10	-3.25838e+11	-7.54613e+09	-2.95723e+11	1.35829e+11
8.3e-10	-3.38963e+11	-5.18989e+11	-2.54721e+11	-9.67316e+10	2.95704e+11	2.10631e+11	-7.11171e+10	4.6886e+11	-3.0893e+10	1.37588e+09	-1.88642e+11	-1.14138e+11	-9.12319e+09	2.4294e+10	-6.09068e+09
8.35e-10	-3.65083e+11	-5.09032e+11	-1.38722e+11	-2.99038e+11	1.28992e+11	5.47175e+11	-8.52215e+10	2.42355e+11	1.7719e+11	-1.73499e+10	1.06399e+11	2.60412e+09	-1.86605e+10	-1.41842e+11	2.40758e+10
8.4e-10	-4.72559e+11	-6.20901e+11	-6.98113e+10	-1.91971e+11	8.34804e+10	4.18242e+11	-1.03023e+11	2.72555e+11	2.97585e+11	-1.05628e+09	-1.54352e+11	-8.64967e+10	-7.84686e+09	-2.1185e+11	-9.89839e+10
8.45e-10	-3.22542e+11	-4.99236e+11	-1.78955e+11	-2.42286e+11	-6.43571e+10	6.44843e+11	-9.38664e+10	3.38251e+11	1.46743e+11	-2.67125e+10	-2.97633e+11	-6.29085e+10	8.19626e+08	-7.28069e+10	-1.6741e+11
8.5e-10	-4.45341e+11	-5.55444e+11	-4.72344e+11	-1.65373e+11	6.30804e+10	3.86185e+11	-4.0088e+10	1.7015e+10	1.63594e+11	1.20403e+10	1.51454e+11	2.41319e+11	-1.44769e+10	7.19432e+10	1.37301e+11
8.55e-10	-3.85553e+11	-5.71013e+11	-3.7792e+11	-1.65127e+11	-1.32497e+11	4.29563e+11	-5.99538e+10	1.57486e+10	2.59019e+11	-2.07024e+10	6.35442e+10	1.69597e+10	-6.61894e+09	-2.69641e+11	-9.19884e+10
8.6e-10	-2.73626e+11	-3.07992e+11	-4.35248e+11	-1.42036e+11	7.33084e+10	3.92751e+11	-1.43641e+11	1.62052e+11	4.67757e+11	-9.27947e+09	-7.92789e+10	-2.30029e+11	-1.36504e+09	8.92848e+10	3.00615e+10
8.65e-10	-3.31061e+11	-4.94204e+11	-3.37333e+11	-2.59177e+11	-3.76887e+11	5.41849e+11	-7.09217e+10	-2.9477e+10	3.67404e+11	-3.89638e+10	2.10188e+11	-1.57672e+11	1.15399e+09	-2.05866e+11	1.87706e+11
8.7e-10	-2.60951e+11	-2.66557e+11	-4.01393e+11	-1.78735e+11	-2.1075e+11	4.85676e+11	-3.0609e+10	1.08732e+11	1.61916e+11	-3.88397e+09	2.18317e+11	5.27795e+10	-6.4825e+09	-1.71723e+11	8.33486e+10
8.75e-10	-3.22762e+11	-2.8102e+11	-5.24104e+11	-1.40629e+11	-7.71066e+10	4.72712e+11	-8.27427e+10	2.72201e+11	3.14847e+11	-3.26473e+09	8.29558e+10	1.73745e+10	1.4158e+10	-3.87235e+11	1.77663e+11
8.8e-10	-3.02342e+11	-1.2687e+11	-5.97609e+11	-9.10531e+10	-1.45551e+11	1.60267e+11	-5.75238e+10	6.41273e+10	2.53256e+11	-3.88038e+10	2.77591e+11	-2.13652e+11	-1.54594e+10	-5.39109e+10	-1.96224e+11
8.85e-10	-3.87538e+11	-2.46732e+10	-6.43186e+11	-2.16231e+11	-4.78563e+11	1.42862e+11	-1.41452e+10	3.50068e+09	1.11959e+11	-3.74538e+10	2.10863e+11	-9.96886e+10	-1.90615e+10	-8.03924e+10	-2.91411e+11
8.9e-10	-2.23529e+11	-8.50102e+10	-3.73081e+11	-9.65838e+10	-3.014e+11	1.55061e+10	-2.72891e+10	8.01851e+10	6.71883e+10	1.52327e+09	-1.03516e+11	-1.61204e+11	-2.44227e+10	-7.59745e+10	-1.61044e+11
8.95e-10	-3.86361e+11	2.50951e+11	-5.50557e+11	-1.28329e+11	-3.20023e+11	5.74819e+10	-3.04868e+10	9.05202e+10	9.02497e+10	-2.00536e+10	5.45114e+10	-3.04623e+11	-1.22813e+10	4.88832e+10	-4.01848e+10
9e-10	-4.42267e+11	3.02944e+11	-5.883e+11	-3.32111e+10	-8.89631e+10	-7.11429e+10	-1.08207e+11	-4.34306e+11	4.2483e+11	-9.9742e+09	-1.33206e+11	-2.4077e+10	-2.33134e+10	1.98489e+11	-1.52697e+10
9.05e-10	-4.6127e+11	3.92501e+11	-3.81985e+11	-1.83129e+11	-4.35538e+11	-2.69729e+11	-9.22589e+10	-1.24064e+11	3.82184e+11	-1.19163e+10	8.00695e+10	-1.59318e+10	-3.91873e+09	-1.30624e+11	4.25523e+10
9.1e-10	-4.48637e+11	2.19259e+11	-6.18284e+11	-1.9088e+11	-2.58042e+11	-3.64055e+11	-3.53795e+10	-1.21324e+11	1.02281e+11	-2.20365e+10	1.33183e+11	6.50377e+10	-7.84223e+09	-3.3036e+10	-3.39491e+11
9.15e-10	-4.17272e+11	3.30758e+11	-3.95827e+11	-2.53705e+11	-3.83066e+11	-3.69024e+11	-1.23295e+11	-4.78708e+11	2.69487e+11	-1.46932e+10	-2.44035e+10	2.7029e+10	-1.08073e+10	-2.06083e+11	-7.77251e+10
9.2e-10	-4.54218e+11	3.95732e+11	-4.10125e+11	-1.75207e+11	-3.82581e+11	-7.52142e+10	-8.54121e+10	-3.11615e+11	2.1107e+10	-2.49498e+10	3.35601e+11	4.89939e+09	-9.37914e+09	-9.74315e+10	-9.81748e+10
9.25e-10	-5.95027e+11	6.03479e+11	-5.84836e+11	-2.5386e+11	-5.92127e+11	-1.72003e+11	-1.41025e+11	-4.25536e+11	2.06554e+11	1.09394e+09	-8.56248e+10	1.01582e+11	-4.70983e+09	-1.84605e+11	1.18535e+11
9.3e-10	-5.83824e+11	5.97694e+11	-4.3125e+11	-2.68e+11	-6.2185e+11	-2.90986e+11	-4.01566e+10	-3.81904e+11	-1.47078e+11	1.79282e+10	-8.28708e+10	-9.91585e+10	2.80512e+09	1.49669e+11	1.51088e+11
9.35e-10	-3.98488e+11	4.63639e+11	-2.22115e+11	-1.90121e+11	-4.35898e+11	-1.36465e+11	-5.75034e+10	-1.76988e+11	-1.19323e+11	-1.91095e+09	-6.6478e+10	-8.78918e+10	6.40129e+08	-1.26741e+11	-1.32471e+10
9.4e-10	-5.70724e+11	5.64506e+11	-3.03357e+11	-3.67534e+11	-5.8774e+11	-2.78467e+11	-6.31837e+10	-3.08538e+11	-1.04999e+11	-1.49796e+10	-1.95348e+11	2.58308e+11	-3.03749e+10	1.657e+11	-2.12997e+11
9.45e-10	-5.55993e+11	7.62599e+11	-2.83159e+11	-3.58047e+11	-5.1575e+11	-5.51487e+11	-9.24635e+10	-2.91542e+11	6.96991e+10	-3.77081e+10	-1.77214e+11	4.24677e+11	-1.63129e+09	1.50521e+10	-1.02434e+11
9.5e-10	-3.90255e+11	5.03851e+11	-1.54507e+11	-2.28224e+11	-4.72575e+11	-1.80521e+11	-8.09026e+10	-3.07303e+11	1.71401e+11	-2.16731e+09	1.69644e+10	2.24688e+11	-3.04971e+10	2.7069e+11	-1.66684e+11
9.55e-10	-3.95111e+11	4.73049e+11	-8.54359e+10	-2.37329e+11	-5.78049e+11	-3.51517e+11	-1.12318e+11	-3.18694e+11	-1.72985e+11	-1.75838e+10	4.43505e+10	1.31808e+11	-4.24556e+10	2.65959e+11	2.70845e+10
9.6e-10	-4.38842e+11	4.7053e+11	6.27069e+10	-1.59438e+11	-2.36937e+11	-3.13139e+11	-8.38934e+10	-2.65548e+11	4.54248e+10	-5.13455e+09	-3.89246e+11	2.33934e+11	8.19344e+09	1.88159e+11	-1.605e+10
9.65e-10	-6.11508e+11	7.98466e+11	-8.96286e+10	-1.6075e+11	-3.4905e+09	-3.3697e+11	-5.4258e+10	-1.22527e+11	-3.85686e+11	-1.37952e+10	1.31105e+11	2.92779e+10	-5.12069e+09	8.46038e+10	-4.93081e+10
9.7e-10	-5.55119e+11	6.08595e+11	7.98607e+10	-1.61255e+11	-1.93624e+11	-2.71298e+11	-1.21236e+11	-4.08487e+11	-1.95333e+11	-2.71249e+10	1.87317e+09	1.82971e+11	-8.54621e+09	2.33275e+11	2.80957e+11
9.75e-10	-6.58189e+11	7.5374e+11	-3.20824e+10	-3.14686e+11	-6.48622e+10	-5.47868e+11	-6.35382e+10	-3.04489e+11	7.69047e+10	-3.7727e+10	-1.37851e+11	3.18765e+11	9.08557e+09	-8.44679e+10	-1.17069e+10
9.8e-10	-3.71178e+11	4.4507e+11	-1.5278e+11	-2.13562e+11	-1.60132e+11	-4.33697e+11	-6.82388e+10	-2.81259e+11	-1.58112e+11	-3.02007e+10	-1.69967e+11	1.84192e+11	1.14221e+09	-1.69474e+11	3.10775e+10
9.85e-10	-5.30095e+11	4.72809e+11	2.90672e+11	-2.62958e+11	-1.32129e+11	-4.70907e+11	-1.22849e+11	-1.47791e+11	-3.1603e+11	-1.78426e+10	-6.98896e+10	6.04064e+10	-1.00483e+10	1.55286e+11	-2.4026e+11
9.9e-10	-4.13402e+11	4.8083e+11	1.98293e+09	-3.03303e+11	-1.3293e+11	-6.49637e+11	-1.37636e+11	-2.57358e+11	-3.62267e+11	-4.86727e+10	-3.19781e+11	2.99241e+11	-3.14886e+10	3.24183e+11	2.29443e+10
9.95e-10	-5.96096e+11	5.53696e+11	2.91361e+11	-8.94948e+10	-8.00546e+09	-2.01143e+11	-5.34149e+10	-9.04255e+10	-2.2767e+11	-1.77339e+10	-3.49779e+09	1.17417e+11	1.90579e+09	2.45066e+11	-1.11472e+11
1e-09	-6.3634e+11	4.48895e+11	4.52949e+11	-3.21138e+11	7.38965e+10	-6.45726e+11	-1.30413e+11	1.26946e+11	-4.52425e+11	-6.96295e+09	-2.94491e+11	1.25344e+11	-9.60792e+09	1.9659e+10	1.52797e+11
1.005e-09	-4.82027e+11	3.54221e+11	4.73327e+11	-2.70578e+11	2.27661e+11	-4.6785e+11	-9.32539e+10	-3.68402e+10	-3.52595e+11	-3.91908e+09	-1.34744e+10	-1.27851e+11	-1.02029e+10	1.66476e+11	1.28459e+11
1.01e-09	-5.76055e+11	5.43307e+11	4.79087e+11	-3.27769e+11	2.79487e+11	-5.42676e+11	-9.60571e+10	-1.25344e+11	-2.55839e+11	-7.11179e+09	-7.9765e+10	-2.23804e+10	-1.03332e+10	1.25997e+11	-7.56593e+10
1.015e-09	-6.41923e+11	5.20161e+11	3.89953e+11	-9.32965e+10	3.05873e+10	-1.70158e+11	-1.36637e+11	-1.30889e+11	-4.10177e+11	-7.56344e+10	-4.1903e+11	1.63335e+11	-2.11499e+10	1.75979e+11	-9.32574e+10
1.02e-09	-4.44851e+11	3.35981e+11	4.95151e+11	-2.39067e+11	1.17006e+11	-4.95174e+11	-1.48858e+11	-1.00961e+11	-4.04444e+11	3.10898e+08	-2.26403e+11	-3.21375e+10	-2.05398e+10	-5.17574e+10	1.70516e+11
1.025e-09	-3.66567e+11	1.98568e+11	5.75579e+11	-2.31535e+11	2.25016e+11	-3.45827e+11	-1.67419e+11	4.58484e+09	-5.12145e+11	-1.81523e+10	-1.12786e+11	-1.06545e+11	-3.00644e+10	3.03628e+11	8.94662e+10
1.03e-09	-3.22144e+11	2.39308e+11	3.88032e+11	-2.32876e+11	1.70637e+11	-4.41415e+11	-7.11244e+10	9.16046e+10	-3.09009e+11	-3.83021e+10	-1.73894e+11	4.62991e+10	-9.99446e+09	-4.45391e+10	-1.89476e+11
1.035e-09	-1.74259e+11	7.49785e+10	3.15688e+11	-1.58484e+11	3.01535e+11	-1.24099e+11	-1.60173e+11	-5.60904e+10	-4.2019e+11	-1.24037e+10	-9.46477e+10	-2.03792e+10	-5.79894e+09	-7.69311e+10	-8.51097e+10
1.04e-09	-3.69845e+11	2.49965e+11	3.75291e+11	-1.87452e+11	2.16424e+11	-3.70537e+11	-9.52618e+10	-1.7126e+11	-2.26568e+11	-8.2552e+10	-2.9983e+11	1.86935e+11	2.04193e+09	1.6507e+11	1.24571e+11
1.045e-09	-5.91789e+11	3.79293e+11	5.72908e+11	-1.92893e+11	4.03956e+11	-1.82753e+11	-1.15784e+11	2.71644e+11	-3.64564e+11	-3.07405e+10	-1.85903e+11	-8.88381e+10	1.82742e+10	-3.00215e+11	2.35441e+11
1.05e-09	-4.09758e+11	1.34582e+11	5.41891e+11	-2.01804e+11	4.58103e+11	-5.76354e+10	-7.52337e+10	1.40214e+11	-2.13486e+11	-1.38998e+10	-8.34834e+09	-2.52495e+10	1.78208e+09	1.33879e+11	4.00476e+10
1.055e-09	-3.77714e+11	2.07897e+11	4.95081e+11	-2.61924e+11	4.05362e+11	-3.51263e+11	-1.02678e+10	3.58604e+10	-7.18805e+09	-5.05559e+10	-2.62497e+11	9.12031e+10	-7.85903e+09	8.71139e+10	-1.15017e+11
1.06e-09	-3.28927e+11	8.87775e+10	4.07329e+11	-2.29872e+11	4.60665e+11	-2.89096e+11	-8.97431e+10	-9.38306e+10	-3.1041e+11	2.42917e+09	3.2752e+10	1.18622e+11	-4.78025e+10	7.91517e+10	2.82757e+11
1.065e-09	-4.61968e+11	-5.03403e+10	6.18987e+11	-2.96065e+11	6.94302e+11	-2.30284e+11	-1.65063e+11	6.5823e+10	-5.66857e+11	-3.01583e+10	-3.86773e+11	2.48188e+11	1.99746e+09	-2.0286e+11	-3.58704e+10
1.07e-09	-7.03994e+11	5.06982e+10	9.19937e+11	-2.97242e+11	4.95365e+11	-5.05778e+11	-1.84151e+11	3.18816e+10	-6.01956e+11	-2.90097e+10	-1.54779e+11	-5.99355e+10	1.72209e+10	5.74608e+10	-1.21665e+11
1.075e-09	-4.15528e+11	-1.16273e+11	5.53811e+11	-3.54743e+11	5.99429e+11	-4.35328e+11	-9.52807e+10	2.25725e+11	-3.09554e+11	4.58055e+10	1.02233e+11	3.28358e+11	9.7915e+09	5.94051e+10	-2.1902e+11
1.08e-09	-3.16153e+11	8.48635e+10	6.02153e+11	-2.74073e+11	4.80005e+11	1.54259e+11	-5.50453e+10	1.5847e+11	-1.92607e+11	-1.42336e+10	6.20143e+09	-1.85672e+11	4.38287e+09	-2.31984e+11	4.85688e+10
1.085e-09	-3.31676e+11	-1.62965e+11	4.97127e+11	-2.98573e+11	5.56534e+11	-1.84309e+11	-2.70441e+10	-5.28883e+10	-1.9204e+11	-2.17632e+10	-1.7223e+11	-1.30097e+11	-2.73716e+09	-4.43645e+10	2.26352e+11
1.09e-09	-3.03241e+11	-5.47737e+11	3.10586e+11	-3.43863e+11	6.03494e+11	2.41263e+11	-3.87336e+10	3.5322e+10	-1.44641e+11	-2.6801e+10	-5.28578e+10	-1.96011e+11	-5.31036e+10	-8.90453e+10	3.73257e+11
1.095e-09	-4.31785e+11	-3.82742e+11	6.18135e+11	-1.37912e+11	2.91337e+11	2.1904e+11	-1.78508e+11	4.70069e+11	-2.02823e+11	-1.68424e+10	-5.24877e+10	-1.33995e+08	-5.99435e+09	-2.17904e+11	-1.40366e+10
1.1e-09	-4.62742e+11	-6.60722e+11	2.33335e+11	-1.0356e+11	3.58611e+11	-4.04741e+09	-1.05352e+11	2.44477e+11	-2.86509e+11	-7.98999e+09	3.70045e+10	-2.25901e+10	5.95743e+09	-1.54237e+11	3.52308e+10
1.105e-09	-5.57318e+11	-4.23916e+11	6.41225e+11	-1.01231e+11	1.51311e+11	3.11231e+11	-1.1597e+11	3.33459e+11	-1.37035e+11	6.2155e+09	1.32178e+11	-5.20583e+10	-1.11533e+09	6.46859e+09	1.18864e+11
1.11e-09	-1.62113e+11	-3.43441e+11	-2.17068e+11	-2.15037e+11	3.90594e+11	3.48911e+11	-8.0096e+10	2.73049e+11	-2.35032e+11	-2.02281e+10	-2.19146e+11	-6.09619e+10	-1.92438e+10	-1.77279e+11	2.53887e+11
1.115e-09	-4.17992e+11	-5.66519e+11	2.21763e+11	-1.50899e+11	2.48133e+11	3.80221e+11	-8.03194e+10	3.23838e+11	-9.09681e+10	2.0469e+10	1.88979e+11	1.39633e+11	-3.00878e+09	5.73881e+10	-3.51172e+10
1.12e-09	-3.3404e+11	-4.69952e+11	-5.19886e+10	-2.19407e+11	1.50681e+11	5.13484e+11	-7.4893e+10	3.21639e+11	-1.35055e+11	-5.42353e+08	-2.55356e+11	-1.96627e+10	-1.02215e+10	-1.1766e+10	-6.84456e+10
1.125e-09	-3.56407e+11	-5.19972e+11	2.07672e+11	-1.39439e+11	3.2685e+11	1.56473e+11	-1.20689e+11	3.81484e+11	-5.55342e+10	-2.43602e+10	-1.80514e+11	-3.29374e+11	2.79123e+09	-1.96681e+11	-1.07719e+11
1.13e-09	-4.99418e+11	-7.08331e+11	-4.08386e+10	-2.06852e+11	2.21275e+11	3.86835e+11	-1.15887e+11	4.20965e+11	-1.01195e+11	-1.51574e+10	6.18421e+10	-2.09314e+11	-1.64878e+10	-9.68429e+10	2.04324e+11
1.135e-09	-4.95179e+11	-6.82796e+11	-5.52922e+10	-1.45928e+11	1.88268e+11	3.59866e+11	-1.46995e+11	3.29667e+11	2.08973e+11	-2.80657e+10	-8.90473e+10	-4.26936e+11	-1.79187e+10	-1.11811e+11	7.20669e+10
1.14e-09	-4.14844e+11	-6.54889e+11	9.01812e+10	-1.89902e+11	1.16607e+11	5.15448e+11	-1.23985e+10	-7.25559e+10	1.41993e+11	6.43355e+09	1.43782e+11	-1.77749e+11	6.72293e+09	-3.31779e+10	-1.76682e+11
1.145e-09	-2.64576e+11	-3.17369e+11	-9.42999e+10	-1.71809e+11	-1.42894e+11	3.99874e+11	-4.04164e+10	1.67659e+11	-2.10089e+10	3.31753e+09	-1.26543e+11	-7.83846e+10	-1.12018e+10	-1.23888e+11	6.08691e+10
1.15e-09	-3.6725e+11	-3.90443e+11	-5.83035e+11	-1.41726e+11	4.57642e+10	2.76981e+11	-9.74526e+10	1.87779e+11	1.65713e+11	-1.98603e+10	-6.28603e+10	-4.74117e+10	-4.58097e+09	7.30707e+10	4.84829e+10
1.155e-09	-3.80577e+11	-6.16441e+11	-1.10024e+11	-1.36391e+11	-2.10238e+11	2.79001e+11	-1.05171e+11	3.04452e+11	1.45659e+11	-2.99883e+10	3.37761e+11	-4.86154e+10	-6.62805e+09	-5.68512e+10	-1.33998e+11
1.16e-09	-3.7493e+11	-5.11356e+11	-1.41906e+11	-1.32381e+11	-6.36949e+10	2.90717e+11	-4.13553e+10	-3.46473e+10	1.77468e+11	-9.13623e+09	-1.60441e+11	-2.74904e+11	-1.42899e+10	5.81888e+10	-3.5483e+10
1.165e-09	-3.8518e+11	-3.95834e+11	-3.91844e+11	-1.55977e+11	-4.21601e+10	3.8836e+11	-1.38053e+11	6.00915e+10	3.6984e+11	2.36433e+10	-3.6225e+11	7.46415e+10	-6.59877e+09	-1.85298e+10	-5.8951e+10
1.17e-09	-3.70155e+11	-2.27119e+11	-4.08355e+11	-1.03135e+11	-1.65077e+11	2.58191e+11	-5.79869e+10	1.09903e+11	1.0353e+11	-5.58292e+10	2.33389e+11	-1.94932e+11	-1.16632e+10	-8.62609e+10	-1.91667e+11
1.175e-09	-3.65641e+11	-2.03919e+11	-5.51865e+11	-2.17428e+11	-4.17125e+10	5.90872e+11	-9.41034e+10	3.84613e+10	3.59984e+11	-2.6039e+10	1.23861e+11	-2.33427e+10	4.98866e+09	1.85205e+11	5.27211e+10
1.18e-09	-4.52045e+11	-4.41589e+11	-5.55364e+11	-1.27522e+11	-1.16073e+11	2.95232e+11	-8.48857e+10	1.00844e+11	2.27357e+11	1.63748e+10	-8.45842e+10	4.02549e+10	-1.59834e+10	7.43963e+10	-1.67012e+10
1.185e-09	-2.95875e+11	-4.58942e+10	-3.62913e+11	-2.8042e+11	-3.01746e+11	4.68119e+11	-1.3882e+11	1.31909e+10	4.56805e+11	-3.04693e+10	2.44013e+11	-2.2632e+11	9.3557e+09	1.18211e+10	-2.73669e+11
1.19e-09	-4.85021e+11	-3.39422e+11	-6.22142e+11	-1.92798e+11	-1.8974e+11	3.47555e+11	-1.13534e+11	1.04764e+11	3.87117e+11	-1.57899e+10	-5.88092e+10	-4.49974e+10	-6.73481e+09	-9.80191e+10	3.33235e+10
1.195e-09	-5.08349e+11	-2.51512e+11	-6.02789e+11	-1.74106e+11	-2.48869e+11	3.08039e+11	-9.86687e+10	-2.27097e+11	3.47071e+11	-3.09636e+10	1.50341e+11	-6.7086e+10	-2.35533e+10	-1.8518e+11	3.4314e+11
1.2e-09	-5.48258e+11	-4.19097e+10	-6.98279e+11	-3.30233e+11	-4.63161e+11	6.64003e+11	-4.75353e+10	-1.10587e+11	1.84654e+11	-3.01728e+10	1.98056e+11	3.96252e+10	-1.27434e+10	-9.35376e+10	3.09226e+10
1.205e-09	-4.93713e+11	-1.14341e+11	-7.28536e+11	-3.3602e+11	-6.33391e+11	3.54334e+11	-4.81974e+10	-1.05173e+11	1.09528e+11	3.42971e+09	7.17012e+10	-3.1378e+11	-2.92306e+10	-1.03573e+11	-2.51044e+11
1.21e-09	-3.1398e+11	2.97214e+10	-4.03353e+11	-2.42937e+11	-5.79151e+11	-3.58092e+09	-9.40694e+10	-2.41273e+11	2.7986e+11	-1.67513e+10	2.41399e+10	-1.54312e+11	-8.2192e+09	-3.06229e+10	5.99211e+10
1.215e-09	-2.07069e+11	3.03799e+10	-3.35222e+11	-1.69811e+11	-4.25746e+11	1.30937e+11	-1.43392e+11	-6.27986e+10	3.59028e+11	-9.89498e+09	4.69343e+10	1.28098e+10	5.09668e+09	1.5908e+11	-1.75029e+11
1.22e-09	-4.98472e+11	2.53056e+11	-6.2367e+11	-2.41298e+10	-1.08423e+11	-2.53213e+11	-1.78994e+11	-1.53152e+11	4.62748e+11	-3.54407e+09	4.53257e+10	-3.84143e+10	3.27833e+09	1.34531e+11	-3.36537e+10
1.225e-09	-3.96942e+11	3.84872e+11	-4.44224e+11	-1.70791e+11	-3.58382e+11	-9.17805e+10	-8.8774e+10	-1.68968e+11	2.89234e+11	2.14231e+09	-8.39569e+10	-7.40808e+09	-1.20221e+10	1.38052e+11	1.67825e+11
1.23e-09	-3.47869e+11	4.01739e+11	-4.42546e+11	-1.64595e+11	-4.13145e+11	-3.6903e+10	-1.17739e+11	-2.85239e+11	3.90482e+11	-1.27088e+10	-2.02359e+10	2.48322e+11	-1.79336e+10	-1.76333e+11	-4.68124e+10
1.235e-09	-4.13002e+11	4.33428e+11	-4.17847e+11	-1.5413e+11	-3.24254e+11	6.18858e+10	-9.27635e+10	-3.41202e+10	5.17927e+11	-5.79369e+09	2.19271e+11	-1.08549e+11	-2.04823e+10	-1.99603e+11	-2.54704e+11
1.24e-09	-5.12543e+11	5.69562e+11	-3.03622e+11	-3.58137e+11	-7.4171e+11	-6.66785e+10	-1.29524e+11	-2.35389e+11	5.62955e+11	-9.38014e+09	2.23537e+10	2.77616e+10	-8.58935e+09	1.68721e+11	-1.55802e+11
1.245e-09	-2.91841e+11	3.10073e+11	-2.86295e+11	-9.15659e+10	-1.88007e+11	-9.47357e+10	-5.81128e+10	-3.30062e+11	-6.53101e+10	-9.29793e+09	-9.67915e+10	1.60702e+11	-9.02737e+09	1.44504e+11	-1.5227e+10
1.25e-09	-4.95747e+11	5.28102e+11	-2.65329e+11	-2.39133e+11	-2.55021e+11	-3.44446e+11	-4.18801e+10	-1.66355e+11	-6.0037e+09	-2.54893e+10	-2.45614e+09	1.72298e+11	-1.4625e+10	1.53717e+11	-3.97434e+10
1.255e-09	-5.61112e+11	6.25828e+11	-1.24135e+11	-1.27777e+11	-2.22878e+11	-1.67225e+11	-6.59096e+08	3.55445e+10	9.3203e+09	-3.60031e+09	5.88571e+10	8.29471e+10	-3.5216e+10	3.15108e+11	-2.18182e+11
1.26e-09	-3.67265e+11	5.34688e+11	5.76233e+10	-3.31286e+11	-4.03359e+11	-5.99529e+11	-8.02974e+10	-1.58431e+11	-7.69777e+10	-2.47885e+10	1.1726e+11	2.46089e+11	3.6109e+09	-9.88538e+10	-5.38966e+10
1.265e-09	-4.49509e+11	6.97712e+11	5.40685e+10	-1.98558e+11	-2.80145e+11	-3.2921e+11	-5.72575e+10	-1.95033e+11	1.67335e+11	2.08069e+09	-7.32769e+10	2.81837e+11	8.98733e+08	-1.76844e+11	-2.18599e+11
1.27e-09	-4.21921e+11	5.4356e+11	-9.96523e+10	-2.19159e+11	-4.51364e+11	-3.18291e+11	-1.22642e+11	-3.79123e+11	-1.29453e+11	4.31935e+09	1.92278e+11	-1.39027e+11	8.73584e+09	7.69911e+10	2.12165e+11
1.275e-09	-4.10644e+11	5.83968e+11	7.21266e+09	-2.0438e+11	-1.98639e+11	-4.95901e+11	-1.44904e+11	-3.943e+11	-1.74287e+11	-2.67575e+10	9.93162e+09	3.73471e+11	-3.07215e+10	3.01131e+11	-3.48836e+10
1.28e-09	-4.40595e+11	6.01204e+11	2.78823e+11	-2.94144e+11	1.93513e+10	-4.8961e+11	-6.87877e+10	-2.39002e+11	-2.42432e+09	-3.61656e+10	-1.59565e+10	2.0908e+11	-1.0175e+10	-1.74478e+10	-5.95961e+10
1.285e-09	-5.2466e+11	5.32198e+11	5.1658e+11	-3.355e+11	-9.62039e+10	-7.18968e+11	-1.16859e+11	-4.14087e+11	-3.13917e+11	-4.4406e+10	7.00654e+10	3.76981e+11	3.38906e+09	1.24738e+10	-6.71833e+10
1.29e-09	-3.88735e+11	6.15763e+11	2.49471e+11	-2.23844e+11	-2.13851e+10	-4.84078e+11	-1.51692e+11	-4.54161e+11	-1.74698e+11	-2.49495e+10	1.1565e+11	3.07077e+11	-9.64565e+09	2.78883e+10	-5.34403e+10
1.295e-09	-6.93214e+11	6.42478e+11	5.52963e+11	-1.00412e+11	-1.85062e+11	-3.18312e+11	-8.29221e+10	-7.43898e+09	-3.96174e+11	-1.95218e+10	1.34771e+11	3.3835e+11	-5.15365e+09	1.33285e+11	1.67577e+11
1.3e-09	-2.83068e+11	4.26008e+11	2.24604e+11	-2.78958e+11	2.24885e+11	-5.48986e+11	-6.03892e+10	-1.74308e+11	-1.36618e+11	2.08583e+09	-4.28153e+10	-2.07371e+11	3.96085e+09	3.94589e+10	5.81783e+09
1.305e-09	-5.06914e+11	4.74579e+11	4.91286e+11	-3.05225e+11	2.97123e+11	-6.6725e+11	-5.95446e+10	9.97827e+10	-3.18769e+11	-8.79599e+09	7.31128e+09	-1.05666e+11	-3.0638e+10	2.93143e+10	1.82174e+11
1.31e-09	-4.28548e+11	3.42282e+11	4.81857e+11	-2.03587e+11	4.02968e+11	-4.65603e+11	-6.10221e+10	-7.44584e+10	-3.02115e+11	-1.76375e+10	-3.32377e+11	-1.51673e+11	-1.38569e+10	2.36971e+11	-1.27972e+11
1.315e-09	-4.3975e+11	3.45474e+11	6.80586e+11	-3.05511e+11	4.29682e+11	-4.99376e+11	-1.51084e+11	-1.37625e+11	-5.41957e+11	1.33245e+10	5.89948e+10	-5.40845e+10	-4.68323e+10	2.08514e+11	-2.13416e+11
1.32e-09	-3.0986e+11	-1.64907e+11	5.3429e+11	-2.48646e+11	5.31304e+11	-3.16958e+11	-1.33502e+11	-2.48646e+11	-3.36898e+11	-3.38267e+10	-6.78921e+10	2.38508e+11	-1.31264e+10	-1.29008e+10	1.18818e+11
1.325e-09	-4.80794e+11	1.05005e+11	6.82321e+11	-8.87084e+10	-1.63931e+10	-3.07659e+11	-1.58723e+10	4.26708e+10	-7.90316e+10	-2.33985e+10	-1.95146e+11	-1.57414e+10	-1.88447e+10	2.03652e+11	7.77292e+09
1.33e-09	-3.20574e+11	-2.14974e+09	5.35912e+11	-7.14353e+10	2.035e+11	-3.75821e+10	-7.43147e+10	5.97589e+10	-2.91129e+11	6.70061e+08	2.52256e+10	-1.76348e+10	1.93386e+09	4.63623e+10	-2.12084e+11
1.335e-09	-4.07304e+11	-1.97239e+11	5.38787e+11	-1.76428e+11	4.1225e+11	5.20379e+10	-8.57473e+10	-2.52759e+11	-2.54331e+11	-3.01807e+10	-2.38898e+11	6.60152e+10	-6.05877e+09	3.96286e+10	1.61285e+11
1.34e-09	-3.95941e+11	-4.03954e+11	5.76988e+11	-1.62045e+11	3.41577e+11	-1.50491e+11	-6.22865e+10	6.94461e+10	-2.03169e+11	-6.3111e+10	-3.39953e+11	1.05677e+11	-9.83649e+08	-4.68189e+10	4.17542e+10
1.345e-09	-4.37995e+11	-3.12476e+11	4.9507e+11	-1.84565e+11	4.31617e+11	1.73648e+10	-7.90794e+10	1.24349e+11	-2.50711e+11	-2.35981e+10	-2.32766e+11	-7.47485e+09	9.42554e+08	-1.47449e+11	-7.53147e+10
1.35e-09	-4.33815e+11	-1.46862e+11	5.64901e+11	-2.90244e+11	5.91573e+11	4.02729e+10	-4.64539e+10	1.01182e+11	-1.35267e+11	-4.98534e+10	-3.84875e+11	-8.09099e+10	-1.83068e+10	-1.3862e+10	1.09347e+11
1.355e-09	-3.40305e+11	-4.42811e+11	3.64467e+11	-1.76432e+11	4.22111e+11	1.41658e+11	-9.23644e+10	2.74991e+11	-3.90048e+11	-8.93843e+09	-3.19475e+10	2.89087e+10	-4.22564e+09	-8.09257e+10	-2.24044e+10
1.36e-09	-3.84034e+11	-1.7122e+11	6.36964e+11	-1.64863e+11	4.08538e+11	1.1328e+11	-1.2691e+10	1.43942e+11	1.36496e+11	-1.34361e+10	-1.40498e+11	2.98292e+10	-1.61554e+10	3.37071e+11	-6.26998e+10
1.365e-09	-3.60403e+11	-4.43486e+11	3.28768e+11	-1.59299e+11	4.24838e+11	6.75157e+10	-3.56049e+10	1.27843e+11	-1.51348e+11	2.0293e+10	1.26594e+11	9.50199e+10	-1.30144e+10	1.0657e+11	1.90209e+11
1.37e-09	-3.62737e+11	-4.79804e+11	3.12211e+11	-2.5503e+11	6.89085e+11	4.12846e+10	-9.41347e+10	2.94181e+11	9.66719e+09	-2.80456e+10	-9.79178e+10	2.83993e+10	-7.15133e+09	-1.50792e+10	-3.6182e+10
1.375e-09	-3.68291e+11	-4.68263e+11	2.97509e+11	-1.53523e+11	2.21522e+11	3.97321e+11	-1.32947e+11	3.96352e+11	-3.94674e+11	-1.54474e+10	7.48282e+10	-7.00464e+10	8.71046e+09	2.73505e+11	1.49281e+11
1.38e-09	-4.01592e+11	-4.75097e+11	3.36049e+11	-3.29461e+11	4.24416e+11	4.67528e+11	-3.84068e+10	4.65511e+10	-1.85962e+11	1.37347e+10	9.10891e+10	1.24935e+11	-4.92181e+09	1.38657e+11	-3.5838e+10
1.385e-09	-2.45748e+11	-2.84144e+11	2.15182e+11	-1.96064e+11	2.08922e+11	3.89049e+11	-5.63184e+10	2.69389e+11	2.38561e+10	-3.98082e+09	-1.83672e+11	1.51081e+10	-3.9205e+09	-4.9324e+10	8.08046e+10
1.39e-09	-2.89804e+11	-4.29186e+11	1.40277e+11	-2.21833e+11	4.26805e+11	3.90977e+11	-7.83078e+10	2.38195e+11	8.63866e+09	-2.66478e+10	1.48676e+10	-5.84817e+10	9.25782e+08	-2.14355e+11	2.92431e+11
1.395e-09	-4.48121e+11	-7.07339e+11	-6.05246e+10	-8.09394e+10	1.85053e+11	1.42908e+11	-6.71901e+10	2.16059e+11	7.20743e+10	-5.91746e+10	-4.40169e+09	-4.0839e+11	-4.92265e+09	6.10619e+10	8.23433e+10
1.4e-09	-3.60768e+11	-5.29434e+11	1.97437e+11	-7.03035e+10	2.73356e+11	9.22636e+10	-4.26331e+10	1.26045e+11	1.99526e+11	-2.75064e+10	-9.91645e+10	-1.31144e+11	-6.84944e+09	-1.51658e+11	7.30792e+10
1.405e-09	-2.5182e+11	-3.32192e+11	3.86996e+10	-2.97676e+11	2.72906e+11	6.23693e+11	-7.99312e+10	3.04454e+11	3.03259e+11	-1.33134e+10	1.5236e+11	7.66223e+10	-6.0802e+09	-8.26713e+10	2.68365e+11
1.41e-09	-3.49541e+11	-5.78642e+11	-1.00982e+11	-2.08054e+11	5.03557e+10	5.39473e+11	-7.11631e+10	3.22665e+11	-7.47111e+10	7.49439e+09	9.21816e+08	-2.33736e+10	-9.0094e+09	1.63764e+10	-7.62818e+10
1.415e-09	-3.36388e+11	-5.46136e+11	-4.77738e+11	-1.70759e+11	-2.5639e+10	4.18688e+11	-4.6888e+10	2.74424e+11	6.78761e+10	-2.4511e+10	-2.08899e+11	-1.97961e+11	1.43115e+10	1.03559e+11	2.59676e+11
1.42e-09	-2.47117e+11	-4.63081e+11	-2.47153e+11	-2.23452e+11	-6.6877e+10	5.59874e+11	-6.26587e+10	1.50407e+11	1.79562e+11	6.07461e+09	-1.09147e+11	-1.28994e+10	1.27886e+10	9.31237e+10	-5.11634e+11
1.425e-09	-2.34777e+11	-3.08679e+11	-3.13545e+11	-1.16056e+11	-1.21806e+11	2.71225e+11	-2.12097e+10	9.16573e+10	-3.9523e+10	-1.31944e+10	8.78814e+10	-2.80431e+11	1.74996e+10	7.40223e+10	-2.35856e+11
1.43e-09	-2.2746e+11	-2.23908e+11	-4.0453e+11	-1.97603e+11	-2.66161e+11	5.46776e+11	-7.131e+10	2.87727e+11	1.26572e+10	-9.91611e+09	-2.28314e+10	2.91082e+10	-2.36834e+10	-1.23293e+11	1.20897e+11
1.435e-09	-2.46694e+11	-2.89023e+11	-4.42319e+11	-8.18469e+10	-2.14236e+11	2.01148e+11	-9.6352e+10	1.73627e+11	3.01929e+11	-3.73505e+10	3.46058e+11	-1.86915e+11	-8.03643e+09	4.83763e+10	-2.32943e+11
1.44e-09	-4.40714e+11	-2.75582e+11	-7.6092e+11	-8.20749e+10	-2.04519e+11	2.68871e+11	-3.72866e+10	1.35723e+11	5.86681e+10	-3.13465e+10	1.56957e+11	-6.23765e+10	-1.5083e+10	-1.47061e+11	6.23649e+10
1.445e-09	-2.67215e+11	-2.41146e+10	-4.29289e+11	-1.64482e+11	-1.23535e+11	5.01796e+11	-6.71849e+10	-3.24002e+10	3.34085e+11	8.67423e+09	-1.26075e+11	-8.40675e+10	4.37148e+09	9.08203e+10	-5.93146e+10
1.45e-09	-3.49423e+11	-1.14183e+11	-5.09429e+11	-1.13105e+11	-2.53873e+11	2.34174e+11	-7.726e+10	3.90617e+11	2.88006e+11	-3.51663e+10	2.58349e+11	-1.10719e+11	-6.1311e+09	1.85129e+11	-1.29815e+11
1.455e-09	-3.11973e+11	-1.87542e+11	-5.15486e+11	-1.78214e+11	-2.40504e+11	3.61235e+11	-8.64588e+10	1.27518e+11	3.85903e+11	-4.084e+10	2.06499e+11	1.03116e+10	-5.39802e+09	1.2516e+11	-7.48869e+09
1.46e-09	-5.17957e+11	-1.53907e+10	-7.36273e+11	-2.99041e+11	-6.37697e+11	4.01689e+10	-5.2534e+10	1.56672e+11	2.0166e+11	-1.1009e+10	-1.34639e+11	-2.51363e+11	1.56012e+10	5.73144e+09	-4.56071e+10
1.465e-09	-3.88656e+11	-1.00943e+11	-5.94547e+11	-1.51855e+11	-4.14433e+11	8.74794e+10	-6.4706e+10	-1.1139e+11	2.60015e+11	-1.8231e+10	8.86617e+10	5.14855e+10	-2.54793e+08	-9.21611e+10	-2.13245e+11
1.47e-09	-4.1974e+11	9.58301e+10	-6.93325e+11	-2.35514e+11	-6.12611e+11	1.0459e+11	-9.7321e+10	-4.03095e+11	1.79408e+11	-4.45293e+10	4.06134e+11	-2.10793e+11	-7.95618e+09	-1.37008e+11	-2.13993e+11
1.475e-09	-4.15728e+11	-2.64178e+11	-3.9232e+11	-3.17322e+11	-6.05133e+11	3.60551e+11	-7.3624e+10	4.30716e+10	2.76079e+11	-1.42069e+10	2.18141e+11	-2.40949e+11	-4.82182e+08	-2.44988e+10	-1.35869e+11
1.48e-09	-4.48281e+11	-1.46906e+11	-5.51558e+11	-2.38632e+11	-5.50715e+11	6.90222e+10	-1.07611e+11	-1.58684e+11	4.52929e+11	-2.48425e+10	1.93137e+11	-1.26865e+11	-9.39475e+09	-1.51242e+11	-9.65055e+10
1.485e-09	-5.27729e+11	-1.65217e+11	-5.572e+11	-3.18642e+11	-5.18301e+11	3.18164e+11	-5.28339e+10	3.10259e+10	2.65092e+11	3.11586e+09	2.06964e+11	7.42464e+10	-1.6245e+10	-1.41681e+11	-5.38289e+10
1.49e-09	-5.91949e+11	-2.64627e+11	-6.51556e+11	-1.78959e+11	-3.709e+11	7.19514e+10	-4.92591e+10	2.28742e+10	2.28259e+11	-1.18564e+10	2.10223e+09	-5.27518e+10	-1.55557e+10	-8.65334e+10	-5.86336e+10
1.495e-09	-4.74188e+11	4.82595e+10	-5.68034e+11	-1.61914e+11	-2.67508e+11	1.64332e+11	-9.73029e+10	-1.88748e+11	2.62326e+11	-3.78563e+10	2.35634e+11	7.34908e+10	-2.12334e+10	-1.45432e+10	-1.80126e+11
1.5e-09	-4.69281e+11	-3.41612e+10	-4.34e+11	-3.16104e+11	-5.32531e+11	1.31303e+11	-9.81393e+10	-2.32164e+11	2.80784e+11	-1.45092e+10	4.00941e+10	-3.08362e+10	-2.46504e+10	-1.96696e+11	-1.72341e+11
