Wed Oct 16 11:11:45 2024

<base> : Rectangle : 0m, 0m, 0m; 1um, 50nm, 5nm. Cells : 200, 10, 1. Cellsize : 5nm, 5nm, 5nm
<supermesh> : Rectangle : 0m, 0m, 0m; 1um, 50nm, 5nm. Cells : 200, 10, 1. Cellsize : 5nm, 5nm, 5nm

Saved data (dataname (unit) <meshname> (cells_rectangle)) : 

time (s)	<mxdmdt> (1/s) <base> (200nm, 0m, 0m; 210nm, 50nm, 5nm)			<mxdmdt> (1/s) <base> (400nm, 0m, 0m; 410nm, 50nm, 5nm)			<mxdmdt> (1/s) <base> (600nm, 0m, 0m; 610nm, 50nm, 5nm)			<mxdmdt> (1/s) <base> (800nm, 0m, 0m; 810nm, 50nm, 5nm)			

0	145402	773245	-98602.4	-157629	-1.16784e+06	-150256	-3898.34	-190198	-113606	52378.3	139844	1.07705e+06
5e-12	1.07837e+10	1.74022e+11	1.60657e+11	-7.77744e+10	-2.19634e+11	-2.22994e+11	-4.30342e+09	-2.19795e+11	-2.38315e+11	-5.53248e+09	-5.73202e+10	4.51915e+10
1e-11	2.44567e+10	3.08742e+11	-2.16632e+11	-4.23279e+09	5.77049e+10	-1.13423e+11	1.95494e+10	2.58935e+11	-3.18059e+11	1.68397e+10	4.23986e+10	-1.67363e+11
1.5e-11	-1.83816e+10	-6.06864e+10	1.43137e+11	5.15082e+09	-6.60116e+10	-2.09486e+11	-8.65507e+09	9.84901e+10	-1.80494e+11	-8.91724e+07	-3.10488e+11	1.03401e+11
2e-11	-9.85173e+09	-3.0059e+11	4.71545e+10	3.08954e+09	-1.5859e+11	-2.05109e+10	-2.24187e+09	2.97696e+11	2.84809e+11	-2.44182e+10	1.72951e+09	2.40684e+11
2.5e-11	4.71094e+09	5.12026e+10	-7.58021e+10	5.89582e+09	6.48084e+10	-2.52242e+11	9.25493e+09	-1.47302e+11	2.59456e+10	1.20906e+09	1.07517e+10	-7.44456e+10
3e-11	2.11503e+10	-2.52596e+11	-7.99345e+10	3.38133e+09	-1.14354e+11	6.13995e+10	-7.85428e+09	5.31235e+10	-1.51812e+10	3.00698e+09	1.44623e+11	8.54646e+10
3.5e-11	-4.56194e+09	-2.8388e+11	8.70842e+10	3.22361e+10	-8.55506e+10	3.79633e+11	-1.06963e+10	1.08912e+11	-3.36864e+11	2.91227e+10	2.20057e+11	-1.42736e+11
4e-11	3.7816e+10	-2.34458e+11	-2.91142e+11	-1.17355e+10	-1.65553e+11	-4.21614e+10	-5.52788e+09	-3.57892e+10	-1.81253e+11	-2.17709e+10	-2.77596e+11	-2.09416e+11
4.5e-11	1.66992e+10	-1.17212e+11	-5.21938e+10	8.79764e+09	-2.2893e+11	1.66559e+11	-1.51173e+10	-1.60159e+11	-2.61781e+11	-6.9119e+09	-9.67396e+10	-6.75723e+10
5e-11	5.74957e+10	2.51084e+11	-2.55706e+11	1.66661e+10	-2.24911e+11	1.36368e+11	-2.35495e+09	1.56644e+11	-2.67464e+11	-5.93324e+09	-2.08962e+11	-1.88766e+10
5.5e-11	5.3713e+10	4.73894e+10	-1.68342e+11	-1.22351e+10	5.5473e+10	-5.45587e+08	-7.10719e+09	5.68322e+09	-2.46941e+11	4.4443e+10	-1.9408e+11	-2.12798e+11
6e-11	1.03449e+11	4.72295e+10	-3.40641e+11	8.69027e+09	-6.95485e+10	1.70965e+11	3.42608e+10	3.32964e+11	2.44681e+10	-1.57886e+10	1.93705e+11	-4.74755e+09
6.5e-11	1.70511e+11	3.57057e+11	-2.60333e+11	3.47924e+10	-1.85062e+11	2.49353e+10	-3.70099e+09	-3.89687e+10	1.35015e+11	-6.73996e+08	5.52716e+10	-5.56189e+10
7e-11	9.52315e+10	1.39586e+11	-3.2156e+11	4.45364e+10	-1.98176e+11	5.53271e+10	-9.838e+09	-7.20454e+10	2.14673e+11	2.40893e+10	-1.12554e+11	-2.14029e+11
7.5e-11	1.22162e+11	3.9562e+11	-1.80765e+11	1.10482e+11	-4.29587e+11	-2.40202e+11	7.84207e+10	2.49288e+11	1.28944e+11	1.18101e+11	-7.42596e+10	-6.2828e+11
8e-11	1.42962e+10	8.58535e+10	1.53437e+11	1.5943e+11	-4.05018e+11	-1.96558e+11	3.80987e+10	1.74154e+11	1.47883e+11	1.52933e+11	-3.42139e+10	-3.77042e+11
8.5e-11	-9.4385e+08	1.35563e+11	3.18925e+11	1.19951e+11	-2.64354e+11	-3.7917e+11	7.19325e+10	3.18682e+09	2.27331e+11	1.15266e+11	1.38095e+10	-3.48912e+11
9e-11	1.49745e+10	1.08211e+11	1.57022e+11	-1.28009e+10	1.57757e+11	-4.35166e+10	4.8876e+10	-7.60744e+10	1.91365e+11	3.10407e+10	-1.1866e+11	-1.6633e+11
9.5e-11	2.14342e+10	2.04077e+11	8.9474e+10	6.58132e+10	2.39087e+11	-4.474e+11	8.69667e+10	-7.46959e+10	2.56082e+11	1.93291e+11	1.93535e+11	-6.02401e+11
1e-10	7.27735e+09	-2.63456e+10	-1.34795e+11	-3.82882e+09	3.08424e+11	1.91773e+11	9.05347e+10	-1.47934e+11	3.16405e+11	6.05322e+10	-7.04002e+10	-4.67003e+11
1.05e-10	1.12464e+10	-8.9637e+10	6.61929e+09	4.02361e+10	3.12723e+11	-1.49375e+11	3.24708e+10	-2.93079e+11	-6.37323e+10	1.29919e+10	-3.68011e+10	-1.49177e+11
1.1e-10	1.67148e+11	-1.97601e+11	-5.44699e+11	1.24382e+11	3.2629e+11	3.04013e+11	4.3885e+10	-3.39754e+11	-1.27661e+11	8.9109e+09	1.77959e+11	-2.25034e+11
1.15e-10	4.06363e+11	-6.4919e+11	-5.46946e+11	4.33536e+10	1.14382e+10	1.56369e+11	1.00186e+09	1.42278e+11	-1.29764e+11	1.37231e+09	3.29194e+10	1.57854e+11
1.2e-10	4.224e+11	-6.80323e+10	-7.01901e+11	8.53725e+10	-7.35742e+10	2.2906e+11	-3.41191e+08	-3.25696e+10	2.08474e+10	2.01097e+10	6.18794e+10	2.93846e+11
1.25e-10	3.61646e+11	5.33467e+10	-5.95874e+11	1.67137e+11	-1.7239e+11	3.42776e+11	6.80977e+10	2.63773e+11	-1.80286e+11	1.9399e+09	-5.0855e+09	-3.75341e+10
1.3e-10	4.88339e+11	2.72766e+11	-6.73572e+11	4.20666e+11	-4.45133e+11	6.20333e+11	1.50219e+11	3.91657e+11	6.26682e+10	5.06856e+10	-3.49914e+11	-1.06961e+10
1.35e-10	2.87183e+11	3.96742e+11	-4.58502e+11	3.1613e+11	-3.70678e+11	4.47162e+11	8.92791e+10	1.47959e+11	-2.47827e+11	1.80734e+11	-5.62226e+11	-4.20066e+10
1.4e-10	9.29368e+10	2.41035e+10	-2.93051e+11	2.26192e+11	-5.7401e+11	-2.19554e+10	3.31025e+11	6.21724e+11	2.43167e+11	2.51991e+11	-4.90619e+11	-4.19491e+11
1.45e-10	6.67223e+10	2.52349e+11	6.09889e+09	7.54808e+10	-2.74308e+11	-3.55259e+10	2.22614e+11	3.65535e+11	3.41679e+11	3.77058e+11	-6.57959e+11	-4.87491e+11
1.5e-10	1.75522e+11	6.92691e+11	-1.11561e+11	1.55942e+11	-5.41773e+11	-2.18593e+11	2.59428e+11	4.51851e+11	3.24976e+11	3.03827e+11	-1.17857e+11	-5.44813e+11
1.55e-10	6.56607e+10	5.17976e+10	2.55404e+11	1.02112e+11	-7.65033e+10	-3.76135e+11	2.93823e+11	2.39415e+11	6.22931e+11	8.56314e+10	-3.81688e+10	-2.82381e+11
1.6e-10	9.92857e+10	-1.8203e+10	4.3956e+11	4.42559e+10	2.86275e+11	-1.36446e+11	7.50548e+10	2.41665e+11	3.73338e+11	1.20239e+11	2.67436e+11	-3.6502e+11
1.65e-10	1.18415e+11	-5.36084e+11	-1.44632e+11	1.65141e+11	5.21144e+11	-2.93246e+11	5.25959e+10	-1.84131e+11	1.90089e+11	1.19782e+11	5.46018e+11	-1.72089e+11
1.7e-10	3.48822e+11	-7.7759e+11	-1.03361e+10	1.97477e+11	4.99361e+11	-1.49371e+11	1.10847e+11	-5.21038e+11	1.87025e+10	9.83201e+10	2.7933e+11	-3.08881e+11
1.75e-10	5.20843e+11	-6.03142e+11	-4.84805e+11	2.76964e+11	5.80693e+11	6.10422e+10	8.56841e+10	-4.27104e+11	1.75782e+10	2.18571e+10	3.10499e+11	-5.30367e+10
1.8e-10	5.3573e+11	-5.5846e+11	-4.39101e+11	2.03222e+11	-1.3061e+10	3.64699e+11	3.11165e+10	-2.60847e+11	-2.98465e+10	4.65915e+10	2.14728e+11	1.60402e+11
1.85e-10	5.11735e+11	-1.3294e+11	-6.08952e+11	3.40557e+11	-1.10791e+11	4.86931e+11	9.6178e+10	1.50318e+11	-1.93016e+11	1.93201e+11	-2.62145e+11	5.96909e+11
1.9e-10	5.06391e+11	1.07601e+11	-6.52119e+11	5.59755e+11	-5.93147e+11	5.41192e+11	2.30015e+11	4.13987e+11	-3.22587e+11	2.21931e+11	-4.91776e+11	2.13125e+11
1.95e-10	3.00918e+11	4.3149e+11	-2.76423e+11	5.09138e+11	-6.74737e+11	3.16969e+11	4.34304e+11	6.36483e+11	-3.0074e+10	2.45226e+11	-6.57075e+11	2.24e+11
2e-10	2.09019e+11	3.25711e+11	-2.11227e+11	2.85113e+11	-5.33782e+11	8.89304e+10	3.75962e+11	5.95346e+11	7.93463e+10	1.85865e+11	-2.84753e+11	-3.58394e+11
2.05e-10	1.35418e+11	3.56216e+11	2.9503e+10	2.45728e+11	-4.71478e+11	-3.09707e+11	5.03957e+11	3.65202e+11	5.96723e+11	3.7039e+11	-2.84454e+11	-5.86407e+11
2.1e-10	1.42874e+11	4.30521e+11	3.21105e+11	1.98749e+11	-2.10398e+10	-5.00857e+11	3.87896e+11	6.44162e+10	6.41295e+11	2.94445e+11	-1.63869e+11	-4.59689e+11
2.15e-10	3.20684e+10	-3.26901e+11	-9.91089e+09	2.98834e+11	3.69245e+11	-5.46299e+11	4.3844e+11	-4.3185e+11	6.16935e+11	2.89175e+11	2.96374e+11	-6.17287e+11
2.2e-10	3.17936e+11	-5.95199e+11	1.78343e+11	2.55613e+11	5.02735e+11	-3.69909e+11	1.48523e+11	-2.22195e+11	1.50223e+11	2.15107e+11	3.54769e+11	-3.33293e+11
2.25e-10	3.70071e+11	-4.65179e+11	-2.98e+11	3.13996e+11	5.28052e+11	2.18453e+11	2.17809e+11	-4.2249e+11	-1.10878e+11	1.22974e+11	4.86573e+11	3.67776e+10
2.3e-10	6.75925e+11	-6.00669e+11	-6.78203e+11	4.00881e+11	3.30977e+11	5.66864e+11	2.39561e+11	-4.30171e+11	-2.97731e+11	1.03291e+11	3.82243e+11	1.90637e+11
2.35e-10	5.17805e+11	-1.56711e+10	-5.72608e+11	5.32149e+11	-2.10126e+11	6.82517e+11	1.41546e+11	4.89729e+10	-3.72014e+11	3.67212e+10	2.54826e+10	1.89223e+11
2.4e-10	5.37709e+11	4.06679e+11	-4.74049e+11	3.9321e+11	-2.72697e+11	4.44727e+11	2.7746e+11	4.05238e+11	-3.54641e+11	1.22625e+11	-3.62318e+11	2.08931e+11
2.45e-10	7.44491e+11	8.11866e+11	-4.01302e+11	5.72108e+11	-7.19044e+11	-9.05061e+10	4.31806e+11	6.89474e+11	-1.24067e+11	1.12267e+11	-2.6888e+11	8.4896e+10
2.5e-10	4.47775e+11	5.43334e+11	2.67289e+11	4.17909e+11	-4.9816e+11	-3.32707e+11	4.23466e+11	4.84751e+11	4.3035e+11	2.33076e+11	-4.07544e+11	-3.86638e+11
2.55e-10	3.81301e+11	5.34088e+11	3.35791e+11	4.5649e+11	-3.82844e+11	-5.74491e+11	4.05863e+11	4.02314e+11	5.56372e+11	4.31888e+11	-3.52273e+11	-7.26496e+11
2.6e-10	3.41081e+11	-5.63558e+10	5.98233e+11	4.57879e+11	2.12447e+11	-6.04006e+11	3.47113e+11	-1.97289e+11	5.30661e+11	3.71334e+11	-2.61847e+10	-6.86592e+11
2.65e-10	3.11031e+11	-5.96102e+11	3.12397e+11	4.82575e+11	6.13719e+11	-4.67696e+11	5.65105e+11	-6.8015e+11	3.25596e+11	3.62707e+11	6.28574e+11	-4.38947e+11
2.7e-10	3.46026e+11	-7.44052e+11	1.47765e+11	2.63631e+11	4.29308e+11	1.68536e+11	5.1274e+11	-7.757e+11	9.81542e+10	3.02093e+11	6.08494e+11	-1.45741e+11
2.75e-10	2.96692e+11	-3.04568e+11	-5.92532e+11	5.81821e+11	8.05665e+11	4.49475e+11	3.21827e+11	-2.49815e+11	-4.88333e+11	3.63019e+11	5.25353e+11	4.63821e+11
2.8e-10	3.32536e+11	1.50463e+11	-5.38636e+11	4.67277e+11	-4.54486e+10	6.40777e+11	4.20988e+11	9.44205e+09	-5.95331e+11	1.97779e+11	6.00133e+10	4.64413e+11
2.85e-10	5.64536e+11	3.91875e+11	-6.73375e+11	5.45083e+11	-4.38574e+11	5.86874e+11	3.53603e+11	2.57255e+10	-6.85339e+11	1.70595e+11	-2.05078e+11	4.48865e+11
2.9e-10	5.2872e+11	6.33562e+11	-1.3865e+11	3.3276e+11	-5.22941e+11	2.14602e+10	2.58331e+11	4.89783e+11	-2.12018e+11	1.79881e+11	-4.65351e+11	1.12084e+11
2.95e-10	6.3666e+11	6.19262e+11	2.54035e+11	4.79943e+11	-3.80009e+11	-5.75848e+11	3.89297e+11	7.34478e+11	2.1632e+11	2.09272e+11	-5.35939e+11	-3.23303e+11
3e-10	7.10485e+11	2.71974e+11	7.20715e+11	5.42039e+11	-1.55403e+11	-6.70996e+11	3.63144e+11	2.49751e+11	5.84918e+11	1.80085e+11	-3.13105e+11	-2.67785e+11
3.05e-10	4.54699e+11	-3.83292e+11	4.06419e+11	6.1632e+11	3.71113e+11	-4.40281e+11	3.56586e+11	-3.59927e+11	3.83963e+11	1.84487e+11	-5.01605e+10	-4.52025e+11
3.1e-10	4.40679e+11	-5.07067e+11	2.24918e+11	6.14156e+11	6.53979e+11	-3.55822e+11	5.56405e+11	-6.96038e+11	1.6899e+11	2.5235e+11	5.24223e+11	-1.81596e+11
3.15e-10	5.28167e+11	-6.41327e+11	-4.88893e+11	4.29855e+11	3.93353e+11	5.33945e+11	5.6584e+11	-7.10136e+11	-1.56883e+11	2.93457e+11	4.91911e+11	1.06957e+11
3.2e-10	3.99305e+11	-1.19651e+11	-7.46843e+11	6.14703e+11	2.03235e+10	8.8517e+11	5.9548e+11	-5.32119e+11	-7.28607e+11	4.11973e+11	3.07415e+11	6.20313e+11
3.25e-10	3.86947e+11	1.95154e+11	-6.47156e+11	5.06787e+11	-3.5235e+11	6.1143e+11	5.23512e+11	2.80913e+11	-6.72165e+11	3.3056e+11	-7.10124e+09	6.03927e+11
3.3e-10	5.77697e+11	8.10839e+11	-1.65027e+11	4.43708e+11	-5.36318e+11	2.4955e+11	3.73895e+11	6.45036e+11	-6.59702e+10	3.60342e+11	-5.87695e+11	2.36551e+11
3.35e-10	6.055e+11	7.03332e+11	4.9977e+11	6.6148e+11	-7.86473e+11	-5.21317e+11	5.23939e+11	6.7841e+11	2.16828e+11	2.69565e+11	-5.79845e+11	-1.5302e+10
3.4e-10	5.19658e+11	1.09892e+11	6.38394e+11	4.31663e+11	-2.53689e+11	-4.53498e+11	4.33416e+11	2.47701e+11	6.6661e+11	2.07404e+11	-1.20758e+11	-5.54694e+11
3.45e-10	4.72012e+11	-3.90391e+11	4.20016e+11	3.7586e+11	8.20463e+10	-5.04094e+11	5.25863e+11	-1.56296e+11	7.60146e+11	2.16192e+11	1.79372e+11	-5.58603e+11
3.5e-10	4.22988e+11	-4.69234e+11	1.27783e+11	6.64254e+11	7.79306e+11	-1.95458e+11	2.82801e+11	-5.28877e+11	1.04004e+11	2.16381e+11	5.47174e+11	-7.66905e+10
3.55e-10	4.88888e+11	-4.75168e+11	-2.98093e+11	7.49768e+11	8.76666e+11	2.79041e+11	5.31917e+11	-6.21299e+11	-3.59547e+11	3.0487e+11	7.82058e+11	7.83439e+10
3.6e-10	5.19045e+11	-8.28956e+10	-7.82713e+11	6.74107e+11	1.24765e+11	8.1285e+11	5.77096e+11	-4.04631e+11	-7.59353e+11	3.67664e+11	5.666e+11	5.584e+11
3.65e-10	6.01845e+11	3.20368e+11	-7.27413e+11	4.9689e+11	-2.86052e+11	4.91223e+11	4.17526e+11	2.60621e+11	-5.59421e+11	3.08315e+11	-1.26006e+11	4.97649e+11
3.7e-10	3.94522e+11	6.31509e+11	-9.12789e+10	4.00694e+11	-4.26942e+11	1.8925e+11	4.78194e+11	6.39115e+11	-2.81055e+11	3.59188e+11	-6.67329e+11	4.43879e+11
3.75e-10	4.71208e+11	7.04788e+11	-3.17981e+10	3.32682e+11	-4.86068e+11	-1.66317e+11	3.75315e+11	3.39048e+11	4.79648e+11	2.87844e+11	-5.43812e+11	-2.43564e+11
3.8e-10	6.10904e+11	2.76858e+11	7.75613e+11	5.26223e+11	-3.77039e+11	-5.91685e+11	3.86462e+11	2.764e+11	4.85915e+11	2.24556e+11	-1.81312e+11	-3.59296e+11
3.85e-10	4.31923e+11	-3.73769e+11	4.56855e+11	7.10501e+11	4.09352e+11	-6.45454e+11	4.44151e+11	3.06299e+10	7.03447e+11	3.02151e+11	6.81397e+10	-5.24724e+11
3.9e-10	4.7512e+11	-6.96061e+11	-1.23296e+11	5.17514e+11	7.58495e+11	8.4947e+10	4.06574e+11	-4.79064e+11	2.45555e+11	2.53017e+11	4.36135e+11	-2.00828e+11
3.95e-10	4.68347e+11	-5.02229e+11	-2.753e+11	6.63712e+11	7.44945e+11	3.1068e+11	4.35841e+11	-6.4862e+11	-3.48063e+11	2.31735e+11	4.40522e+11	2.1921e+11
4e-10	7.16673e+11	2.01183e+11	-8.60309e+11	6.78527e+11	2.39524e+11	7.40392e+11	4.93985e+11	-4.84331e+11	-4.9426e+11	2.72593e+11	2.87124e+11	5.59027e+11
4.05e-10	4.73254e+11	4.92294e+11	-2.636e+11	6.66576e+11	-6.12865e+11	5.00688e+11	5.59084e+11	2.95768e+11	-8.51887e+11	2.7301e+11	-3.11418e+11	5.20207e+11
4.1e-10	6.83942e+11	7.34184e+11	1.78895e+11	5.81529e+11	-6.10485e+11	2.50027e+11	3.281e+11	5.30259e+11	-2.84822e+11	1.72365e+11	-3.02035e+11	1.24075e+11
4.15e-10	4.86944e+11	3.89209e+11	4.40158e+11	6.49273e+11	-4.37176e+11	-6.00375e+11	5.95562e+11	6.95293e+11	4.96039e+11	2.9371e+11	-5.09982e+11	-1.83462e+11
4.2e-10	5.21051e+11	2.48387e+11	6.242e+11	5.72511e+11	-2.26703e+09	-6.07883e+11	6.49469e+11	1.08018e+11	7.09568e+11	2.51534e+11	-8.2944e+09	-4.93833e+11
4.25e-10	3.98898e+11	-3.30705e+11	4.38612e+11	5.88907e+11	3.99364e+11	-5.56059e+11	5.44919e+11	-7.14387e+11	4.42248e+11	3.33253e+11	4.98334e+11	-5.6016e+11
4.3e-10	4.82553e+11	-6.25561e+11	1.77478e+11	6.15213e+11	6.82911e+11	-6.41873e+09	5.2444e+11	-7.66368e+11	1.70287e+11	2.34804e+11	5.24015e+11	-3.67664e+10
4.35e-10	5.32321e+11	-4.55532e+11	-5.66632e+11	5.57945e+11	4.27898e+11	5.17948e+11	3.54901e+11	-4.70039e+11	-1.66495e+11	1.71199e+11	2.75273e+11	2.05512e+11
4.4e-10	6.26158e+11	-7.69505e+09	-7.74436e+11	4.55515e+11	1.40577e+10	6.40527e+11	5.6854e+11	-3.06717e+11	-6.70543e+11	3.07305e+11	1.27915e+11	6.3337e+11
4.45e-10	4.77506e+11	4.16708e+11	-3.73972e+11	3.97521e+11	-5.33882e+11	1.02532e+11	5.65819e+11	5.47899e+11	-6.52201e+11	3.01946e+11	-1.90052e+10	6.37305e+11
4.5e-10	5.36752e+11	7.47199e+11	1.19893e+11	6.38614e+11	-7.03895e+11	-8.2486e+10	3.7547e+11	5.9641e+11	-5.44424e+10	3.02115e+11	-4.63428e+11	3.47236e+11
4.55e-10	5.3425e+11	5.00609e+11	4.98517e+11	6.60632e+11	-3.30781e+11	-7.39821e+11	5.4155e+11	6.30362e+11	4.35443e+11	2.60213e+11	-4.15678e+11	-2.51293e+11
4.6e-10	6.20331e+11	4.83982e+10	8.13578e+11	6.42723e+11	1.44851e+11	-7.2837e+11	5.84552e+11	1.51001e+11	9.25094e+11	3.48572e+11	-2.95467e+11	-7.93411e+11
4.65e-10	5.29422e+11	-4.59736e+11	4.29774e+11	4.07832e+11	4.97298e+11	-1.92015e+11	5.29963e+11	-6.05696e+11	5.33069e+11	2.09808e+11	2.80242e+11	-4.03665e+11
4.7e-10	6.25542e+11	-7.26064e+11	-1.54217e+11	7.46205e+11	9.15901e+11	-9.95575e+10	3.73629e+11	-6.2922e+11	2.42866e+10	3.12188e+11	7.32848e+11	1.99334e+10
4.75e-10	5.04303e+11	-3.21976e+11	-5.09698e+11	4.68398e+11	5.19728e+11	3.00675e+11	4.19895e+11	-3.87388e+11	-3.99486e+11	2.99045e+11	4.14152e+11	3.83232e+11
4.8e-10	4.60859e+11	1.44416e+11	-5.42459e+11	6.36474e+11	8.07685e+09	7.64148e+11	4.40221e+11	-1.9775e+10	-6.17574e+11	3.43963e+11	1.96403e+11	6.96215e+11
4.85e-10	4.62956e+11	4.49085e+11	-4.28249e+11	6.21343e+11	-5.62815e+11	3.93772e+11	5.30091e+11	4.84763e+11	-4.4572e+11	2.68495e+11	-5.12903e+11	2.96308e+11
4.9e-10	4.57297e+11	6.36675e+11	-8.26513e+10	5.36715e+11	-5.77394e+11	-2.96792e+11	5.12919e+11	6.98339e+11	3.28564e+11	3.10596e+11	-6.08075e+11	-3.19907e+11
4.95e-10	6.83271e+11	5.84187e+11	7.10224e+11	6.278e+11	-2.48106e+11	-6.65479e+11	4.88454e+11	3.82368e+11	5.27275e+11	3.32295e+11	-7.39265e+11	-2.39518e+11
5e-10	3.0066e+11	2.09865e+11	4.53976e+11	5.45044e+11	1.64419e+11	-7.01975e+11	4.14595e+11	8.50232e+10	6.50817e+11	3.52376e+11	2.62126e+10	-6.34152e+11
5.05e-10	5.2098e+11	-5.63098e+11	3.46882e+11	5.91104e+11	6.42271e+11	-3.76043e+11	2.86656e+11	-2.01417e+11	4.1128e+11	2.9508e+11	4.02188e+11	-6.22548e+11
5.1e-10	6.35757e+11	-7.77326e+11	-2.51408e+11	7.35981e+11	8.19016e+11	1.2874e+11	5.39331e+11	-7.75003e+11	-1.00336e+10	3.23044e+11	6.12256e+11	-5.66751e+10
5.15e-10	5.00845e+11	-1.74523e+11	-5.82429e+11	6.50353e+11	2.75715e+11	6.97218e+11	3.35116e+11	-1.72516e+11	-5.09759e+11	1.42369e+11	4.48191e+11	-3.13893e+10
5.2e-10	7.45515e+11	3.1696e+11	-8.63047e+11	5.03988e+11	-3.71808e+11	6.11362e+11	5.20222e+11	2.56944e+11	-7.33156e+11	2.13923e+11	6.56781e+09	5.86095e+11
5.25e-10	4.21834e+11	5.72801e+11	-3.12543e+11	4.54203e+11	-5.26808e+11	1.31548e+11	2.93006e+11	3.82913e+11	-3.02148e+11	2.21361e+11	-4.32383e+11	2.80922e+11
5.3e-10	4.06366e+11	6.00916e+11	6.54055e+10	6.247e+11	-7.06882e+11	-1.55204e+11	4.67722e+11	6.66955e+11	2.86787e+11	3.52128e+11	-8.62594e+11	-1.25092e+11
5.35e-10	4.63922e+11	5.09766e+11	3.43334e+11	2.76237e+11	-3.05513e+11	-3.07805e+11	2.57039e+11	1.69057e+11	4.38206e+11	3.37288e+11	-5.26222e+11	-4.93676e+11
5.4e-10	6.12606e+11	-1.38523e+11	7.52195e+11	5.12198e+11	1.98254e+10	-7.10092e+11	4.0722e+11	8.78939e+10	5.18736e+11	2.25773e+11	3.53841e+10	-4.30362e+11
5.45e-10	6.41652e+11	-7.22707e+11	5.24062e+11	6.19752e+11	5.13894e+11	-3.93252e+11	3.51386e+11	-4.57043e+11	2.78352e+11	2.89244e+11	6.20131e+11	-3.66106e+11
5.5e-10	3.82755e+11	-5.93017e+11	-7.29352e+10	7.23197e+11	7.58497e+11	2.75874e+11	4.89876e+11	-7.1922e+11	1.12792e+10	3.21838e+11	5.69837e+11	-2.03881e+11
5.55e-10	5.11836e+11	-2.68096e+11	-6.13808e+11	5.9683e+11	3.91943e+11	6.63616e+11	4.04397e+11	-3.39095e+11	-5.73869e+11	2.00217e+11	4.32134e+11	2.44957e+11
5.6e-10	5.67135e+11	2.52014e+11	-6.03305e+11	5.36406e+11	8.11307e+10	7.45759e+11	5.16445e+11	-7.31132e+10	-6.16651e+11	3.06897e+11	2.00899e+11	5.77805e+11
5.65e-10	5.65412e+11	4.85833e+11	-4.17167e+11	5.49395e+11	-5.71085e+11	4.04081e+11	2.54682e+11	3.56552e+11	-2.96142e+11	3.62601e+11	-2.97187e+11	5.83274e+11
5.7e-10	4.92718e+11	5.62031e+11	1.86178e+11	7.73574e+11	-7.84802e+11	-1.99095e+11	3.39723e+11	5.03022e+11	3.07585e+11	3.19272e+11	-5.58654e+11	1.18528e+11
5.75e-10	5.37664e+11	5.13814e+11	4.68438e+11	6.11725e+11	-4.20842e+11	-4.82133e+11	5.29441e+11	9.27279e+10	7.20964e+11	2.10781e+11	-5.12351e+11	-3.5262e+11
5.8e-10	6.09428e+11	4.67338e+10	6.88927e+11	6.1901e+11	2.21843e+11	-7.15744e+11	5.32456e+11	-3.80835e+11	7.41781e+11	2.18745e+11	1.38866e+11	-5.33481e+11
5.85e-10	4.0048e+11	-4.52312e+11	3.32157e+11	8.96521e+11	8.26286e+11	-4.94856e+11	3.62491e+11	-5.43038e+11	2.05093e+11	2.88591e+11	5.01951e+11	-4.14796e+11
5.9e-10	4.25847e+11	-6.57093e+11	-1.13736e+11	4.74923e+11	6.70752e+11	3.92563e+09	6.7036e+11	-6.09023e+11	-6.50595e+11	3.05171e+11	6.09905e+11	-2.02497e+11
5.95e-10	5.59995e+11	-1.37265e+11	-6.91224e+11	5.75278e+11	5.36057e+10	9.26314e+11	5.84963e+11	-2.91378e+11	-7.41761e+11	1.21667e+11	-4.96834e+10	4.98053e+11
6e-10	5.47259e+11	2.83091e+11	-6.67337e+11	6.55517e+11	-2.16008e+11	7.08676e+11	5.34955e+11	1.98664e+11	-6.86764e+11	2.34256e+11	1.88455e+11	5.23647e+11
6.05e-10	5.40305e+11	6.20674e+11	-1.20461e+11	4.87314e+11	-4.55468e+11	2.81889e+11	4.42649e+11	6.20821e+11	-3.03098e+11	3.00901e+11	-5.06126e+11	1.58725e+11
6.1e-10	6.19137e+11	5.34932e+11	5.15096e+11	6.70696e+11	-6.7194e+11	-6.9471e+11	5.47203e+11	8.38371e+11	1.487e+11	3.90607e+11	-7.95413e+11	-1.59389e+11
6.15e-10	6.22527e+11	3.14991e+11	7.3318e+11	5.3738e+11	-1.38512e+11	-5.68003e+11	3.38769e+11	1.22728e+11	5.58265e+11	2.92898e+11	-1.71249e+11	-5.7522e+11
6.2e-10	4.87554e+11	-6.22396e+11	3.09808e+11	6.77023e+11	1.72149e+11	-7.86661e+11	5.06162e+11	-4.46868e+10	7.13022e+11	2.22958e+11	-7.80523e+10	-4.81147e+11
6.25e-10	6.75951e+11	-7.43649e+11	4.75553e+10	7.16998e+11	8.11884e+11	-1.34721e+11	5.25579e+11	-6.57097e+11	2.75347e+10	3.84197e+11	8.2736e+11	-2.36296e+11
6.3e-10	5.85057e+11	-6.43356e+11	-3.82304e+11	6.75552e+11	5.0591e+11	4.81005e+11	5.50545e+11	-6.18572e+11	-3.74977e+11	3.4629e+11	5.04265e+11	4.77745e+11
6.35e-10	5.90295e+11	-2.13896e+10	-7.86025e+11	4.45411e+11	2.17481e+10	4.95216e+11	4.2212e+11	-2.66668e+11	-5.92376e+11	1.54971e+11	4.23476e+10	3.26152e+11
6.4e-10	4.63239e+11	3.18316e+11	-5.34846e+11	6.01518e+11	-4.23978e+11	5.59463e+11	5.11973e+11	2.50255e+11	-6.2349e+11	1.67359e+11	-1.97311e+11	4.03254e+11
6.45e-10	3.18002e+11	5.13034e+11	-4.3491e+10	6.87607e+11	-9.40929e+11	-1.60071e+11	5.41136e+11	6.88303e+11	-3.51984e+11	2.36039e+11	-5.28197e+11	1.08541e+11
6.5e-10	4.56699e+11	5.70631e+11	2.37532e+11	6.23958e+11	-3.53117e+11	-6.5194e+11	4.57416e+11	4.37593e+11	5.98461e+11	2.23015e+11	-3.61549e+11	-2.45619e+11
6.55e-10	5.71966e+11	9.20753e+10	7.30963e+11	5.62882e+11	-4.49863e+09	-7.57982e+11	3.19974e+11	7.16539e+10	4.88208e+11	2.24449e+11	1.52644e+11	-5.78259e+11
6.6e-10	4.52407e+11	-3.66699e+11	5.44999e+11	6.41776e+11	5.05004e+11	-5.60026e+11	2.79578e+11	-9.97939e+10	3.73737e+11	3.00853e+11	2.18552e+11	-5.93022e+11
6.65e-10	4.10557e+11	-5.33058e+11	1.25838e+10	5.39849e+11	6.94501e+11	-2.22269e+10	4.06945e+11	-5.16699e+11	1.61287e+11	1.59885e+11	3.3189e+11	-3.2465e+11
6.7e-10	5.83448e+11	-7.76468e+11	-2.35608e+11	5.85973e+11	7.36225e+11	3.83115e+11	4.14571e+11	-6.28994e+11	-3.48051e+11	3.32049e+11	5.27009e+11	4.47121e+11
6.75e-10	3.85978e+11	-1.34982e+11	-6.11411e+11	5.77681e+11	3.69109e+11	6.6167e+11	3.32132e+11	-2.27961e+11	-5.71788e+11	2.62272e+11	4.7783e+10	4.97249e+11
6.8e-10	5.31891e+11	4.26591e+11	-5.73769e+11	6.45336e+11	-4.24149e+11	7.32434e+11	4.85064e+11	3.88971e+11	-6.46116e+11	3.34477e+11	-1.43254e+11	7.04459e+11
6.85e-10	6.40297e+11	7.49597e+11	-2.48499e+11	6.89434e+11	-7.58776e+11	2.15612e+11	4.578e+11	6.30016e+11	-1.60597e+11	1.91372e+11	-3.9775e+11	8.94404e+10
6.9e-10	2.93576e+11	4.3251e+11	1.60676e+11	5.58357e+11	-5.61925e+11	-2.64859e+11	5.06951e+11	6.78162e+11	1.38811e+11	2.9861e+11	-7.13789e+11	1.32608e+11
6.95e-10	4.73111e+11	2.27256e+11	5.27568e+11	5.70621e+11	-5.92202e+11	-6.13762e+11	5.77169e+11	2.89654e+11	7.2973e+11	2.70233e+11	-9.97835e+10	-5.83907e+11
7e-10	5.00086e+11	-1.65735e+11	7.34342e+11	6.42102e+11	2.77722e+11	-7.64709e+11	5.73417e+11	4.67786e+10	9.87317e+11	2.79808e+11	2.38834e+11	-4.91532e+11
7.05e-10	4.83954e+11	-5.83906e+11	3.68488e+11	5.44199e+11	6.55726e+11	-3.33869e+11	5.34266e+11	-6.49401e+11	3.88111e+11	2.54371e+11	3.62103e+11	-3.68077e+11
7.1e-10	6.72957e+11	-8.00444e+11	-1.36646e+11	6.09315e+11	7.00342e+11	3.16295e+11	6.08279e+11	-8.50924e+11	-1.27141e+10	1.96316e+11	3.94638e+11	2.90734e+11
7.15e-10	5.8151e+11	-3.93132e+11	-7.1641e+11	5.60129e+11	2.76165e+11	6.18024e+11	3.60655e+11	-1.83453e+11	-4.52999e+11	1.90815e+11	2.4732e+11	2.9361e+11
7.2e-10	4.16157e+11	2.04914e+11	-5.10284e+11	5.25801e+11	-6.95662e+10	7.01194e+11	4.19933e+11	2.04025e+11	-5.42063e+11	3.02616e+11	7.10416e+10	6.5381e+11
7.25e-10	4.67872e+11	5.69336e+11	-2.98146e+11	4.96436e+11	-6.07783e+11	1.62792e+11	4.62769e+11	5.45662e+11	-3.30785e+11	3.38552e+11	-5.65709e+11	4.39217e+11
7.3e-10	4.71203e+11	7.21358e+11	3.46828e+11	6.19203e+11	-8.86808e+11	-1.28725e+11	4.1846e+11	6.35489e+11	7.92318e+10	2.99599e+11	-6.66195e+11	-2.86173e+11
7.35e-10	4.20237e+11	4.23135e+11	3.52399e+11	6.78084e+11	-4.28732e+11	-6.49306e+11	5.11928e+11	3.36701e+11	6.3011e+11	4.38325e+11	-3.95551e+11	-7.18587e+11
7.4e-10	6.09818e+11	-6.8681e+09	6.80942e+11	5.3215e+11	2.29656e+11	-5.5861e+11	4.56989e+11	-7.99019e+10	6.54461e+11	3.41788e+11	2.51061e+11	-6.47601e+11
7.45e-10	5.08903e+11	-4.81034e+11	4.81837e+11	6.14989e+11	7.37137e+11	-3.8123e+11	4.4243e+11	-5.95294e+11	3.28647e+11	2.13248e+11	2.94553e+11	-2.48869e+11
7.5e-10	6.38179e+11	-7.09739e+11	-3.86447e+11	6.17098e+11	5.48824e+11	4.38074e+11	4.71973e+11	-6.61876e+11	-1.39794e+11	2.80697e+11	6.07105e+11	6.8199e+10
7.55e-10	4.15605e+11	-5.38727e+10	-5.43951e+11	6.94913e+11	1.26541e+11	7.10495e+11	3.49019e+11	-1.28774e+11	-4.20179e+11	2.68349e+11	2.62693e+11	5.93229e+11
7.6e-10	4.22394e+11	1.661e+11	-6.0331e+11	5.8448e+11	-3.20476e+11	6.53943e+11	4.25444e+11	2.66218e+11	-6.05656e+11	2.90494e+11	1.73102e+11	7.244e+11
7.65e-10	5.17501e+11	5.67435e+11	-3.43624e+11	5.40317e+11	-5.52325e+11	2.7723e+11	3.71033e+11	4.56312e+11	-3.68509e+11	3.3913e+11	-5.08203e+11	2.88115e+11
7.7e-10	6.30153e+11	6.85718e+11	2.17256e+11	7.1302e+11	-8.6446e+11	-3.13907e+11	4.19971e+11	5.14414e+11	3.49455e+11	2.033e+11	-4.24077e+11	-2.02649e+10
7.75e-10	5.81283e+11	2.25401e+11	7.5059e+11	6.7446e+11	-2.58753e+11	-7.11014e+11	3.28283e+11	8.85836e+10	4.32672e+11	3.37168e+11	-1.3783e+11	-5.77987e+11
7.8e-10	6.25715e+11	-3.38706e+11	7.59644e+11	5.72561e+11	1.91619e+11	-6.78363e+11	6.29622e+11	-5.37028e+11	6.95118e+11	3.95188e+11	1.77822e+11	-6.85879e+11
7.85e-10	5.02894e+11	-6.12344e+11	3.13199e+11	3.86385e+11	4.27532e+11	-2.90252e+11	5.20761e+11	-6.44799e+11	2.36721e+11	4.05339e+11	6.02541e+11	-3.36904e+11
7.9e-10	4.94426e+11	-6.12842e+11	-5.27003e+11	5.38155e+11	6.15488e+11	1.27186e+11	4.75533e+11	-6.09172e+11	-2.43745e+11	2.51909e+11	6.2717e+11	-2.04654e+11
7.95e-10	6.64117e+11	-4.47097e+10	-8.51684e+11	4.99314e+11	1.92629e+11	5.6302e+11	6.21329e+11	-3.81273e+11	-7.21394e+11	2.67587e+11	4.42334e+11	3.68515e+11
8e-10	7.33542e+11	4.91611e+11	-7.38226e+11	7.72917e+11	-6.77047e+11	5.60479e+11	4.66029e+11	1.49341e+11	-6.17996e+11	2.66859e+11	-4.07085e+11	5.08506e+11
8.05e-10	5.60044e+11	5.73826e+11	-2.18083e+11	5.74842e+11	-6.68504e+11	5.26301e+11	3.8653e+11	5.01496e+11	-3.44929e+11	2.5247e+11	-5.03324e+11	1.18613e+11
8.1e-10	6.39145e+11	5.83434e+11	4.8324e+11	7.47402e+11	-6.15167e+11	-4.71296e+11	4.78833e+11	6.26215e+11	2.93386e+11	2.70255e+11	-6.77047e+11	-1.07484e+11
8.15e-10	5.05448e+11	3.30648e+11	5.65826e+11	7.70859e+11	-2.06804e+11	-8.56703e+11	4.84679e+11	2.13381e+11	7.01598e+11	2.16125e+11	-3.2392e+11	-3.80767e+11
8.2e-10	6.03902e+11	-6.84952e+11	4.70891e+11	6.46918e+11	3.47621e+11	-6.69417e+11	4.28865e+11	-1.83462e+11	6.57334e+11	3.03497e+11	3.87365e+11	-5.71918e+11
8.25e-10	5.88819e+11	-6.4132e+11	1.88231e+11	4.57877e+11	6.21748e+11	-1.98233e+11	6.29351e+11	-7.62151e+11	2.01193e+11	3.54062e+11	6.55636e+11	-2.15883e+11
8.3e-10	6.75361e+11	-4.82564e+11	-5.18594e+11	4.82938e+11	5.42224e+11	2.52364e+11	5.8515e+11	-5.75112e+11	-6.33646e+11	3.39579e+11	5.48093e+11	3.12224e+11
8.35e-10	8.2353e+11	-1.33679e+11	-8.22876e+11	7.30931e+11	-7.69992e+10	8.13382e+11	5.07759e+11	-4.88557e+10	-7.72201e+11	3.72314e+11	2.33795e+11	7.20239e+11
8.4e-10	4.18727e+11	1.81431e+11	-5.32354e+11	5.64539e+11	-3.13838e+11	4.96856e+11	5.62109e+11	6.94325e+11	-4.71717e+11	2.17251e+11	-1.68499e+11	4.27725e+11
8.45e-10	4.64196e+11	7.68222e+11	1.35432e+11	8.81174e+11	-8.84877e+11	1.92625e+11	4.33905e+11	5.10687e+11	-1.33769e+11	2.71311e+11	-7.01486e+11	6.00503e+08
8.5e-10	4.33441e+11	5.44176e+11	3.45854e+11	4.80816e+11	-4.15732e+11	-3.22327e+11	5.76116e+11	5.71109e+11	3.88247e+11	2.91873e+11	-4.27814e+11	-3.18118e+11
8.55e-10	4.88108e+11	-2.04665e+11	6.44151e+11	4.8897e+11	-5.0477e+10	-6.7784e+11	6.78508e+11	1.62465e+11	7.96872e+11	3.64291e+11	8.33328e+09	-5.30382e+11
8.6e-10	6.00602e+11	-6.88604e+11	3.68555e+11	6.6321e+11	7.1887e+11	-3.57073e+11	6.14088e+11	-7.31691e+11	6.08155e+11	2.99713e+11	1.89611e+11	-5.74737e+11
8.65e-10	3.88558e+11	-4.91627e+11	-3.35405e+11	6.66726e+11	7.0311e+11	-1.34716e+10	4.7753e+11	-6.31296e+11	-1.77995e+11	2.31727e+11	4.65804e+11	-1.1854e+11
8.7e-10	5.78439e+11	-2.97381e+11	-6.27238e+11	5.30476e+11	5.52468e+11	3.91099e+11	4.53155e+11	-6.28382e+11	-2.84195e+11	1.75387e+11	3.89412e+11	1.82802e+11
8.75e-10	6.54619e+11	3.10005e+11	-7.21808e+11	4.88406e+11	-1.16199e+11	6.45499e+11	3.58565e+11	-2.06347e+11	-6.12513e+11	1.0546e+11	-1.12685e+10	1.7676e+11
8.8e-10	6.80776e+11	5.78134e+11	-3.6819e+11	6.88956e+11	-6.06277e+11	2.7397e+11	3.05099e+11	4.29452e+11	-3.74091e+11	3.05983e+11	-3.46872e+11	5.06832e+11
8.85e-10	6.26964e+11	7.44343e+11	2.51369e+11	6.3266e+11	-5.38897e+11	-5.7328e+11	5.83551e+11	6.65092e+11	3.83283e+11	2.88955e+11	-6.25714e+11	-1.44638e+11
8.9e-10	5.92876e+11	4.20319e+11	5.448e+11	5.67061e+11	-4.63931e+11	-5.18658e+11	6.71646e+11	2.35089e+11	6.94567e+11	1.23445e+11	-2.85806e+11	-1.83336e+11
8.95e-10	2.98223e+11	2.20614e+10	4.517e+11	5.53742e+11	2.92233e+11	-5.7089e+11	5.44189e+11	-2.0089e+11	7.53172e+11	3.41345e+11	2.77261e+11	-6.25951e+11
9e-10	4.18617e+11	-5.49612e+11	2.24801e+11	6.62166e+11	6.59856e+11	-3.41689e+11	4.23201e+11	-5.05857e+11	4.03902e+11	2.73758e+11	3.64356e+11	-1.56465e+11
9.05e-10	4.61838e+11	-6.2416e+11	-1.15819e+11	5.49118e+11	6.694e+11	3.39055e+11	6.0012e+11	-7.22246e+11	-4.59115e+11	3.52124e+11	6.26699e+11	2.60287e+11
9.1e-10	4.11349e+11	2.48848e+10	-6.84305e+11	5.62333e+11	3.23932e+11	6.00984e+11	4.77837e+11	-4.1032e+11	-4.41032e+11	2.47038e+11	5.35184e+11	2.29536e+11
9.15e-10	3.87568e+11	4.17865e+10	-5.08528e+11	6.06448e+11	-8.61031e+10	7.09227e+11	3.39269e+11	2.09886e+11	-4.02603e+11	2.04576e+11	-2.74453e+11	5.03082e+11
9.2e-10	4.7225e+11	6.55947e+11	-2.74871e+11	6.17229e+11	-5.14125e+11	6.76524e+11	5.71019e+11	5.55754e+11	-6.61537e+11	3.18852e+11	-3.30267e+11	4.90147e+11
9.25e-10	3.80156e+11	3.19622e+11	3.32881e+11	3.85258e+11	-4.81847e+11	-2.93445e+11	4.06068e+11	6.71132e+11	-4.00914e+10	3.76505e+11	-6.68316e+11	3.49479e+10
9.3e-10	7.1206e+11	1.17256e+11	6.70466e+11	5.25332e+11	-1.54435e+11	-7.05125e+11	2.72126e+11	1.95359e+11	3.49907e+11	3.80565e+11	-1.76482e+11	-6.77835e+11
9.35e-10	8.00119e+11	-5.02547e+11	7.9189e+11	5.69763e+11	3.63328e+11	-4.68923e+11	4.37322e+11	-7.44341e+10	7.22416e+11	7.58611e+10	1.11479e+11	-1.80084e+11
9.4e-10	5.41537e+11	-6.71378e+11	4.82135e+10	7.59916e+11	6.63259e+11	-1.56824e+10	5.67506e+11	-8.37907e+11	2.10718e+11	1.93512e+11	4.19609e+11	-1.43552e+10
9.45e-10	4.5518e+11	-3.24669e+11	-4.12214e+11	5.74341e+11	6.76473e+11	-6.93096e+10	5.06081e+11	-6.22604e+11	-3.84104e+11	2.72873e+11	6.41445e+11	1.30196e+11
9.5e-10	8.57517e+11	-2.18951e+11	-8.25289e+11	6.21373e+11	3.30119e+11	7.26395e+11	4.14129e+11	1.37328e+11	-5.80576e+11	2.28859e+11	5.86977e+10	4.59582e+11
9.55e-10	6.28156e+11	6.57893e+11	-3.79839e+11	9.1304e+11	-7.26722e+11	6.20665e+11	7.03365e+11	5.93245e+11	-6.70817e+11	4.23849e+11	-6.29779e+11	6.31463e+11
9.6e-10	6.09363e+11	8.17026e+11	1.88939e+10	7.21019e+11	-7.05503e+11	-3.35288e+11	5.24712e+11	7.37881e+11	-8.698e+10	3.89231e+11	-5.89216e+11	5.87153e+10
9.65e-10	5.09619e+11	6.49693e+11	4.5879e+11	5.74342e+11	-4.51996e+11	-4.18574e+11	4.74666e+11	3.97408e+11	4.36402e+11	3.26048e+11	-5.48461e+11	-2.98315e+11
9.7e-10	4.89833e+11	5.03525e+10	6.3186e+11	7.04141e+11	6.30946e+10	-7.52236e+11	6.41735e+11	-1.44538e+11	6.85039e+11	3.31343e+11	1.11873e+11	-6.8303e+11
9.75e-10	6.96813e+11	-8.22988e+11	4.035e+11	6.18852e+11	5.47566e+11	-4.18011e+11	5.24597e+11	-3.64291e+11	5.77618e+11	3.27876e+11	4.48672e+11	-5.63772e+11
9.8e-10	5.84403e+11	-5.46881e+11	-6.42796e+11	6.57714e+11	7.28826e+11	2.27673e+11	5.12311e+11	-7.67653e+11	-5.50859e+10	2.98724e+11	5.54941e+11	2.11746e+11
9.85e-10	5.4847e+11	-1.12526e+11	-7.06875e+11	6.74809e+11	3.54853e+11	6.68047e+11	3.83095e+11	-2.70735e+11	-6.49751e+11	2.30077e+11	3.27977e+11	4.64055e+11
9.9e-10	5.75112e+11	5.38399e+11	-3.75294e+11	6.20622e+11	-3.02109e+11	7.74412e+11	5.4637e+11	1.87422e+11	-7.55449e+11	2.08534e+11	8.6171e+10	5.79781e+11
9.95e-10	7.74708e+11	8.14025e+11	-1.16528e+11	5.22326e+11	-5.64709e+11	4.21483e+10	3.03145e+11	4.26113e+11	-7.43499e+10	2.24658e+11	-5.47541e+11	2.43593e+11
1e-09	6.79542e+11	5.8124e+11	5.85268e+11	5.94119e+11	-5.9591e+11	-2.64636e+11	3.98112e+11	4.82716e+11	4.21512e+11	3.20021e+11	-6.43763e+11	-1.27847e+11
