Tue Oct 15 17:58:44 2024

<base> : Rectangle : 0m, 0m, 0m; 1um, 50nm, 5nm. Cells : 200, 10, 1. Cellsize : 5nm, 5nm, 5nm
<supermesh> : Rectangle : 0m, 0m, 0m; 1um, 50nm, 5nm. Cells : 200, 10, 1. Cellsize : 5nm, 5nm, 5nm

Saved data (dataname (unit) <meshname> (cells_rectangle)) : 

time (s)	<mxdmdt> (1/s) <base> (200nm, 0m, 0m; 210nm, 50nm, 5nm)			<mxdmdt> (1/s) <base> (400nm, 0m, 0m; 410nm, 50nm, 5nm)			<mxdmdt> (1/s) <base> (600nm, 0m, 0m; 610nm, 50nm, 5nm)			<mxdmdt> (1/s) <base> (800nm, 0m, 0m; 810nm, 50nm, 5nm)			

0	145402	773245	-98602.4	-157629	-1.16784e+06	-150256	-3898.34	-190198	-113606	52378.3	139844	1.07705e+06
5e-12	-7.57231e+08	3.6092e+10	2.24559e+11	-3.91325e+10	-6.07239e+10	-1.85053e+11	-2.71354e+09	-2.06009e+11	-3.55446e+11	-2.846e+09	-1.07232e+09	7.00385e+09
1e-11	3.87026e+10	3.35202e+11	-2.12758e+11	-1.31698e+10	2.00937e+11	5.86462e+09	-1.78423e+09	7.87968e+10	-9.5444e+10	1.36816e+10	2.907e+10	-3.33294e+10
1.5e-11	-8.70894e+09	-1.44669e+11	1.01178e+11	1.71742e+10	-2.0522e+11	-1.63418e+11	-1.17729e+10	-1.60467e+10	-1.81101e+11	-1.4638e+09	-1.93622e+11	-5.43606e+10
2e-11	8.19447e+09	-1.74274e+11	-1.42835e+11	7.14337e+09	-1.99077e+11	-5.61552e+10	-4.09688e+09	2.58245e+11	1.05689e+11	1.01756e+10	-2.0772e+11	7.80056e+10
2.5e-11	7.14489e+09	-7.87985e+10	8.41279e+10	-9.9029e+09	-1.18018e+11	-1.60694e+11	-1.46484e+10	2.2475e+11	-5.22222e+09	-1.0432e+10	-1.48242e+11	2.48901e+10
3e-11	-6.58688e+09	2.57814e+11	1.1917e+11	-4.08982e+09	1.70213e+10	1.10488e+11	-1.31539e+10	1.21117e+11	-1.79795e+11	-6.66246e+09	8.27702e+10	-2.2079e+10
3.5e-11	1.03937e+10	-2.70515e+11	1.09726e+11	-4.94721e+09	-1.61685e+09	-2.73133e+10	3.9398e+09	4.05784e+11	2.62003e+09	-3.32005e+09	2.18646e+11	4.95482e+10
4e-11	-1.27388e+10	1.43441e+11	-1.17276e+11	-1.76526e+10	-8.88298e+10	2.04416e+11	-1.21577e+10	7.92841e+10	3.52847e+10	1.34226e+10	-6.5576e+10	-1.37737e+11
4.5e-11	-2.25203e+10	-1.91734e+11	-1.5345e+11	3.23965e+10	2.91884e+11	-1.40549e+10	-1.14117e+10	-2.02805e+11	-9.997e+10	1.21646e+10	1.88679e+11	-2.28349e+11
5e-11	1.06323e+10	-3.2661e+11	6.40592e+10	5.59907e+09	1.64183e+11	-4.30546e+10	1.46282e+10	-1.3698e+11	1.16814e+11	-1.73547e+10	-1.81167e+09	9.93194e+10
5.5e-11	-9.81777e+09	1.77159e+11	2.52643e+11	1.01749e+10	4.66173e+11	5.80432e+10	-8.06722e+08	-1.42651e+11	-1.49915e+11	-1.12841e+10	-1.77554e+11	2.85722e+10
6e-11	-1.735e+09	-5.39631e+10	3.73448e+11	2.11416e+10	1.25499e+11	-2.34246e+09	-4.49493e+09	2.02158e+11	5.60399e+10	4.12573e+09	2.77605e+11	-1.72747e+11
6.5e-11	2.31791e+10	-2.35758e+11	1.92667e+11	-1.15159e+10	-5.18166e+10	-3.1263e+10	-4.93028e+09	-2.40164e+10	4.24838e+10	1.754e+10	9.23419e+10	1.13144e+11
7e-11	-5.74625e+09	-1.95325e+11	-2.0744e+11	-2.80817e+09	-1.02308e+11	2.12138e+11	-3.81706e+09	-7.68356e+10	-1.4394e+11	-5.25856e+09	1.02994e+11	-2.18601e+11
7.5e-11	2.17647e+10	-1.8148e+11	1.18703e+11	1.55442e+10	-9.00758e+10	1.13583e+11	6.17349e+06	-7.85841e+10	-2.41841e+11	3.35598e+09	1.79289e+11	8.35779e+10
8e-11	2.7134e+09	7.41722e+10	9.84569e+10	1.73886e+10	-2.68425e+10	3.16938e+11	-1.80188e+10	1.94621e+10	-6.13179e+10	-4.4776e+09	6.1637e+10	1.32187e+11
8.5e-11	1.07267e+10	-5.20458e+10	2.03642e+11	2.60267e+10	2.06189e+11	1.29415e+11	2.7747e+10	1.75241e+11	-1.71464e+11	1.96475e+10	-1.73114e+11	2.53167e+11
9e-11	4.3981e+10	4.24141e+10	3.35277e+11	-1.84392e+10	9.46066e+10	2.22114e+11	-1.55275e+10	1.51344e+11	1.35588e+11	-3.38685e+10	1.04788e+11	-1.30422e+11
9.5e-11	-2.98578e+09	-1.66033e+10	-6.57201e+10	2.38868e+09	2.10344e+11	2.40477e+10	8.57815e+09	1.08578e+11	-2.68647e+11	1.97405e+10	-3.79026e+10	2.2974e+11
1e-10	2.36114e+10	1.41017e+11	-2.08424e+11	-1.69673e+10	-2.02068e+11	1.47316e+11	-3.22718e+09	-7.72213e+10	-7.02743e+08	-7.40315e+09	-2.02102e+11	-9.97592e+09
1.05e-10	-7.77074e+09	7.076e+10	-1.24499e+11	-4.07467e+09	1.65573e+11	-7.15137e+10	-1.00512e+10	3.52132e+11	-1.71517e+11	2.5607e+10	-1.99154e+11	3.86563e+11
1.1e-10	6.99707e+09	3.19331e+08	2.96118e+11	9.43878e+09	-1.59886e+11	3.60465e+09	5.2525e+09	2.68082e+11	3.27816e+11	3.02345e+10	2.27402e+11	5.37354e+10
1.15e-10	3.37158e+10	1.81586e+11	-2.70064e+11	2.94235e+10	-2.89981e+11	9.49001e+10	-3.29516e+10	8.88523e+10	-2.05318e+11	-4.07966e+10	-1.57886e+11	3.57242e+11
1.2e-10	-7.98033e+09	2.44323e+11	-1.09066e+11	3.59652e+10	-4.53555e+11	1.05199e+11	-1.61314e+10	-1.57636e+11	-4.61165e+10	1.18581e+10	1.50167e+11	3.73246e+10
1.25e-10	-2.15741e+10	-4.02964e+10	-1.60592e+11	6.75747e+09	3.71244e+10	-5.50837e+10	-3.43946e+10	-1.60323e+11	-1.19741e+11	-2.12351e+10	-7.15349e+10	-8.91315e+10
1.3e-10	3.43079e+10	3.29325e+11	2.60419e+11	1.35568e+10	-1.11295e+11	-2.8042e+11	4.62202e+09	1.03625e+11	2.17074e+11	2.22926e+10	2.33176e+11	-1.93726e+11
1.35e-10	-1.12232e+10	-1.23884e+11	-2.98245e+09	-1.49323e+10	-5.72457e+10	7.61566e+09	-7.32167e+09	2.07265e+11	1.61432e+11	1.05175e+10	-1.83342e+11	-4.63288e+10
1.4e-10	9.86428e+09	1.34952e+11	-1.36046e+11	2.6806e+10	-3.05956e+11	5.50966e+10	-1.06684e+10	6.77816e+09	-2.35973e+09	3.22713e+09	9.2551e+10	1.0128e+11
1.45e-10	4.7302e+10	2.77478e+11	-1.51232e+11	2.3167e+09	3.09598e+10	-1.18917e+11	1.00772e+09	9.78632e+10	1.18529e+11	-1.25461e+10	1.34524e+11	1.19548e+10
1.5e-10	1.08273e+10	1.88581e+11	8.6319e+10	-8.89961e+09	1.76743e+11	6.07498e+10	7.68311e+09	-3.34151e+11	-1.04257e+11	-5.82805e+09	1.38644e+11	2.52776e+10
1.55e-10	6.38206e+09	1.01454e+11	4.33783e+09	-1.48913e+10	-1.58897e+11	2.20079e+11	-1.15817e+10	-8.46683e+10	1.03127e+11	1.7968e+10	2.23319e+11	-1.20309e+11
1.6e-10	3.50019e+10	-2.54611e+11	-2.88958e+11	4.54332e+09	-7.94231e+08	1.15449e+11	-1.15565e+10	1.51747e+10	1.15314e+11	2.22219e+10	2.6407e+10	-2.01452e+11
1.65e-10	-2.4128e+10	-2.03184e+11	1.04156e+11	-1.80325e+10	-8.09532e+10	-9.01085e+10	-1.74477e+10	-1.08984e+10	-9.68306e+10	-5.08659e+09	2.885e+11	1.51396e+11
1.7e-10	3.8557e+09	1.67199e+11	-1.6952e+11	2.66577e+10	-1.38237e+11	1.63602e+11	8.90663e+09	4.4854e+10	-1.35178e+10	1.59884e+08	2.02436e+11	-6.28993e+10
1.75e-10	-5.60089e+08	2.05609e+11	-2.26715e+11	-4.89425e+09	4.58546e+09	-1.10639e+11	4.45252e+09	6.301e+10	9.86659e+10	5.6736e+10	-1.30826e+11	-5.02209e+11
1.8e-10	2.25964e+10	-1.10772e+11	-1.38812e+11	-1.16793e+10	-7.15078e+10	5.86447e+10	-9.22038e+09	-9.88439e+10	-4.87988e+10	5.00937e+10	-1.5713e+11	-1.71678e+11
1.85e-10	4.0196e+10	-2.38203e+11	-1.99388e+11	1.11922e+09	-5.27886e+09	7.37027e+10	-1.99612e+09	2.26567e+11	-4.26062e+11	1.03528e+10	-2.93022e+10	-3.98416e+10
1.9e-10	2.22526e+10	-1.24e+11	-1.75406e+11	-3.46316e+09	-1.05846e+11	2.30961e+11	1.34414e+10	7.59875e+10	1.49114e+11	-1.03777e+10	4.98097e+09	-5.18734e+10
1.95e-10	2.97606e+10	-1.5618e+11	-8.21983e+10	1.67912e+09	1.11966e+11	1.68262e+10	1.23012e+10	1.35593e+11	-8.8951e+10	5.58674e+09	-1.21282e+11	2.53857e+11
2e-10	-6.34031e+09	-9.60333e+10	-8.4968e+10	8.94248e+09	7.91856e+10	1.23647e+11	-9.06163e+08	-1.3056e+10	-1.99436e+11	1.74333e+10	-3.39509e+11	4.10292e+10
2.05e-10	-1.66212e+10	1.07459e+11	-1.01991e+11	-9.69522e+09	1.34291e+11	6.82554e+10	1.96348e+10	1.59349e+11	-1.10465e+11	2.81375e+09	-6.17297e+10	1.08567e+11
2.1e-10	2.13091e+10	9.81487e+10	3.12936e+11	3.70222e+09	3.12331e+10	3.5394e+10	-1.35412e+10	-1.34865e+11	1.26059e+10	-1.01951e+10	1.5957e+11	8.13757e+10
2.15e-10	-1.11368e+09	2.26499e+11	-1.2266e+11	8.20707e+09	2.42922e+11	2.54328e+11	7.19123e+09	4.54592e+10	2.37839e+10	-1.23814e+10	-3.41085e+11	-6.27487e+10
2.2e-10	2.25587e+10	2.14811e+11	3.88472e+11	-2.15229e+10	-1.36135e+11	1.09673e+11	-2.64261e+10	1.47979e+11	-1.2053e+10	-1.23473e+10	-8.84438e+10	1.01579e+11
2.25e-10	5.96637e+09	-1.63141e+10	1.89694e+11	2.37448e+10	-2.16713e+11	-1.35018e+11	-2.87413e+10	2.94572e+11	9.70274e+10	-1.50164e+10	-8.5336e+10	1.13417e+11
2.3e-10	2.85808e+10	5.15167e+10	2.85574e+11	-2.46448e+10	1.63455e+11	8.96128e+10	-2.30198e+10	1.82109e+11	1.77124e+11	-1.46098e+10	-1.8574e+10	2.47701e+10
2.35e-10	1.46797e+09	-1.42412e+11	2.69271e+11	-1.40582e+09	1.00025e+11	-2.14707e+11	2.41002e+09	1.65423e+11	2.81182e+10	-6.07739e+08	1.64833e+11	1.34052e+11
2.4e-10	5.80127e+09	3.46285e+10	2.83705e+11	1.29433e+10	-2.09541e+11	-2.21975e+11	-1.66203e+09	1.4298e+11	9.07572e+10	2.00764e+10	7.48229e+10	1.72773e+11
2.45e-10	1.50855e+10	1.89124e+11	9.94226e+10	-5.37273e+09	4.78333e+10	-1.11044e+10	-9.59741e+08	-1.45839e+11	-1.72048e+11	-1.87116e+09	-4.56196e+09	4.38926e+10
2.5e-10	7.47059e+09	7.75061e+10	2.23373e+11	2.29674e+09	4.52837e+10	-5.74447e+10	-2.04465e+09	2.05998e+09	2.91275e+11	1.24138e+10	1.76606e+11	1.24702e+11
2.55e-10	6.2561e+10	4.41008e+11	1.46159e+11	-6.13147e+09	-1.07523e+11	-2.45188e+11	9.44417e+09	-4.6426e+10	-1.85409e+11	8.90753e+09	2.57826e+11	-6.39653e+10
2.6e-10	2.53087e+10	2.40426e+11	-1.34808e+11	9.96107e+08	1.41357e+11	8.54153e+10	6.98245e+09	-2.12504e+11	1.07912e+11	-1.08011e+10	1.37374e+11	-5.3011e+10
2.65e-10	-4.3789e+09	-1.73692e+10	-5.05342e+10	5.11789e+09	-2.23838e+11	8.88126e+10	2.03089e+10	-1.17159e+11	-3.3943e+10	-7.31991e+08	-1.04846e+11	-1.04083e+11
2.7e-10	7.12061e+08	1.73114e+11	9.26005e+10	1.16234e+09	6.38615e+10	-1.81179e+10	1.64269e+10	9.00388e+10	3.17778e+11	-1.77527e+10	-2.61115e+10	-1.23335e+11
2.75e-10	2.89536e+10	2.42214e+11	7.79004e+09	9.89475e+09	-1.53107e+11	-3.67082e+10	4.18024e+10	-4.26037e+11	7.06844e+10	1.60247e+10	2.47174e+11	-2.4637e+11
2.8e-10	1.1868e+10	1.20453e+11	-2.0317e+10	-1.60947e+09	-2.13279e+10	1.11941e+11	-9.93168e+09	-9.28175e+10	7.71123e+09	7.66761e+09	3.35535e+11	-1.22296e+10
2.85e-10	4.82899e+09	7.78761e+10	-5.27215e+10	3.23479e+08	-1.38931e+11	-5.12298e+10	-1.44002e+10	1.9967e+10	1.15034e+11	1.71503e+09	-3.27408e+10	-1.02665e+10
2.9e-10	8.70909e+09	-1.69534e+11	-3.44211e+10	4.15482e+10	-2.55011e+11	2.11559e+11	-2.612e+10	-1.05707e+11	1.66469e+10	1.76145e+10	-7.33027e+10	-4.56109e+11
2.95e-10	-6.36992e+09	1.83347e+10	-9.01612e+10	2.25485e+10	2.99336e+11	2.457e+11	-2.69902e+10	1.95978e+11	-1.87165e+11	-1.40639e+10	-7.34121e+10	1.99388e+11
3e-10	-4.22123e+09	1.22154e+11	1.19224e+11	-1.81124e+09	-2.03784e+11	1.60065e+11	-3.86121e+09	-2.6977e+09	-4.05682e+10	-8.53201e+09	-3.65934e+10	-1.33982e+11
3.05e-10	-2.20519e+09	6.13606e+10	-1.19858e+10	6.98189e+09	-1.24598e+11	9.80572e+10	-6.80042e+09	-7.80814e+10	-6.81815e+10	-1.62409e+10	9.03681e+10	-1.89043e+11
3.1e-10	1.57605e+10	1.92561e+11	-1.61702e+11	3.91981e+10	-1.98339e+11	-1.49474e+11	1.93597e+09	-1.21887e+11	1.07533e+11	-8.98336e+09	1.43313e+11	-3.76242e+09
3.15e-10	2.91731e+10	1.4771e+11	-2.02601e+11	-1.68973e+10	9.17561e+10	2.05117e+10	-3.43621e+09	-6.61935e+09	2.32622e+11	-1.5549e+10	-3.89192e+10	1.17637e+11
3.2e-10	7.78762e+09	-8.39491e+10	-7.90894e+10	-1.27971e+09	-1.86023e+11	3.47574e+10	1.51473e+10	2.87827e+09	1.36666e+11	-1.20508e+09	-1.41185e+11	-8.29483e+10
3.25e-10	-5.5393e+09	-1.11696e+11	6.98732e+10	8.15339e+09	-1.17333e+10	2.26071e+11	1.72975e+09	7.36678e+10	1.13202e+11	1.43521e+10	-3.78608e+10	9.59818e+09
3.3e-10	6.33816e+09	-1.7576e+11	-1.41739e+11	-2.24285e+10	-7.85709e+10	-2.41418e+11	4.17643e+09	-5.49982e+10	-1.15577e+10	-1.00199e+10	1.07846e+11	5.13675e+10
3.35e-10	9.87738e+09	-1.09495e+11	-1.76113e+11	-1.10976e+10	1.63638e+09	-1.27236e+11	-8.25974e+09	1.25621e+11	-7.72432e+10	1.09077e+10	4.52695e+10	-1.54646e+11
3.4e-10	1.14607e+10	-5.76404e+10	-2.36809e+11	-3.8171e+09	-1.7345e+11	-3.84015e+10	1.44852e+09	1.21018e+11	-6.1099e+10	2.18563e+10	-2.34071e+11	-7.79983e+10
3.45e-10	8.78008e+09	-2.09732e+11	5.07985e+10	1.70114e+10	-1.74434e+10	2.87264e+11	1.35726e+10	-4.69804e+10	-1.99928e+11	-4.52911e+09	-1.36385e+11	7.04539e+10
3.5e-10	2.50956e+10	-6.61536e+09	-2.02683e+11	-1.33783e+10	9.48461e+10	-7.99863e+10	-7.74267e+09	-1.35156e+11	1.05912e+11	-2.83313e+10	-2.09108e+10	2.47744e+11
3.55e-10	-4.44005e+10	2.17397e+11	-2.84492e+10	4.23824e+09	2.25467e+11	1.99492e+11	5.43618e+09	5.42089e+10	1.80932e+11	-5.56932e+09	-1.23225e+11	-1.68767e+10
3.6e-10	8.03301e+09	-2.29502e+11	-3.53632e+10	-1.88863e+09	-6.04534e+08	5.51908e+10	1.79232e+09	1.16483e+11	-1.03652e+11	-2.98663e+09	-2.76644e+11	7.01747e+09
3.65e-10	1.40257e+10	-1.13754e+11	-1.64645e+11	-7.41883e+09	-1.50113e+10	5.61308e+09	2.7708e+10	2.77054e+11	-9.54333e+10	-3.18751e+10	2.25868e+11	-1.11592e+11
3.7e-10	1.14654e+10	-2.78997e+11	9.23752e+10	-3.46129e+09	1.67163e+11	-6.4485e+10	-9.45036e+09	2.09305e+10	-1.21533e+11	8.54104e+09	-1.2396e+11	2.28642e+11
3.75e-10	-1.16126e+10	1.43926e+11	-1.67841e+10	-6.86404e+09	-9.97761e+10	-1.51952e+11	-2.23234e+10	-2.52068e+10	2.92806e+10	-1.5247e+10	4.67787e+10	-1.19866e+11
3.8e-10	2.91144e+09	-7.75538e+10	-1.08133e+11	-1.16941e+10	5.05422e+10	-8.92843e+10	-8.35086e+09	9.55677e+10	3.90096e+10	2.15658e+10	-1.29683e+11	-6.13554e+10
3.85e-10	-8.31974e+09	-1.35329e+11	-1.965e+11	5.40185e+09	-6.34619e+10	6.02673e+10	-1.21047e+10	-2.40944e+11	-2.01971e+10	-1.95466e+10	1.41936e+10	-9.51611e+10
3.9e-10	-1.20384e+10	1.22112e+11	6.9833e+10	1.55391e+10	3.89828e+11	8.70253e+10	-5.04968e+09	5.7992e+09	6.56972e+10	6.75597e+09	-1.04865e+11	2.66527e+11
3.95e-10	-7.87725e+09	1.4914e+11	2.01564e+11	3.44403e+09	5.51938e+10	-3.62642e+11	-8.38775e+09	-7.66878e+10	-6.91467e+10	1.04999e+10	-9.20234e+10	4.6826e+10
4e-10	2.35711e+10	-1.85144e+11	1.11921e+11	4.61045e+10	2.50036e+11	-1.75913e+11	-1.54546e+10	2.67548e+11	8.50513e+10	1.86776e+10	-3.11674e+11	2.09745e+11
4.05e-10	-3.5243e+09	2.63263e+09	1.19527e+11	2.53565e+10	1.38048e+11	-2.02232e+11	7.58567e+09	7.56274e+10	-2.17972e+11	-1.23012e+10	-2.25644e+10	2.41219e+11
4.1e-10	2.18411e+10	-3.99015e+10	2.78462e+11	1.09837e+10	1.23688e+11	2.12077e+10	-4.13124e+09	-7.69295e+10	2.16703e+11	1.35123e+10	3.68515e+11	-1.71654e+11
4.15e-10	8.90249e+10	-3.66921e+11	4.09635e+11	-1.25791e+09	-3.97204e+10	-2.30526e+10	3.51109e+10	-6.55629e+10	-2.24486e+11	3.94538e+08	-4.04957e+10	1.39114e+11
4.2e-10	3.02052e+10	-1.08591e+11	2.01763e+11	2.92078e+10	1.89964e+11	8.24624e+10	1.92286e+08	-9.93579e+10	1.96323e+10	1.37994e+10	1.32852e+11	1.13067e+11
4.25e-10	-2.86803e+09	-1.35067e+11	-1.06643e+11	7.71823e+09	4.82525e+10	7.34673e+10	3.02435e+10	-3.2932e+11	-2.40751e+11	-3.3436e+09	2.48888e+10	-6.93521e+10
4.3e-10	4.42385e+09	-3.57437e+10	2.06135e+11	-8.69579e+09	-2.29538e+10	-4.17707e+10	4.46781e+10	-6.65579e+10	-3.43903e+11	-1.84249e+09	-2.33228e+11	5.38197e+10
4.35e-10	7.85394e+09	-3.63737e+10	-1.96007e+11	-2.33082e+10	2.45828e+11	-4.35748e+11	-1.10501e+10	-3.76838e+10	9.54593e+10	-1.7091e+09	-2.06935e+10	-1.97392e+10
4.4e-10	1.31383e+10	1.42226e+11	-2.80246e+10	1.03375e+09	-2.15783e+11	1.11477e+11	2.87291e+10	1.5174e+11	-2.95336e+11	-3.87543e+08	-3.88919e+10	-2.41522e+10
4.45e-10	1.52967e+10	-9.47942e+10	-2.15473e+11	-6.94499e+09	-1.01427e+11	-5.53854e+10	-3.62566e+10	2.76134e+11	1.68484e+11	-1.24508e+09	-6.28837e+10	1.55884e+11
4.5e-10	-2.87909e+10	1.16903e+11	2.01713e+11	-1.04901e+10	8.72122e+09	7.66273e+10	-8.48043e+09	2.11031e+11	5.30693e+10	-3.56262e+08	1.54782e+10	-1.28056e+10
4.55e-10	-7.77767e+09	3.11969e+10	4.70472e+10	1.86802e+10	-1.41346e+11	-1.93804e+11	2.32364e+10	1.30403e+11	1.54131e+11	-4.3847e+09	-9.11095e+09	1.83894e+11
4.6e-10	1.08982e+10	9.47199e+10	-9.30028e+10	2.51642e+09	-1.54993e+11	1.38356e+10	5.22589e+09	-5.55853e+10	-9.43754e+10	-9.57391e+09	3.17247e+10	1.14954e+11
4.65e-10	3.15628e+09	9.82568e+09	-4.90051e+10	3.19371e+10	-4.13273e+11	2.15692e+10	1.71744e+10	3.31851e+11	-1.92251e+11	-3.07735e+10	-1.46518e+11	1.57555e+11
4.7e-10	-4.68802e+09	-9.2591e+10	-6.70041e+10	3.94259e+10	-2.375e+11	-3.28051e+11	-4.58849e+09	3.39837e+10	3.54617e+10	1.33551e+10	1.24895e+11	-2.52007e+11
4.75e-10	1.06724e+10	2.21046e+11	1.36061e+11	4.23874e+10	-3.61878e+11	4.77147e+10	-1.90628e+10	-6.09492e+10	-1.40551e+11	-9.69288e+09	4.33884e+10	1.31611e+10
4.8e-10	-2.96503e+10	-2.83767e+11	5.0071e+10	-2.20655e+10	1.30261e+11	4.91265e+10	-2.37034e+10	1.5251e+11	-3.52586e+10	-1.70605e+10	-8.35926e+10	-2.00733e+10
4.85e-10	-1.74007e+10	1.28599e+11	1.72226e+11	-2.87524e+09	-3.88125e+10	-1.10488e+10	2.46011e+10	7.76141e+10	3.0805e+11	3.31304e+09	-3.33594e+10	-1.60508e+11
4.9e-10	6.58919e+09	5.38951e+10	2.80156e+11	-7.97747e+09	3.68099e+10	-7.91623e+10	6.95149e+09	-3.03379e+11	1.66216e+11	1.29201e+10	-1.30276e+11	-2.1476e+11
4.95e-10	9.02075e+09	1.1e+10	-1.54858e+11	-4.2163e+09	3.17204e+10	4.09031e+10	2.22472e+08	-6.38618e+10	3.46152e+10	-3.96855e+09	4.95973e+10	-3.26155e+10
5e-10	-3.0188e+09	-2.58406e+10	-1.5826e+11	-2.12167e+10	1.54841e+11	5.38868e+10	9.19407e+08	-6.6949e+10	-4.47196e+09	4.07183e+07	-5.0245e+10	-1.3532e+11
5.05e-10	6.01807e+09	-4.23618e+10	-2.70145e+11	-2.44919e+10	1.4157e+11	-1.6889e+11	-5.92158e+09	-5.04464e+10	-7.61065e+10	-1.74614e+10	-2.32413e+10	-3.81926e+11
5.1e-10	6.69002e+09	-2.77836e+10	-1.0824e+11	-1.2327e+10	2.61017e+10	2.52753e+10	-4.89225e+09	-8.66584e+10	-6.23492e+10	-1.56126e+10	-9.75717e+10	-8.79932e+10
5.15e-10	1.29737e+10	-1.83264e+11	5.45871e+10	6.97097e+09	8.08754e+10	4.35814e+11	-1.27544e+10	-2.55233e+09	1.86336e+11	-1.32139e+09	-1.74159e+11	9.13858e+10
5.2e-10	2.02712e+10	-9.289e+10	-1.58354e+11	-5.52213e+09	1.14562e+11	1.79677e+11	7.18903e+09	5.76381e+10	1.02242e+11	-3.24678e+10	-2.42128e+11	-1.44407e+11
5.25e-10	-3.22006e+10	1.03242e+11	1.99773e+11	-1.26781e+10	9.53334e+10	-1.49378e+11	1.33453e+10	-3.3643e+10	-2.00004e+11	-1.42979e+10	5.22137e+10	-3.01728e+11
5.3e-10	-1.72073e+10	9.02686e+10	-1.75097e+11	-8.03544e+09	6.14583e+10	-1.61663e+11	-6.83835e+09	1.50169e+11	9.50474e+10	-8.52087e+09	1.40138e+11	-3.29197e+10
5.35e-10	4.22239e+09	4.75524e+10	2.24911e+10	4.19252e+10	3.0137e+11	4.11425e+11	6.67573e+09	6.40674e+10	1.19231e+11	-4.53077e+09	-9.13069e+10	1.44578e+10
5.4e-10	1.26206e+10	-2.55648e+11	2.14086e+11	1.83838e+09	7.8127e+10	4.96345e+10	-1.73857e+10	-1.68079e+11	-7.77047e+10	2.22464e+09	-8.09958e+10	1.52586e+11
5.45e-10	1.62161e+10	-2.77127e+10	1.22594e+11	-1.45405e+10	-5.39201e+10	-1.85683e+11	-2.31664e+10	-3.49887e+11	1.29013e+11	1.43803e+10	-1.42354e+11	7.9826e+10
5.5e-10	1.76021e+09	4.80889e+10	-9.59606e+10	-7.7578e+09	-2.18912e+11	1.17828e+11	-5.42027e+09	1.20308e+11	-1.95188e+11	1.06271e+10	-2.55568e+11	7.09545e+10
5.55e-10	-4.2795e+09	-4.06891e+10	5.29186e+10	-6.73668e+09	-3.55856e+11	-1.48856e+11	-1.24236e+10	6.75497e+10	1.66972e+11	1.18418e+10	4.63461e+10	1.50143e+11
5.6e-10	-1.9866e+10	1.25175e+11	-3.49172e+11	1.36051e+10	-1.41706e+10	-1.71342e+11	4.65749e+08	2.82908e+11	4.77285e+10	2.62588e+10	-5.7664e+10	3.04006e+11
5.65e-10	1.80479e+10	1.30804e+11	5.64535e+10	1.42089e+09	1.12428e+11	-8.71693e+10	-6.16716e+09	2.00924e+11	-1.05165e+11	-3.42901e+09	1.36587e+11	-7.12029e+10
5.7e-10	1.58293e+10	-2.36974e+11	1.15253e+11	1.32774e+10	2.65582e+11	-4.82373e+10	1.86364e+10	3.73179e+11	3.6306e+11	-1.90441e+10	5.58741e+10	3.7376e+11
5.75e-10	-6.15844e+09	-1.37343e+10	-4.83464e+10	-1.33482e+10	-1.4889e+11	-7.36508e+10	1.52452e+09	7.68403e+10	1.67936e+10	-1.61559e+10	-7.38545e+10	-5.6961e+10
5.8e-10	2.46022e+10	-5.24194e+10	2.0268e+11	-6.85328e+09	1.05033e+11	-2.81558e+10	4.51097e+09	9.28783e+08	2.32108e+10	2.77463e+10	2.29811e+11	4.65109e+10
5.85e-10	6.43804e+09	2.21447e+11	1.71037e+11	-2.96054e+10	2.12433e+11	-2.42616e+11	-9.16878e+09	-5.51812e+09	-7.13611e+10	-8.21294e+09	9.40435e+08	1.20018e+09
5.9e-10	-2.21544e+10	-1.27142e+11	-1.08634e+11	7.60733e+09	8.56278e+10	2.35849e+10	-1.1685e+10	1.53332e+11	-9.79959e+10	1.38026e+10	4.34986e+10	1.05041e+11
5.95e-10	5.90839e+09	2.26014e+11	-5.20422e+10	-1.52374e+10	7.68223e+10	-3.32563e+09	-2.30728e+10	2.84854e+11	-4.24324e+10	-4.13123e+09	-3.54992e+10	2.70546e+11
6e-10	4.20542e+09	4.52559e+10	1.08481e+11	-1.39221e+10	-1.09025e+11	2.614e+11	-7.44667e+09	-2.45395e+11	-1.17991e+11	-1.13327e+10	-5.80871e+10	-1.0882e+11
6.05e-10	2.13198e+10	-9.1264e+10	-3.57428e+11	1.24857e+10	-8.27617e+09	-1.61257e+11	-1.11137e+10	-6.98349e+10	9.19792e+10	3.1124e+10	3.84597e+11	1.37367e+11
6.1e-10	1.82946e+10	-5.17805e+09	-2.33764e+11	6.36136e+09	-2.22554e+11	-8.08521e+09	5.82197e+08	-9.22798e+10	-1.24115e+11	-6.72619e+09	1.40952e+09	-1.38064e+11
6.15e-10	3.97266e+10	-3.76706e+10	-2.47428e+11	-1.29421e+10	2.67264e+10	-1.333e+11	-1.05249e+10	-1.08406e+11	-1.66669e+11	-5.62554e+09	-1.50331e+11	-5.83978e+10
6.2e-10	1.95691e+10	-2.90899e+11	1.06514e+11	-6.32021e+09	-5.25275e+10	5.30985e+10	-9.51857e+09	7.89457e+09	-4.36195e+10	-1.61306e+10	2.11059e+10	-5.24457e+10
6.25e-10	-5.426e+09	-1.43857e+11	-5.56075e+10	2.03039e+09	9.78859e+10	3.58287e+10	-5.81237e+08	3.75877e+10	1.91015e+11	3.76472e+09	-9.53885e+10	-1.28899e+11
6.3e-10	1.5431e+09	-9.44898e+10	9.09645e+10	-8.1418e+09	5.21455e+10	-1.43839e+11	2.6131e+10	2.7691e+11	9.61464e+10	2.41825e+09	-5.1382e+10	2.25151e+11
6.35e-10	1.42157e+10	-1.43276e+10	2.61199e+11	4.26727e+08	-1.24353e+11	9.71802e+10	1.82749e+09	8.8188e+10	2.16799e+11	3.94459e+09	-3.52838e+10	-1.47702e+11
6.4e-10	2.95581e+10	2.34763e+11	2.58881e+11	2.54988e+09	-8.49579e+09	-1.03178e+11	-5.40046e+09	3.40104e+10	4.97176e+10	-2.24778e+10	8.72763e+10	1.34175e+11
6.45e-10	1.5831e+10	2.47699e+11	1.35384e+11	-1.37712e+10	-1.17781e+11	2.27723e+11	-1.07649e+10	-1.79847e+11	1.46644e+11	-2.44767e+09	6.70557e+10	5.33362e+10
6.5e-10	2.46451e+10	5.90671e+10	9.14664e+10	3.46505e+09	1.4521e+11	-9.09617e+10	-7.64278e+09	-1.66496e+11	7.90519e+10	-3.24125e+10	2.34075e+11	7.81095e+09
6.55e-10	-1.47751e+10	-1.1717e+11	-4.2752e+10	2.20071e+10	-1.34965e+11	-1.8754e+11	-2.09863e+08	-1.99238e+11	5.57625e+10	-2.96333e+09	-1.22925e+11	1.18758e+11
6.6e-10	1.55501e+09	2.21157e+11	-5.19708e+09	9.56176e+09	1.25944e+11	-8.96669e+10	2.25141e+10	-2.55926e+11	7.42011e+10	-5.33822e+09	-1.37668e+11	-2.32833e+10
6.65e-10	1.46296e+10	2.63147e+10	2.32436e+11	1.46653e+10	8.60751e+09	-8.68602e+10	-9.39417e+09	-1.5655e+11	-3.56281e+10	7.15545e+09	2.17973e+11	4.45698e+11
6.7e-10	-6.72235e+09	1.09724e+11	-2.81519e+11	9.92708e+09	-2.04631e+11	-5.36504e+10	2.3305e+09	-3.11638e+11	5.93415e+10	1.15328e+10	1.39453e+11	1.30112e+11
6.75e-10	-1.0976e+10	-9.50472e+10	4.30727e+10	-9.66193e+09	2.41038e+11	3.29067e+10	-1.08676e+09	-1.16389e+10	6.23401e+10	-2.75605e+10	-1.97946e+11	-1.66892e+11
6.8e-10	2.52184e+10	-9.92567e+10	1.6582e+11	-2.38088e+10	-1.06687e+11	-1.54138e+11	-1.40635e+10	-9.36243e+09	-1.01932e+11	4.08868e+10	4.8947e+11	2.75519e+10
6.85e-10	1.92942e+10	1.20172e+11	3.93778e+11	-1.0618e+09	3.6876e+10	-2.36479e+11	-3.55428e+10	6.74359e+10	-3.27934e+11	-1.82098e+10	-4.7962e+10	-2.71272e+11
6.9e-10	-1.62589e+10	5.14262e+10	1.71427e+11	3.54222e+09	3.71217e+10	9.29204e+10	1.17102e+10	-1.36735e+11	7.31073e+10	-3.3424e+09	8.92447e+10	2.20977e+10
6.95e-10	8.17728e+09	1.38508e+11	2.08111e+11	-1.85576e+10	-4.61044e+10	4.45582e+09	-5.67288e+09	2.59357e+10	-1.24211e+11	-5.68312e+09	2.29431e+11	-3.8832e+11
7e-10	3.54791e+10	2.86594e+11	-2.16e+11	-1.34534e+10	-2.6316e+10	7.96314e+10	9.45054e+09	-5.28937e+10	-2.34476e+11	-1.74703e+10	1.54817e+11	-1.77823e+11
7.05e-10	-5.34441e+09	-1.29888e+11	-6.25861e+09	2.35229e+10	-1.84037e+10	-1.61488e+11	-2.09372e+09	-5.12634e+10	1.87591e+11	5.27943e+09	1.65412e+11	1.84748e+11
7.1e-10	-1.50907e+10	-4.39859e+09	1.9072e+11	-1.2504e+10	-2.24145e+09	9.84652e+10	4.25849e+09	-1.15134e+11	-1.67705e+11	-1.01571e+09	-2.25851e+11	1.33912e+11
7.15e-10	2.17827e+10	2.01514e+11	-1.41519e+11	4.34534e+09	-1.80464e+11	-1.84348e+10	1.4228e+10	1.20459e+11	1.21473e+11	1.71812e+10	-1.82996e+11	-3.29315e+11
7.2e-10	-8.28887e+09	-5.29395e+10	-5.69484e+10	-1.1876e+10	-2.23267e+11	-1.67281e+11	-2.24403e+10	-2.15499e+11	7.34308e+10	-7.74443e+09	2.57215e+11	-1.58778e+11
7.25e-10	-2.73474e+09	7.90826e+09	1.89858e+11	2.96566e+10	-8.68225e+10	2.02627e+11	-6.322e+09	7.60849e+10	3.70879e+10	-6.37246e+09	-3.3039e+10	-2.48511e+10
7.3e-10	3.90698e+10	3.80248e+11	-1.5424e+11	-1.15206e+10	3.95466e+10	-1.93735e+11	-1.17095e+10	6.34533e+09	-4.69586e+10	-1.0413e+10	1.69948e+11	-2.37847e+10
7.35e-10	-9.20229e+09	1.30376e+10	-1.50686e+11	-3.30739e+09	1.2668e+11	2.42581e+10	-8.18445e+09	-1.86111e+11	1.74008e+11	-1.13094e+10	-4.31294e+10	-2.10552e+10
7.4e-10	2.10577e+09	-2.07342e+10	3.05492e+10	9.52264e+08	-5.66158e+10	7.09052e+10	6.15687e+09	-2.73733e+11	5.10443e+10	-1.55719e+09	3.56663e+10	-1.66261e+10
7.45e-10	-1.01113e+10	2.23483e+11	-4.04055e+10	1.60118e+10	-1.29395e+11	-2.07935e+11	-5.85618e+09	2.59465e+10	-2.12646e+10	-2.44093e+09	3.61581e+10	2.83931e+10
7.5e-10	2.36877e+10	-1.23539e+11	-1.41677e+11	-3.29159e+10	5.40915e+10	1.419e+11	1.23493e+10	-6.47434e+10	9.76812e+10	9.53483e+09	-1.46303e+11	1.59665e+11
7.55e-10	1.23809e+10	-1.64949e+11	-7.09702e+10	1.25219e+10	-1.95762e+11	1.07927e+11	-1.7653e+09	9.09125e+10	1.00873e+11	-1.37436e+10	-8.52435e+09	-1.68116e+11
7.6e-10	3.77057e+10	-7.46321e+10	-2.42778e+11	-2.07854e+10	5.68699e+10	-7.57025e+10	7.65539e+09	1.1195e+11	1.67827e+11	2.54026e+09	2.97433e+10	8.10758e+10
7.65e-10	2.6564e+10	-2.5675e+11	-1.34985e+11	-2.18e+09	-4.6667e+10	1.55649e+11	2.67918e+10	2.03756e+11	3.89601e+11	-1.51867e+10	-1.34904e+11	1.30958e+11
7.7e-10	8.67935e+09	1.25303e+11	-2.50975e+11	-1.51975e+09	-3.39483e+11	6.34246e+10	3.26693e+10	2.62343e+11	-4.27091e+10	1.96015e+09	-2.57455e+11	-2.02857e+11
7.75e-10	5.69083e+10	-4.41449e+11	-4.16354e+11	-6.21379e+09	2.8099e+11	1.11054e+09	4.58764e+09	1.54298e+11	-5.50793e+10	1.12105e+09	-8.92055e+10	-1.06289e+11
7.8e-10	-2.09103e+10	3.8108e+11	-3.20745e+11	-3.35289e+08	1.98735e+10	1.15369e+11	-1.73049e+09	1.14691e+11	6.77715e+10	1.47251e+10	-1.99247e+11	7.72897e+10
7.85e-10	2.52161e+10	-2.01283e+11	9.6807e+10	-1.16716e+10	2.3897e+11	1.92248e+11	-1.45403e+09	8.74143e+10	7.09759e+09	-7.87586e+09	-1.18711e+11	2.67362e+11
7.9e-10	2.60904e+10	-1.56232e+11	-5.0791e+10	-1.06784e+10	2.4089e+11	1.01457e+11	-7.57644e+09	-2.29486e+10	5.8517e+10	-1.12654e+10	2.7392e+10	-1.86207e+11
7.95e-10	2.8977e+10	-2.2136e+11	1.53125e+11	6.43955e+09	9.65144e+10	1.74486e+11	3.07707e+10	2.54078e+11	-8.35689e+10	7.34844e+09	-3.18259e+11	-2.03767e+11
8e-10	1.69713e+10	-2.24324e+11	1.06585e+10	2.74225e+10	1.62556e+11	1.0492e+11	1.55644e+09	2.60032e+10	2.32795e+10	-1.00945e+10	-8.34654e+10	1.81977e+11
8.05e-10	-6.66691e+09	-1.37931e+11	-7.65209e+10	-4.92239e+09	-1.26606e+11	-1.9972e+11	2.10914e+10	2.07952e+11	-1.2901e+11	-1.47089e+10	-1.06337e+11	-6.33386e+09
8.1e-10	6.34744e+09	-5.2256e+10	4.48207e+10	-1.98208e+09	-3.03113e+10	-1.45272e+10	3.75299e+09	-1.78882e+11	-1.58356e+11	3.7056e+09	3.18797e+10	2.6324e+10
8.15e-10	1.67634e+10	-4.68946e+10	2.10307e+11	-1.11188e+10	-9.95354e+10	2.71592e+10	-1.48046e+09	3.118e+10	-9.15639e+10	1.01706e+10	-9.42919e+09	2.14821e+11
8.2e-10	-1.88355e+10	9.86439e+09	-1.3858e+11	-9.34679e+09	9.88285e+09	-4.73221e+10	-1.80685e+10	5.25901e+10	-7.10778e+10	6.28174e+09	-2.66876e+08	1.54506e+11
8.25e-10	4.44456e+10	-3.98907e+11	1.94384e+11	2.39783e+10	2.93986e+11	-1.53259e+11	-6.4492e+09	-4.3912e+09	1.7324e+11	-1.54708e+10	1.08704e+11	-2.7984e+11
8.3e-10	-1.51669e+09	-1.72954e+10	2.95151e+10	4.96948e+09	1.23397e+11	9.65913e+09	-8.97044e+09	-5.83834e+10	-1.94869e+10	-1.25504e+10	-6.08645e+10	-1.47641e+11
8.35e-10	1.54586e+10	8.97904e+10	2.7542e+11	3.83928e+10	3.15972e+11	9.13973e+10	1.47861e+10	-3.09694e+11	1.22205e+11	3.01857e+10	2.04434e+11	1.7159e+11
8.4e-10	-1.36004e+10	1.03393e+11	-8.27336e+10	-3.3273e+09	7.63758e+10	-3.14786e+11	1.9114e+10	6.96478e+10	-1.61181e+11	5.76959e+09	-8.82323e+10	1.85165e+11
8.45e-10	2.2444e+09	-3.59521e+10	1.77573e+11	1.18426e+10	2.26757e+11	7.75321e+10	2.2251e+10	-3.95181e+11	-1.81922e+11	5.60739e+09	-1.50568e+11	-4.22254e+09
8.5e-10	6.61988e+08	2.50346e+11	-4.12988e+10	-1.04935e+10	1.14936e+10	-6.02032e+10	1.4517e+10	1.72388e+11	-2.46699e+11	-3.79087e+10	-1.68124e+11	-2.47135e+11
8.55e-10	-3.90767e+09	5.2234e+10	2.22673e+11	-8.45017e+09	-1.22458e+11	3.44948e+10	-2.18217e+09	1.01703e+11	-4.51912e+10	1.40064e+10	-1.8627e+11	5.62901e+10
8.6e-10	-3.74678e+09	1.69708e+11	1.03915e+11	-1.93612e+09	-8.15053e+10	3.84628e+11	-1.09297e+10	-2.07285e+11	1.53321e+11	6.68055e+08	-2.41501e+10	2.28462e+11
8.65e-10	-1.71149e+10	-1.27377e+11	1.50211e+11	2.73949e+09	-7.76831e+10	1.13995e+11	-4.1882e+08	1.8284e+11	6.75424e+10	-9.49994e+09	4.0231e+10	1.22518e+10
8.7e-10	4.97889e+09	1.36077e+11	-1.7878e+10	1.65966e+10	-2.76779e+11	1.33046e+11	2.74418e+08	-4.63563e+10	-5.36182e+09	-1.269e+10	-1.61751e+11	-2.09238e+11
8.75e-10	1.0051e+09	3.04236e+10	6.05616e+10	-1.47823e+08	1.25312e+11	9.29517e+09	-8.1049e+08	-1.66595e+11	-1.91694e+10	-2.17047e+09	7.035e+10	6.48984e+10
8.8e-10	4.48425e+09	8.75606e+10	1.73697e+11	-1.49314e+09	5.52552e+10	-3.19846e+09	1.21157e+10	-4.78681e+10	1.47258e+11	-1.41014e+10	-1.88393e+11	-3.15259e+11
8.85e-10	-3.73323e+09	2.90441e+10	1.64624e+11	2.29675e+09	-1.50319e+10	3.60126e+09	-2.63854e+10	-2.25378e+11	-2.83797e+08	1.94436e+10	1.55841e+10	-2.00687e+11
8.9e-10	1.02781e+10	9.10534e+10	4.54207e+10	8.19722e+09	-4.62939e+10	9.25e+10	-1.12553e+09	-7.18434e+09	1.95243e+11	-2.52636e+09	1.2981e+08	1.57351e+10
8.95e-10	6.57566e+07	-2.02834e+07	1.07684e+11	-4.01202e+09	4.30087e+10	1.39152e+11	-7.5451e+09	-4.17067e+10	1.83839e+11	-2.48992e+09	9.58124e+10	-1.03764e+11
9e-10	3.47836e+10	3.26252e+10	-2.77575e+11	-1.04137e+10	-1.51571e+11	-1.82921e+11	-1.76098e+10	4.98385e+10	-1.08905e+10	-9.19957e+09	-3.01521e+09	-1.52664e+11
9.05e-10	-2.14413e+10	-1.57883e+11	-1.47873e+11	2.06575e+10	-3.16829e+11	-3.44362e+08	1.41832e+10	2.24242e+11	2.94579e+11	-3.3622e+10	-3.97859e+11	-2.94281e+10
9.1e-10	-2.02327e+10	-4.16103e+11	2.44534e+11	-1.92454e+09	-2.50635e+11	-1.22859e+11	-1.83431e+09	1.75666e+11	-6.16684e+10	3.02143e+09	7.41204e+10	-1.47471e+11
9.15e-10	-1.27771e+10	1.18157e+11	-2.22116e+11	-5.56031e+10	2.72168e+11	2.54103e+11	6.35133e+09	-3.99566e+11	2.24273e+10	3.14672e+10	2.12016e+09	-3.79948e+11
9.2e-10	2.07552e+10	-2.23471e+10	3.82316e+10	-2.25165e+10	1.03299e+11	-1.52179e+11	-1.66682e+08	1.89164e+11	-3.71565e+10	-8.46422e+09	1.70463e+11	-3.18587e+11
9.25e-10	-6.15994e+09	-1.85404e+10	-8.73426e+10	-1.57557e+10	-1.45691e+11	-1.14617e+11	1.17043e+10	9.6796e+10	9.27451e+10	3.7858e+08	-6.7712e+10	-2.82297e+10
9.3e-10	-1.04252e+10	4.33271e+10	2.29924e+10	7.26258e+09	1.65401e+11	-6.88732e+10	6.72058e+09	2.34228e+11	-7.58401e+09	-2.422e+09	-1.13549e+10	-9.34252e+10
9.35e-10	1.73945e+10	-8.68482e+10	-2.47035e+11	1.38137e+09	-6.19753e+10	-2.12122e+10	-9.67235e+09	-1.53737e+09	3.36803e+10	-9.10464e+08	-1.10569e+11	-6.34927e+10
9.4e-10	-7.98645e+08	-3.28229e+10	-1.0541e+11	-7.34496e+08	-1.09612e+11	1.26951e+11	-2.07752e+09	1.89832e+10	-3.87611e+10	1.01384e+10	-2.2061e+11	-4.45897e+09
9.45e-10	-2.17378e+09	8.73157e+10	-1.16724e+11	8.03786e+09	3.55462e+10	-2.04375e+11	1.23707e+10	-2.97016e+11	1.00947e+11	-2.83424e+10	1.61561e+11	3.19832e+10
9.5e-10	-1.68729e+10	6.01235e+10	2.88767e+10	7.20779e+09	-2.41888e+10	1.62759e+11	-2.05119e+08	-1.60058e+11	3.49374e+10	7.77321e+09	-5.01837e+09	-1.33592e+11
9.55e-10	2.25404e+10	-3.45683e+11	-1.35984e+11	1.29375e+10	3.13898e+09	2.47115e+11	2.87857e+09	8.97133e+10	1.13885e+11	-7.90674e+09	-4.68514e+10	6.8248e+10
9.6e-10	4.3649e+10	-4.99687e+11	-1.43838e+11	1.75663e+09	3.07984e+10	1.32592e+11	8.51687e+09	2.3509e+11	2.63629e+11	-1.6933e+10	2.13379e+11	-6.52634e+10
9.65e-10	1.10189e+10	-1.23546e+10	-1.54325e+10	-1.01902e+10	-1.06463e+11	3.17097e+11	2.45055e+10	-9.50748e+10	-3.29933e+11	5.04987e+09	1.1562e+11	-1.06487e+11
9.7e-10	-1.75432e+09	-4.27097e+10	5.0665e+10	1.97445e+10	3.00188e+11	8.85373e+10	-5.78801e+09	1.59887e+11	-6.32781e+10	-3.627e+10	9.72911e+10	1.36758e+11
9.75e-10	-1.80826e+10	1.25722e+11	1.92476e+11	-1.03603e+10	-4.23237e+10	1.24855e+11	3.72621e+09	-6.59091e+10	-5.57377e+09	-2.25047e+10	6.88949e+10	-5.6112e+10
9.8e-10	-1.56905e+09	7.56173e+10	-3.17537e+10	9.45734e+09	1.80453e+11	2.38311e+11	2.25636e+10	-3.10353e+11	-1.70602e+11	-2.21903e+10	5.20561e+10	-1.9225e+10
9.85e-10	2.93901e+10	-2.34655e+11	3.63646e+11	-3.64975e+09	4.47709e+10	-3.36289e+09	-3.74679e+09	-1.86909e+10	2.33657e+10	9.67046e+09	2.98942e+11	1.37063e+11
9.9e-10	-1.15396e+10	6.23125e+10	3.93656e+10	7.96833e+09	1.08399e+11	-5.33634e+10	1.50342e+09	-1.945e+11	-1.32457e+11	-8.19502e+09	1.68475e+11	2.06612e+10
9.95e-10	2.55678e+10	-1.26872e+11	1.96403e+11	-8.81563e+09	-3.81698e+10	7.95261e+10	5.42253e+09	1.56438e+11	-1.47894e+11	-2.75057e+10	-8.08554e+10	-2.04724e+11
1e-09	-1.26094e+10	-2.42084e+11	4.97876e+09	2.57849e+10	2.58983e+11	-1.35757e+10	-1.43972e+10	9.5032e+10	-1.54726e+11	-4.704e+09	7.67546e+10	-5.14874e+10
