Tue Oct 15 17:37:50 2024

<base> : Rectangle : 0m, 0m, 0m; 1um, 50nm, 5nm. Cells : 200, 10, 1. Cellsize : 5nm, 5nm, 5nm
<supermesh> : Rectangle : 0m, 0m, 0m; 1um, 50nm, 5nm. Cells : 200, 10, 1. Cellsize : 5nm, 5nm, 5nm

Saved data (dataname (unit) <meshname> (cells_rectangle)) : 

time (s)	<mxdmdt> (1/s) <base> (200nm, 0m, 0m; 210nm, 50nm, 5nm)			<mxdmdt> (1/s) <base> (400nm, 0m, 0m; 410nm, 50nm, 5nm)			<mxdmdt> (1/s) <base> (600nm, 0m, 0m; 610nm, 50nm, 5nm)			<mxdmdt> (1/s) <base> (800nm, 0m, 0m; 810nm, 50nm, 5nm)			

0	145402	773245	-98602.4	-157629	-1.16784e+06	-150256	-3898.34	-190198	-113606	52378.3	139844	1.07705e+06
5e-12	-5.27121e+09	6.40358e+10	9.82611e+10	-5.69004e+10	-1.67043e+11	-2.23938e+11	-8.3109e+09	-1.90769e+11	-3.51943e+11	-2.18896e+10	1.69908e+11	1.07319e+11
1e-11	1.80651e+10	1.50893e+11	-3.56574e+11	-1.15134e+10	-1.18015e+10	5.57412e+10	8.79915e+07	7.85155e+10	-3.57753e+11	2.70386e+10	-7.59212e+10	-1.88165e+11
1.5e-11	-6.85169e+09	8.10486e+10	1.54177e+11	1.18254e+10	-1.15577e+11	-2.25359e+11	-1.32428e+10	-1.50994e+11	-3.14493e+11	-1.3441e+10	-1.1717e+11	-2.05937e+10
2e-11	-4.12521e+09	-3.48333e+10	-1.94109e+11	-1.20168e+10	2.6789e+11	-3.8641e+11	4.72445e+09	-1.01534e+11	1.20048e+11	-1.39444e+10	-9.89995e+10	-1.32668e+11
2.5e-11	-2.25503e+10	-2.22716e+11	2.25624e+11	-2.72066e+10	1.0964e+11	5.33605e+10	-2.28761e+10	4.69032e+10	-1.40949e+11	-3.16465e+10	-3.22755e+11	-8.39806e+10
3e-11	5.01435e+09	-1.00746e+10	5.94701e+10	-4.6645e+09	1.94455e+11	9.30868e+09	-1.33532e+10	-8.09786e+10	1.64878e+11	-2.68743e+10	1.36149e+11	-1.62608e+11
3.5e-11	-1.26768e+10	1.85339e+11	1.09883e+11	-1.19597e+10	-1.02988e+10	3.88581e+10	-1.02463e+10	4.90756e+09	8.06792e+10	5.75991e+09	2.22264e+11	1.65001e+11
4e-11	-1.37702e+10	-2.18381e+11	4.70989e+09	-1.48135e+10	-5.05221e+10	9.56672e+10	2.3981e+09	6.5192e+10	-6.15642e+10	-3.63933e+09	5.90463e+10	1.06596e+11
4.5e-11	1.14143e+10	2.54809e+11	-1.92179e+11	-7.06411e+09	8.60351e+10	9.75233e+10	-1.59524e+10	1.94744e+11	9.52579e+09	-2.18712e+10	1.35057e+10	-2.03464e+11
5e-11	9.91488e+09	4.05041e+10	6.00561e+10	-1.06887e+10	-7.84283e+10	-8.49177e+10	-1.45108e+10	-1.38204e+11	1.25384e+11	9.23466e+09	2.43187e+11	2.2194e+11
5.5e-11	-4.43888e+09	7.81126e+10	-8.74367e+10	-1.29003e+10	1.26188e+11	1.36759e+11	-1.09569e+10	2.61134e+10	-7.93064e+10	-2.0243e+10	-6.19714e+09	-2.51192e+11
6e-11	9.68961e+09	-6.25471e+10	-1.7913e+11	-1.30959e+09	-1.96904e+11	-1.4276e+11	-2.35614e+10	-1.02188e+11	2.05582e+11	-2.32045e+10	1.71735e+11	2.56262e+11
6.5e-11	2.96359e+08	8.48996e+10	9.88107e+10	-7.54573e+08	-6.14883e+09	9.89823e+10	-2.70415e+09	8.24407e+10	6.57992e+10	-3.0596e+09	1.06373e+11	4.22042e+10
7e-11	-6.22477e+09	-3.15506e+11	1.18833e+11	1.37976e+09	-3.09729e+11	1.33128e+11	-2.59248e+09	5.04077e+10	7.40127e+10	-3.25503e+09	8.8987e+09	3.22897e+10
7.5e-11	-3.69316e+09	2.56255e+10	-3.87106e+10	-9.45405e+09	3.37745e+10	-7.51575e+10	5.51768e+09	4.50601e+10	-4.67412e+10	1.45277e+10	-2.08497e+11	-5.32015e+10
8e-11	3.74344e+09	-1.52415e+11	-9.95191e+10	-1.64142e+10	-3.98865e+10	-4.44913e+10	-1.99534e+10	1.58033e+11	2.12706e+10	-7.14975e+09	2.04762e+11	-5.90749e+10
8.5e-11	5.21554e+09	-2.38006e+11	-1.06811e+11	-7.47807e+09	6.2455e+10	-4.84342e+10	-1.48925e+10	-1.32631e+11	-2.39246e+10	-2.68215e+09	-7.8526e+10	-7.63367e+10
9e-11	-1.13466e+10	9.30086e+10	2.20881e+10	-5.57474e+09	-5.18534e+10	-7.65702e+10	-2.62255e+09	1.16939e+11	2.85023e+10	3.21011e+09	-1.80646e+11	2.56128e+10
9.5e-11	-7.09187e+09	-3.81709e+09	-5.9118e+10	-1.62161e+10	-9.71828e+10	2.23208e+11	-8.16427e+09	-3.45982e+10	-4.66079e+10	-1.72934e+10	1.29848e+11	-4.04473e+10
1e-10	-1.98411e+10	1.12312e+11	-1.93785e+11	-1.01707e+10	1.40969e+11	1.2007e+11	-2.41319e+10	-2.84154e+10	1.62681e+11	-7.69325e+09	-2.7546e+11	-2.48119e+11
1.05e-10	-6.42618e+09	8.59633e+10	9.02876e+10	5.90262e+09	-3.57352e+10	-4.23242e+09	-5.57639e+09	-7.81921e+10	1.49847e+11	1.66157e+09	-3.7993e+10	-7.43685e+10
1.1e-10	-2.74384e+10	8.29215e+10	1.02811e+11	6.93046e+09	1.45846e+11	-4.59209e+10	-5.43574e+07	1.15546e+10	-1.58004e+10	4.3696e+09	-1.76299e+11	1.94863e+11
1.15e-10	9.98904e+09	1.64459e+11	-2.3547e+11	4.4552e+09	2.47186e+11	6.39584e+10	-1.63127e+10	2.02256e+11	-1.85275e+11	9.80912e+09	4.76874e+10	7.3327e+10
1.2e-10	1.65973e+09	4.15115e+10	-6.019e+09	3.5488e+09	-7.3954e+10	-2.81328e+11	2.31213e+08	2.55107e+10	5.77245e+10	4.62659e+08	1.55691e+11	-1.35162e+11
1.25e-10	-1.0219e+10	1.20303e+11	7.1471e+10	6.8713e+08	-2.39828e+10	3.43536e+10	-1.72617e+09	1.12069e+11	4.87558e+09	-2.08482e+09	8.15942e+10	3.61493e+10
1.3e-10	-9.85832e+09	-1.84039e+11	1.04211e+11	-1.495e+10	-2.12504e+11	-1.17327e+11	-1.44107e+09	4.40104e+10	-5.07667e+09	6.57156e+09	7.1474e+10	-7.76048e+10
1.35e-10	-3.2198e+09	-3.99736e+10	-6.97997e+10	-1.35145e+10	2.63427e+10	-1.73572e+11	-2.05191e+10	2.59205e+11	-1.59861e+11	-1.39881e+10	9.56537e+08	-1.61074e+11
1.4e-10	-1.0807e+10	1.78942e+11	-1.31412e+10	-5.81834e+09	-7.60536e+10	1.29985e+11	-1.84654e+10	2.71287e+11	-6.15934e+10	-2.37593e+10	3.58992e+11	-3.64961e+10
1.45e-10	-1.83557e+10	3.68628e+10	2.77555e+11	-4.14567e+09	4.54372e+10	5.30219e+10	-2.17461e+10	-1.27761e+11	-9.33221e+10	-8.2368e+09	-5.50352e+10	3.08505e+11
1.5e-10	-1.14037e+10	-1.81588e+11	1.77781e+11	-4.47459e+09	-1.51084e+11	1.86802e+11	-6.016e+09	2.11969e+10	-1.32326e+11	5.80698e+08	1.20114e+11	1.07569e+11
1.55e-10	-9.11448e+09	6.36243e+10	-2.0165e+11	-4.66225e+08	-1.54899e+10	2.31004e+11	-4.37046e+09	-7.92074e+10	-8.63538e+10	-1.24824e+10	9.09516e+10	-4.25641e+10
1.6e-10	-8.21381e+09	-2.91135e+11	5.58336e+10	-1.29409e+10	9.04594e+09	-1.43761e+11	5.4748e+09	2.25534e+11	-1.58482e+11	-1.0593e+10	5.97618e+10	-3.3145e+10
1.65e-10	4.21313e+09	-9.60251e+10	1.66592e+11	-2.1264e+10	2.24666e+11	-2.50999e+10	9.00894e+09	-4.44639e+10	-5.51316e+10	-1.67995e+09	-1.10776e+11	-1.09108e+11
1.7e-10	-1.22978e+10	1.68054e+11	8.67053e+10	1.04529e+10	1.26106e+11	9.0056e+10	1.43922e+10	-4.94751e+10	-3.33301e+11	-3.0163e+09	-1.20237e+10	4.43062e+10
1.75e-10	-6.71548e+09	3.00858e+11	1.53193e+11	1.094e+10	1.63031e+11	1.77978e+11	-2.72456e+09	1.38304e+10	-5.77622e+10	-6.36027e+08	-5.51399e+10	6.26329e+10
1.8e-10	-1.53762e+10	-1.86344e+10	1.44727e+11	-1.52818e+10	2.25822e+10	-7.33786e+10	-1.87467e+10	1.31043e+11	1.85204e+11	3.69304e+09	-3.1061e+11	-1.83436e+11
1.85e-10	-1.13111e+10	2.15917e+11	-1.6788e+10	5.44072e+09	-8.85593e+10	9.57389e+10	-2.55135e+09	1.22748e+11	-3.61344e+10	-3.16366e+08	-2.03799e+11	8.74554e+10
1.9e-10	1.05468e+10	1.93442e+11	-6.83609e+10	-3.71261e+09	1.00937e+11	3.54901e+11	-2.81742e+10	-6.55432e+10	-1.58644e+11	-5.38147e+09	1.12735e+10	-7.83136e+10
1.95e-10	3.7602e+10	1.01711e+11	-3.07396e+11	3.47824e+07	-4.9793e+10	1.26397e+11	-6.06279e+09	4.1347e+10	3.00652e+11	-1.19765e+10	1.81095e+11	5.57761e+10
2e-10	1.03527e+10	2.31953e+11	1.50113e+11	-9.04169e+09	-1.06245e+11	9.04747e+10	7.33115e+09	1.35489e+11	1.29259e+10	-1.17329e+10	-6.99378e+10	-5.71043e+10
2.05e-10	-3.39813e+09	-2.95013e+10	-2.29051e+11	1.52589e+10	-1.96378e+11	-7.5341e+10	-9.72078e+09	8.96659e+10	-1.19362e+11	-5.21664e+09	2.11698e+11	1.11759e+11
2.1e-10	8.0493e+08	-5.24955e+10	-9.80825e+08	-6.68321e+08	1.81333e+11	-2.85304e+11	-2.34123e+10	-1.13671e+11	-5.22814e+10	-1.32859e+10	4.66621e+10	-6.16839e+09
2.15e-10	2.13871e+10	-4.66959e+11	3.30407e+11	-6.01342e+07	2.90683e+11	8.49745e+10	-6.73491e+09	3.44141e+10	-1.99128e+11	-1.01737e+10	-5.33776e+10	-1.67872e+11
2.2e-10	1.33602e+09	7.71579e+10	2.33417e+11	6.41244e+09	8.7961e+10	-1.47921e+10	-9.61711e+09	2.36987e+11	-1.76124e+11	-1.75654e+10	-1.04101e+11	-9.63648e+10
2.25e-10	-8.27565e+09	-6.68305e+10	1.56133e+11	-2.03847e+10	-2.10669e+10	5.25754e+10	-2.88909e+10	9.94409e+09	-2.61967e+11	-2.61189e+10	8.17404e+10	-1.26921e+11
2.3e-10	4.9405e+09	-3.66423e+11	1.28405e+11	-1.46114e+10	1.48734e+11	-2.30819e+11	-1.67528e+10	5.70214e+10	-1.58896e+11	-3.30567e+10	4.94067e+10	-2.71471e+11
2.35e-10	-1.73685e+10	-5.18102e+10	-4.76469e+10	9.88995e+09	9.07268e+09	1.68463e+11	3.23204e+09	1.41493e+11	5.00111e+10	-1.8905e+10	3.3125e+11	8.33924e+10
2.4e-10	-8.0447e+08	-1.0725e+11	9.94572e+10	-4.04585e+10	-2.66453e+11	-1.47086e+11	5.88107e+09	1.893e+11	1.18345e+11	-2.68599e+10	-2.44405e+11	-9.47795e+10
2.45e-10	8.04099e+09	3.07412e+10	6.93874e+10	-4.76807e+09	-2.0268e+11	6.82217e+10	2.21947e+09	6.3874e+10	-2.54763e+11	1.99105e+10	7.15893e+10	-2.376e+11
2.5e-10	-1.18625e+10	6.76711e+10	-1.03326e+11	-1.04626e+09	7.74976e+10	4.80173e+10	1.83279e+09	5.83128e+10	-1.57481e+11	-9.5124e+09	2.76436e+10	6.67845e+10
2.55e-10	-1.79967e+09	-6.69761e+10	2.29709e+11	-1.02308e+10	1.23995e+11	1.88e+11	-1.64637e+09	-1.52894e+11	-1.38277e+11	-5.51051e+09	5.16302e+10	5.66819e+10
2.6e-10	-1.10459e+09	1.04044e+11	3.16618e+08	-1.28096e+10	1.61787e+11	3.65754e+11	-1.83225e+09	1.84152e+10	-7.53047e+10	1.01155e+10	-2.61417e+11	-8.39142e+10
2.65e-10	5.44499e+09	1.02674e+10	-4.10216e+10	1.94077e+10	-1.99166e+11	-1.01785e+11	4.30692e+09	9.34274e+10	1.57417e+11	-1.96045e+10	-3.64997e+10	-4.11943e+10
2.7e-10	2.75834e+09	-6.44379e+10	3.92238e+10	1.88225e+09	-3.52057e+10	2.42231e+11	3.14771e+10	1.81118e+11	9.62121e+10	-2.07228e+10	1.2021e+11	3.34998e+10
2.75e-10	-4.6389e+10	-3.40024e+11	6.15465e+10	6.94213e+09	-9.47253e+10	-1.5715e+11	-2.89713e+10	7.12594e+10	-2.82194e+11	-1.63393e+10	6.91607e+10	2.12903e+11
2.8e-10	3.47213e+09	-2.64084e+11	-8.25777e+10	2.0624e+10	-5.27424e+10	-3.71444e+11	1.78058e+10	-6.70855e+10	1.18444e+11	-6.78008e+09	1.05942e+11	5.77999e+10
2.85e-10	-1.93105e+08	2.32909e+11	-3.32628e+11	8.19922e+09	-3.10642e+11	-1.14688e+11	-6.83257e+09	-5.30152e+10	2.37035e+10	-1.7371e+09	-1.8606e+11	-1.87838e+11
2.9e-10	1.1212e+10	-1.3785e+11	3.34663e+10	-8.29984e+09	-9.88361e+10	-3.12283e+11	6.33754e+09	1.36212e+11	2.86757e+11	-2.96472e+09	-2.444e+10	-2.82233e+10
2.95e-10	-2.03805e+10	-5.51726e+10	2.88304e+11	-1.07033e+09	-1.21914e+11	1.4929e+10	-2.04326e+10	1.93764e+10	-7.86978e+10	-1.98468e+10	1.39775e+08	1.46849e+11
3e-10	1.88801e+10	-2.45215e+11	-2.84147e+10	1.21172e+10	6.86883e+10	-2.18474e+11	-4.1937e+09	-6.6756e+10	1.26021e+11	9.2099e+09	-2.08856e+11	2.53294e+10
3.05e-10	-4.16558e+09	-3.76997e+10	2.77425e+11	7.42822e+09	3.19744e+11	6.02235e+10	2.00694e+10	-1.0855e+11	1.67346e+11	9.5435e+09	-9.30822e+10	-4.48689e+10
3.1e-10	6.23766e+09	-6.19313e+10	-1.09217e+11	9.02466e+09	1.976e+10	3.12278e+11	-5.10636e+09	1.42326e+11	-2.17466e+11	1.19652e+10	4.44609e+10	3.20705e+11
3.15e-10	2.91045e+09	1.8759e+11	7.08713e+10	-9.20422e+09	7.69722e+10	-2.66171e+10	-2.84389e+10	2.50134e+11	9.45208e+10	-2.77556e+09	-9.06179e+10	1.3682e+11
3.2e-10	2.02168e+10	6.76824e+10	-2.04491e+11	-1.40399e+10	1.10934e+11	1.31705e+11	1.33111e+09	-1.26871e+10	-3.19241e+10	5.58877e+09	4.47965e+10	2.10861e+11
3.25e-10	2.10573e+09	-1.05755e+11	-1.27336e+11	-1.35094e+10	-1.44624e+11	1.11609e+10	1.38933e+10	2.61355e+11	6.56821e+08	-5.96394e+09	-2.19064e+11	2.66175e+11
3.3e-10	-3.29151e+09	1.43532e+11	-4.55224e+10	3.89883e+08	3.10465e+10	-9.65807e+10	3.47222e+09	3.91902e+10	1.57439e+11	7.22075e+09	4.77199e+10	1.20967e+11
3.35e-10	7.45009e+09	3.43335e+10	7.86422e+09	-4.06692e+09	2.02884e+10	-5.31029e+09	-9.56438e+09	1.01176e+11	-1.98745e+11	-1.35766e+10	-2.25011e+11	1.84219e+11
3.4e-10	-9.31048e+09	1.52183e+10	-2.21489e+11	-1.42578e+10	2.06046e+11	-7.52822e+10	6.75779e+09	-4.48985e+10	1.07726e+10	3.92367e+09	2.35576e+10	-3.15037e+10
3.45e-10	2.43251e+08	1.75719e+11	-5.93237e+10	5.15316e+09	9.05482e+10	-1.16676e+11	-8.07067e+09	-1.25194e+11	-1.48279e+11	-8.15138e+09	1.00041e+11	-2.41751e+10
3.5e-10	-9.94396e+09	8.59358e+10	1.53594e+11	-2.69571e+10	2.18545e+11	-8.62411e+10	-5.37691e+09	-1.3475e+11	2.71181e+10	-1.01345e+10	-3.11099e+10	3.32135e+10
3.55e-10	2.39901e+09	2.7357e+11	2.33588e+11	4.08589e+09	-1.31381e+11	8.61392e+09	-4.23244e+09	-2.73098e+10	-1.55177e+11	-1.78073e+10	9.19609e+10	2.91309e+11
3.6e-10	-1.67178e+10	-5.61846e+10	2.69252e+11	4.18385e+09	-2.24787e+11	1.00689e+11	-1.87235e+10	-2.03352e+11	1.81545e+10	-1.78355e+09	1.18583e+11	-1.82805e+11
3.65e-10	1.19918e+10	3.00426e+10	-1.2268e+11	-2.53404e+09	-4.30286e+10	7.14381e+10	-7.11776e+09	-1.08621e+11	2.50024e+11	6.91631e+09	8.84104e+10	-2.15754e+11
3.7e-10	-3.38888e+10	-1.64248e+11	2.68301e+11	1.87097e+10	-3.14097e+10	1.28238e+11	-1.26431e+10	1.3905e+10	-3.8443e+10	9.99681e+09	4.03601e+10	-2.41602e+10
3.75e-10	1.85044e+09	9.1139e+10	1.29726e+11	6.45277e+09	5.91257e+10	-6.40095e+10	-3.37123e+09	-3.32676e+09	9.43308e+09	-4.41708e+09	-2.22996e+10	-3.19109e+09
3.8e-10	6.13641e+09	-1.60583e+11	-2.29515e+11	1.62206e+10	-1.85192e+11	1.16458e+11	-8.65146e+09	1.81964e+11	-2.04282e+10	2.28103e+10	-1.71354e+11	-2.3851e+11
3.85e-10	2.20426e+09	6.71482e+10	1.3187e+11	3.75083e+07	-1.3728e+11	5.56722e+10	-6.32851e+09	-1.29113e+11	-2.45171e+11	1.72285e+10	-4.60355e+11	-6.05244e+10
3.9e-10	-1.92533e+10	5.59044e+10	-2.45102e+10	-2.59153e+09	2.45817e+10	4.08258e+10	2.757e+10	2.35154e+11	1.96486e+11	-5.14616e+09	1.03593e+11	-3.14487e+09
3.95e-10	4.25411e+07	-1.48547e+11	1.45295e+11	2.57266e+09	-8.86939e+09	-8.1498e+10	-8.40712e+09	-6.45238e+10	-1.08899e+11	-1.73065e+10	1.23354e+11	-6.70824e+10
4e-10	4.98395e+09	-2.93737e+11	3.54512e+10	-1.01668e+10	1.115e+11	-1.9981e+11	-8.12113e+09	-1.33748e+11	-6.82806e+10	5.41075e+09	-8.36584e+10	-1.72381e+11
4.05e-10	-2.05603e+09	1.68171e+11	5.68844e+10	-5.18516e+09	-2.05814e+11	-4.81098e+10	-5.96594e+09	-2.9522e+09	2.21269e+11	-1.89587e+10	2.14407e+11	7.80442e+10
4.1e-10	-5.53151e+09	6.97542e+10	-1.03188e+11	-1.94043e+10	5.26954e+11	-7.79749e+10	1.54541e+10	-3.93731e+10	3.23885e+11	-1.32724e+10	4.42633e+11	3.97494e+10
4.15e-10	8.13083e+09	6.78289e+10	7.7426e+10	-1.50334e+10	2.20511e+11	2.68936e+10	-9.76257e+08	9.14442e+10	-6.75669e+10	1.46907e+10	1.5805e+11	-7.85487e+10
4.2e-10	-9.27639e+09	-4.28203e+10	9.54413e+10	8.76413e+09	-1.00767e+11	-1.12143e+11	-8.12519e+09	-1.93605e+11	-2.79907e+11	2.08623e+08	-2.94359e+10	3.21248e+10
4.25e-10	-1.2839e+10	-2.34846e+11	-2.42095e+11	-1.42092e+10	8.19985e+10	6.41046e+10	1.62694e+10	-3.12677e+11	-2.92368e+11	-2.28283e+10	-1.1385e+11	-1.56099e+10
4.3e-10	-8.5631e+09	-1.29477e+10	1.96814e+11	-6.32472e+08	-2.94509e+11	5.73062e+10	-9.52243e+08	1.13645e+11	-2.05257e+11	-1.32278e+08	-1.26708e+11	-1.63778e+11
4.35e-10	-1.85803e+10	1.41519e+11	3.11089e+10	-1.16232e+10	1.53664e+11	-6.96383e+10	-3.36585e+09	-2.10707e+11	-1.96551e+11	-8.16572e+09	-3.36385e+10	-7.58667e+10
4.4e-10	-3.52205e+09	1.25035e+11	3.12288e+10	-1.29017e+10	2.63425e+10	9.92922e+10	9.38908e+09	3.50142e+10	1.85281e+11	6.68733e+09	1.89781e+11	7.33833e+10
4.45e-10	1.40958e+09	3.07272e+10	1.90067e+11	-1.46139e+10	-4.47706e+10	-1.02744e+11	-1.83154e+10	-9.57565e+09	-1.50182e+11	9.88361e+09	1.74424e+11	1.06518e+11
4.5e-10	1.39199e+10	2.39947e+11	-1.955e+11	1.74559e+10	-1.03261e+10	-2.20264e+11	-1.03405e+10	-6.04782e+10	1.74239e+11	9.36602e+08	3.56685e+10	1.49798e+11
4.55e-10	-9.58522e+09	-8.79026e+10	1.16284e+11	1.84263e+10	1.77001e+11	2.77448e+11	1.80709e+10	2.82866e+11	-3.40283e+11	4.27058e+09	1.24048e+11	2.18265e+11
4.6e-10	-3.42394e+10	-1.17438e+11	1.34628e+11	-8.7729e+09	-4.35368e+10	-6.98565e+09	-8.59022e+09	-1.28639e+11	-6.00593e+10	-6.74266e+09	-4.63148e+10	2.35602e+11
4.65e-10	-1.65157e+10	-1.82104e+11	-1.67914e+11	-1.3546e+10	-1.68251e+10	1.98271e+11	1.50456e+09	3.98397e+10	2.55026e+11	-7.3585e+08	-3.6824e+10	-2.35135e+10
4.7e-10	-4.45175e+09	-1.8245e+11	-1.10156e+11	-2.4404e+10	6.67886e+10	4.76358e+10	9.92901e+09	1.78842e+10	3.92138e+11	-1.52792e+10	1.76766e+11	-1.65299e+11
4.75e-10	6.05887e+09	3.77527e+10	1.01893e+11	1.1311e+10	-7.94026e+10	1.97935e+11	-1.30406e+09	-1.30954e+11	-1.53914e+09	9.02774e+08	3.35823e+11	6.41817e+10
4.8e-10	1.1107e+10	1.02365e+11	-7.60851e+10	-1.0186e+10	2.56003e+10	9.00748e+09	-1.05208e+10	5.04607e+10	1.49228e+11	3.50044e+09	-3.23775e+10	-1.39822e+10
4.85e-10	-2.10797e+10	-2.33232e+11	2.57158e+11	-4.03157e+07	8.45114e+10	-1.97186e+10	-2.13571e+10	-1.69831e+10	2.11279e+11	-3.50567e+09	-1.16565e+11	-9.81127e+10
4.9e-10	2.07692e+09	3.59755e+10	-1.06276e+11	-1.76628e+10	1.31964e+11	2.2864e+11	-1.3727e+10	-1.33049e+11	-2.02343e+11	1.05931e+10	-2.47543e+11	-3.53734e+11
4.95e-10	-2.19335e+09	-7.0003e+10	-9.07778e+10	-3.89001e+09	-4.79662e+10	-1.30552e+11	-4.31271e+09	1.5773e+11	-1.5295e+11	-7.80402e+09	-1.46261e+11	1.33245e+11
5e-10	-1.19787e+10	-7.28421e+10	-4.68894e+10	-1.06112e+09	1.41197e+11	-1.19803e+10	-1.19564e+10	1.38055e+11	1.69555e+10	5.52158e+09	-1.18722e+11	-2.48153e+10
5.05e-10	-6.03311e+09	-4.16943e+09	-1.32054e+11	-1.06917e+10	-2.89704e+11	-4.63627e+10	-9.53793e+09	1.22096e+11	-3.60931e+11	-1.47819e+10	2.86993e+11	9.213e+10
5.1e-10	2.29886e+09	1.43363e+11	-3.13407e+10	-2.29675e+10	3.23406e+09	2.62085e+11	2.46586e+08	3.85392e+10	-3.06332e+11	-9.6734e+07	-5.93616e+10	1.07673e+11
5.15e-10	-1.43135e+10	-7.44893e+10	-7.86681e+10	7.21665e+09	-3.51556e+11	5.53376e+10	9.68883e+09	2.04381e+11	-1.01357e+11	2.91026e+10	-1.00574e+11	-1.49593e+11
5.2e-10	5.97563e+09	2.32571e+11	-3.5806e+10	-3.0357e+09	-2.14854e+11	-2.0027e+10	-9.03033e+09	-1.28802e+11	-4.61307e+10	-2.31386e+09	5.60501e+10	5.62361e+10
5.25e-10	-1.40672e+09	-1.04277e+10	2.68205e+10	5.3612e+09	1.32104e+10	1.11268e+11	-6.15051e+09	-1.77026e+11	-1.00432e+10	-1.60448e+10	-1.94004e+10	3.84065e+11
5.3e-10	6.66365e+09	-1.26912e+10	1.73395e+10	-2.51418e+10	-3.65326e+10	-3.05108e+11	-7.35813e+09	-1.20953e+11	2.37871e+11	-4.71352e+09	-1.21638e+11	-8.7518e+10
5.35e-10	-2.00077e+09	-1.31896e+11	-1.79591e+10	-7.20859e+09	-2.55104e+11	-4.27984e+11	8.64514e+09	4.60489e+11	-4.15199e+09	-3.13933e+10	1.20338e+11	3.70467e+10
5.4e-10	-7.7046e+09	9.96097e+10	1.73249e+11	-1.45184e+10	5.67499e+10	1.23234e+11	-1.96526e+10	-2.85603e+11	-1.48198e+11	-1.84998e+10	-1.35855e+11	-2.7959e+11
5.45e-10	-1.71327e+10	-5.37663e+10	-2.91913e+11	-1.11498e+10	-1.67931e+10	6.32068e+08	9.40883e+09	3.50111e+10	-9.0008e+10	-3.40601e+09	2.45078e+09	-4.54003e+10
5.5e-10	-4.32479e+09	8.54775e+10	1.49046e+11	-1.28028e+10	-3.27328e+10	-2.31309e+10	-1.8157e+10	1.10055e+11	1.50073e+11	-1.59901e+10	-2.32163e+10	-7.73737e+10
5.55e-10	-3.55292e+09	2.44502e+10	4.54796e+10	-1.20026e+10	2.78308e+11	-6.33701e+10	1.89213e+10	1.54553e+11	6.68393e+10	-8.65144e+09	-5.92633e+10	2.11282e+11
5.6e-10	-9.40664e+09	-6.10863e+10	-1.22544e+11	-8.97677e+09	-1.39651e+11	-5.05433e+10	1.0974e+10	3.1584e+09	-1.57878e+11	-3.96838e+10	-3.71762e+11	-3.42695e+10
5.65e-10	3.94809e+09	6.83671e+10	1.04661e+11	1.21492e+10	2.87249e+10	-1.31613e+11	-1.22002e+09	-1.52623e+10	1.20253e+10	-1.33396e+10	2.31209e+11	1.02461e+10
5.7e-10	9.89832e+09	-1.23705e+11	4.7611e+10	-9.10771e+09	7.65722e+10	1.75566e+11	-4.55526e+09	1.92161e+11	2.77286e+10	-2.23562e+10	7.43792e+10	-1.44895e+11
5.75e-10	3.39835e+09	-1.03851e+11	1.57761e+11	1.59573e+10	-1.23036e+11	-1.40004e+11	-5.34222e+09	5.66556e+10	3.19787e+11	-5.07975e+09	-2.00825e+10	9.55495e+10
5.8e-10	3.11012e+09	1.09625e+11	1.06469e+11	4.96797e+09	-2.16561e+10	-1.42718e+10	-1.17538e+10	8.4868e+10	1.19214e+10	-1.06001e+10	-1.0612e+11	-4.54436e+10
5.85e-10	-2.81943e+10	-1.8908e+11	-1.34733e+11	-1.51023e+10	-1.02326e+11	-1.6503e+11	-6.75761e+09	1.43004e+11	-8.97153e+10	2.24914e+09	-2.5781e+11	6.45416e+10
5.9e-10	2.35006e+10	3.38256e+11	1.12498e+11	1.32472e+09	-5.16205e+10	9.05886e+09	-6.91014e+09	-6.0368e+10	-1.65522e+10	-2.89972e+09	6.01227e+09	1.02097e+11
5.95e-10	1.31188e+10	2.37686e+11	7.52092e+09	-1.85936e+10	2.40665e+11	-3.17315e+11	1.22709e+10	-2.45588e+10	-5.10219e+11	3.18658e+09	9.80272e+10	-3.76989e+11
6e-10	1.79498e+10	1.94002e+11	-2.81767e+11	-1.96484e+10	1.56004e+11	1.29859e+11	-1.53208e+10	7.17017e+10	-2.25305e+11	-1.65521e+10	1.55007e+10	-7.18987e+10
6.05e-10	-2.58716e+09	-2.38372e+10	-1.52706e+11	-2.26968e+10	1.37418e+11	-1.13486e+11	-1.23475e+10	3.9919e+10	-1.0386e+11	-9.53301e+09	-2.38902e+11	-8.48514e+08
6.1e-10	-1.24423e+10	1.11202e+10	1.56013e+11	-4.34986e+09	4.72212e+10	-7.51963e+10	4.49092e+09	5.71594e+10	1.27131e+11	-1.08822e+10	-1.7969e+11	-5.92412e+10
6.15e-10	-2.61183e+10	1.29576e+11	-2.14889e+11	1.06092e+10	-2.26484e+11	-2.89314e+10	8.47351e+09	2.12267e+11	-9.65544e+09	-1.43077e+10	3.6352e+09	3.13286e+10
6.2e-10	-8.48055e+09	-5.16404e+10	3.89308e+10	2.26532e+09	-1.84807e+11	-2.95079e+10	1.09027e+08	2.16125e+11	-2.77956e+11	-2.28307e+10	-6.83267e+10	1.07095e+11
6.25e-10	-9.38173e+08	-1.6214e+11	-6.53491e+10	6.86374e+08	1.40899e+11	1.32967e+11	9.18871e+09	3.50682e+10	5.76724e+10	1.36187e+10	-2.37771e+11	-4.47487e+10
6.3e-10	-1.17523e+09	1.69064e+11	2.48328e+11	3.25678e+09	2.80997e+11	-1.16031e+11	-2.3181e+10	4.24914e+11	9.82967e+10	1.58311e+10	2.00518e+11	-3.75509e+11
6.35e-10	-1.34681e+10	-8.25306e+10	-4.05353e+09	-1.62217e+10	-9.42466e+10	9.46889e+10	-1.21998e+10	2.36861e+11	-4.2339e+10	1.22314e+10	-2.99966e+11	1.736e+11
6.4e-10	-3.30278e+09	-3.79935e+10	-1.04632e+11	-1.52726e+10	-8.09274e+10	4.2881e+10	-1.77144e+10	-2.07994e+11	-4.0357e+11	1.07286e+10	-2.59177e+11	-5.64137e+10
6.45e-10	-1.37601e+10	-2.32889e+10	-1.02237e+11	9.74247e+09	1.29887e+11	-3.94996e+11	2.53821e+09	-1.42289e+11	2.88117e+10	4.27459e+09	2.54103e+11	-1.42867e+11
6.5e-10	-1.151e+10	6.36979e+10	6.14572e+09	-6.0847e+09	1.77225e+11	-7.34361e+10	1.32941e+10	-1.15367e+11	1.23194e+11	9.5134e+09	2.4309e+11	2.27059e+11
6.55e-10	1.07307e+10	-1.52283e+11	8.69769e+10	-4.61681e+09	1.096e+11	9.58532e+10	8.98592e+09	-7.38462e+10	1.87395e+11	-2.07903e+10	-1.89033e+11	-2.06599e+11
6.6e-10	-5.8925e+09	-8.87794e+09	-1.4789e+11	1.4465e+10	3.26275e+10	1.48594e+11	-1.01405e+08	-1.0441e+11	2.42194e+10	-1.32251e+09	-2.50145e+11	1.12404e+11
6.65e-10	6.91085e+08	1.07366e+11	8.89272e+10	-1.30462e+10	3.86061e+10	7.32769e+10	7.66312e+09	-6.35786e+10	-1.01693e+11	1.47091e+10	9.89898e+10	1.15391e+11
6.7e-10	-2.24097e+10	-1.08247e+11	-1.57094e+11	7.18133e+09	1.46374e+11	3.57018e+10	1.02549e+10	-2.5626e+11	-2.73337e+11	3.85758e+09	4.14423e+09	-8.95598e+10
6.75e-10	-1.55322e+10	-1.94022e+11	-6.88822e+10	-2.40901e+09	-4.60898e+10	1.96977e+11	-2.71156e+10	1.00164e+11	2.35131e+11	1.62977e+09	-6.33203e+10	1.08045e+11
6.8e-10	-3.63761e+08	1.17053e+11	6.16361e+10	-4.57105e+09	3.85769e+10	2.74328e+10	-1.28845e+10	-2.53371e+10	1.01746e+11	-1.22401e+10	2.64898e+10	-1.03313e+10
6.85e-10	-1.02485e+10	6.49184e+09	-4.30697e+10	-1.6738e+10	4.59159e+10	1.08108e+11	-2.00552e+10	-1.60429e+11	2.31899e+11	-4.69372e+09	-2.3872e+11	2.17776e+11
6.9e-10	2.56587e+10	1.01914e+11	-1.20976e+11	-3.57106e+09	-1.12779e+11	-3.86783e+10	-1.27096e+10	-8.1393e+10	2.04176e+10	2.05629e+10	3.30894e+11	-8.7249e+09
6.95e-10	-1.83294e+10	1.95475e+11	-2.06022e+11	1.03728e+10	-1.2955e+11	-1.24171e+11	-1.51602e+09	2.82155e+11	2.66236e+11	-5.36774e+09	3.17064e+09	-8.55627e+10
7e-10	-1.46987e+10	9.5022e+08	-1.27513e+11	8.86115e+09	-1.87294e+11	7.83245e+10	-8.81392e+09	7.50792e+10	3.89265e+10	1.70665e+09	1.55713e+11	-5.38993e+09
7.05e-10	1.33335e+09	-2.42653e+11	1.12366e+11	-1.39224e+10	-5.11365e+10	1.67371e+11	-1.30077e+09	-2.58368e+10	2.86397e+11	-1.28137e+10	-2.82269e+11	7.17491e+10
7.1e-10	-9.99138e+08	6.05459e+10	2.50441e+11	1.30768e+10	-8.11593e+10	2.18521e+11	-1.35094e+10	-1.01345e+10	2.81798e+11	-1.1582e+09	5.90558e+10	-2.90064e+11
7.15e-10	-9.3827e+09	2.31981e+11	5.63826e+10	-2.68891e+10	1.0033e+11	8.28472e+10	-8.96213e+08	-1.63249e+11	-2.04315e+11	7.46956e+08	8.20607e+10	-1.29385e+11
7.2e-10	4.88791e+09	-1.76094e+11	-1.95254e+09	-3.25591e+10	-1.319e+11	1.83911e+11	-1.0352e+10	-1.16536e+11	1.27848e+11	-6.8073e+09	9.46683e+10	-2.25034e+11
7.25e-10	-1.12218e+10	-5.48244e+10	1.30047e+09	3.1562e+09	-2.33937e+11	-2.49298e+09	-1.54382e+10	2.04004e+11	1.51335e+11	-3.10713e+09	-1.19188e+10	-9.36915e+10
7.3e-10	-7.62216e+09	7.35441e+10	-1.77936e+10	-1.73996e+10	4.69176e+10	6.98753e+10	2.30075e+09	-1.09432e+11	1.26371e+10	-2.23231e+10	3.59869e+10	1.36931e+10
7.35e-10	-9.87596e+09	1.71798e+11	7.755e+10	-1.98559e+10	1.69047e+11	-1.89774e+11	-2.21613e+10	-2.85279e+11	4.65702e+10	-5.18612e+09	5.42939e+10	1.74895e+10
7.4e-10	-6.55941e+09	4.15558e+10	-2.26148e+11	-3.31123e+10	-3.20307e+11	-3.06028e+09	-1.7792e+10	6.64091e+09	-3.01512e+11	-3.98461e+09	3.70991e+10	-1.83156e+11
7.45e-10	-7.03754e+09	1.09809e+11	2.99117e+10	-1.86261e+10	1.5747e+11	-1.39077e+11	-4.52122e+09	-1.4195e+11	1.09896e+11	-2.88043e+10	-2.83937e+11	-6.95017e+10
7.5e-10	-1.64691e+10	-2.78075e+11	9.97724e+10	-2.56071e+10	1.67936e+11	1.46228e+11	-2.31711e+10	-1.49181e+11	-1.87739e+11	-2.37896e+10	-1.84257e+11	-6.78037e+10
7.55e-10	6.57781e+09	-3.43147e+10	1.0039e+11	-1.28818e+10	1.1565e+11	1.14058e+11	-8.25349e+09	1.75703e+11	4.43015e+10	1.33328e+10	8.47856e+10	-2.20589e+11
7.6e-10	-1.17926e+10	-8.47374e+10	1.61532e+11	6.47928e+09	-1.26646e+11	-1.21241e+11	5.63454e+07	-2.62792e+11	1.11211e+11	-9.99227e+09	-1.50032e+11	6.33291e+09
7.65e-10	-2.52963e+09	-1.08973e+11	5.81087e+10	-1.19346e+10	-5.26493e+10	1.17006e+11	-1.90945e+09	4.71734e+10	1.86075e+11	3.20527e+10	3.02479e+11	-2.39302e+11
7.7e-10	-1.12954e+10	2.96098e+10	-1.6654e+11	-1.88207e+10	1.05606e+11	1.41777e+11	-3.68051e+09	-1.5018e+11	-7.12256e+10	-1.67653e+10	6.29188e+08	-1.01409e+11
7.75e-10	-1.98092e+09	-9.246e+10	6.38632e+10	-1.39308e+10	4.90788e+10	5.71925e+10	2.30779e+10	4.20538e+10	2.57755e+11	-1.09008e+10	-6.32537e+10	-9.76097e+10
7.8e-10	9.53379e+09	5.14928e+10	-2.97106e+11	-2.96427e+10	-1.66669e+11	-7.1188e+10	1.46706e+10	-3.03157e+11	-1.99368e+11	3.62764e+08	7.14696e+10	-3.83507e+10
7.85e-10	2.20408e+09	-4.15408e+10	2.31932e+11	-1.39318e+10	-6.717e+10	-1.24855e+11	9.43947e+09	-1.76996e+11	-6.6198e+10	-7.94539e+09	1.77078e+11	-2.61836e+11
7.9e-10	1.13917e+10	-1.05623e+11	-3.13458e+11	1.3688e+09	4.27334e+10	5.18051e+09	-9.22404e+09	5.84488e+10	-7.22638e+10	-2.75164e+09	7.12314e+10	3.92639e+10
7.95e-10	7.15362e+09	-2.36029e+11	6.20783e+09	2.14672e+09	-2.42998e+09	1.76842e+11	-2.67826e+10	2.55191e+11	-1.94741e+10	-1.57918e+09	8.84483e+10	3.48973e+10
8e-10	-6.33877e+09	1.61467e+10	6.46284e+10	-1.84692e+09	2.14327e+10	-8.53686e+10	8.57055e+07	2.99917e+10	-7.87304e+10	-1.14734e+10	-2.01574e+11	-1.65501e+11
8.05e-10	-1.9884e+10	-5.65583e+10	-2.05018e+11	9.2847e+08	1.94551e+11	1.22664e+11	9.26476e+08	-3.39007e+10	-2.37328e+11	6.43147e+09	-2.32782e+11	1.5584e+11
8.1e-10	7.35635e+09	-1.45843e+11	1.35895e+11	1.73676e+10	9.88972e+10	1.73162e+11	-3.799e+09	5.14693e+10	8.64066e+10	-1.54621e+10	-9.17992e+10	-2.96107e+11
8.15e-10	-5.43212e+09	-8.03221e+10	9.91737e+10	-2.37237e+10	-1.31355e+11	8.33295e+10	2.10442e+09	1.32802e+11	2.33038e+11	1.37886e+10	3.96708e+10	-6.63806e+10
8.2e-10	9.3916e+09	-8.21211e+10	3.65182e+11	1.1057e+09	1.04385e+11	5.28456e+10	-1.12396e+10	1.24113e+11	-8.41609e+09	9.89888e+09	-1.44351e+11	2.17898e+11
8.25e-10	-1.04132e+10	6.77323e+10	5.87455e+10	-1.22089e+10	1.02831e+10	9.18504e+10	-1.45957e+10	1.72428e+11	6.02658e+10	-7.82403e+09	-5.12059e+10	-1.57731e+11
8.3e-10	2.19088e+09	1.97732e+11	-2.76525e+10	-9.73433e+09	-2.03671e+11	-2.99397e+10	7.37029e+09	1.76058e+11	3.25755e+11	8.42272e+09	-2.05474e+11	-4.71659e+10
8.35e-10	3.494e+10	2.78352e+11	1.47314e+11	-1.76415e+10	-2.45961e+11	-8.17832e+10	4.65261e+09	1.59751e+11	3.20878e+11	2.65849e+10	-1.49788e+11	1.2148e+11
8.4e-10	3.23704e+09	2.37156e+11	4.61357e+10	-1.40541e+10	-1.43834e+11	-5.20253e+10	1.6566e+10	3.03221e+11	6.49621e+10	1.41355e+10	-8.31169e+10	-2.96548e+10
8.45e-10	-1.39883e+10	-2.81531e+10	3.59706e+10	-2.92746e+10	2.08778e+11	2.88695e+11	-2.84105e+10	-5.66727e+10	5.94196e+10	-1.09417e+10	4.02878e+10	2.02244e+11
8.5e-10	-3.48924e+09	1.14387e+11	-1.23315e+11	-2.9101e+10	-2.75572e+11	1.4181e+11	5.18592e+09	-1.02857e+11	-8.69738e+10	-1.92566e+09	4.59443e+10	1.06524e+11
8.55e-10	3.93724e+09	5.82587e+10	1.09845e+11	7.15866e+09	1.17686e+11	-1.80844e+11	-4.25427e+09	1.08583e+11	-1.21521e+10	-1.63385e+10	6.07932e+10	9.70713e+10
8.6e-10	-4.87107e+09	1.11401e+11	2.05087e+10	-4.54391e+09	1.5672e+11	8.33759e+10	-1.09365e+10	-1.09635e+11	1.27143e+11	-1.31079e+10	1.78291e+11	7.21063e+10
8.65e-10	2.60586e+10	2.5794e+11	2.33051e+11	4.1785e+09	1.47497e+11	1.92948e+11	-2.2048e+10	1.15947e+11	4.29569e+10	-5.63787e+09	5.88648e+10	1.14389e+11
8.7e-10	-6.56946e+09	3.03601e+09	1.83646e+11	5.98093e+09	2.30013e+11	-1.67501e+11	-2.44783e+10	-1.16735e+11	-1.45121e+11	-8.32139e+09	-2.71814e+11	1.64766e+11
8.75e-10	-1.13213e+09	2.39565e+10	4.7281e+10	-1.14416e+10	-7.91259e+10	5.44098e+10	-3.13226e+10	-1.43565e+11	-1.64677e+11	-5.75491e+09	1.02533e+11	2.1507e+11
8.8e-10	1.59785e+10	3.46806e+11	-1.08388e+10	-1.93242e+09	-1.46751e+11	2.38007e+10	9.84035e+09	-2.04644e+11	6.02211e+10	5.33078e+08	5.62174e+09	8.27271e+10
8.85e-10	-9.45914e+08	-5.95051e+10	-1.34689e+11	-8.55521e+08	2.56218e+11	-1.72496e+11	3.26992e+09	-2.58408e+11	8.97091e+10	1.04123e+10	-2.0263e+11	1.64949e+11
8.9e-10	-1.24981e+10	-4.94824e+09	1.25573e+11	7.35987e+09	-1.49975e+11	1.4083e+11	-1.02326e+10	-7.9825e+10	-2.30002e+11	2.63207e+09	1.56551e+11	6.47522e+08
8.95e-10	8.53369e+09	1.39208e+11	-2.46246e+10	9.56459e+09	1.24276e+11	1.96728e+11	-8.63068e+09	-3.08395e+11	-2.04346e+11	-1.73868e+10	-1.77347e+11	5.02127e+10
9e-10	9.78995e+09	-4.11672e+10	-1.25121e+11	1.71176e+10	-2.57608e+11	1.79104e+11	1.11685e+10	5.51946e+10	3.60297e+11	-1.79524e+10	4.57667e+09	-1.01779e+11
9.05e-10	-4.24839e+09	9.85167e+10	5.59553e+10	5.24802e+09	9.07884e+10	5.61296e+09	1.08614e+10	5.27903e+10	9.16036e+10	-3.97008e+08	2.36167e+10	-2.48129e+11
9.1e-10	8.06344e+08	6.13874e+10	1.82559e+11	6.71355e+09	1.506e+11	2.56897e+11	6.82889e+09	1.16349e+11	8.12153e+10	-1.29917e+09	-4.78927e+09	1.10678e+11
9.15e-10	8.88625e+09	3.18677e+11	-3.24011e+10	-5.09534e+09	1.02347e+11	-1.39343e+11	1.4434e+10	-2.36155e+11	-4.06738e+10	-3.61875e+09	4.74048e+10	-1.07422e+11
9.2e-10	7.17453e+09	2.07349e+11	7.95792e+09	-9.77332e+09	7.33394e+10	-8.63399e+10	1.45443e+10	4.29323e+10	-7.05321e+10	-3.60428e+08	-6.82855e+10	-8.41415e+10
9.25e-10	-8.24382e+09	1.47964e+11	9.70676e+10	-1.64719e+10	1.60237e+11	-4.53628e+10	4.52736e+08	1.30237e+11	-1.71682e+11	-2.52482e+10	3.27344e+10	-2.26013e+11
9.3e-10	-1.26389e+10	-1.7831e+09	1.60076e+11	3.388e+09	2.59035e+10	-1.239e+11	1.01403e+10	-8.16247e+10	2.24994e+10	-1.62062e+10	-1.07114e+11	3.00065e+10
9.35e-10	-6.85408e+09	-8.28816e+10	-1.34015e+11	-1.76163e+10	-5.40144e+10	2.30181e+11	4.67736e+09	5.02624e+10	2.42428e+10	5.50198e+08	1.43808e+11	1.20315e+11
9.4e-10	-3.33804e+09	1.28168e+11	1.04196e+11	-7.98081e+09	-6.33387e+10	-9.10591e+10	-1.92118e+09	2.67402e+11	-2.9308e+10	1.4005e+07	1.20861e+11	1.65273e+11
9.45e-10	-1.82815e+08	-7.46024e+10	8.03367e+10	2.9936e+10	3.70472e+10	1.62662e+11	6.0814e+09	5.73513e+10	1.22193e+11	-4.56502e+09	-6.40103e+10	1.62936e+11
9.5e-10	-8.82912e+09	-9.69706e+10	-1.50528e+11	-1.33568e+08	2.24109e+11	1.01558e+11	-4.82051e+09	1.98988e+11	-7.00894e+10	-1.55276e+10	-4.81152e+10	7.1856e+10
9.55e-10	5.19518e+09	1.40239e+10	-4.92193e+10	4.31562e+09	7.09969e+10	-8.0755e+10	8.605e+08	1.92068e+11	-8.09683e+09	-1.00757e+10	-1.24058e+11	1.26588e+10
9.6e-10	-1.02262e+10	5.60966e+10	-1.62375e+11	-1.25762e+10	5.94058e+10	1.82413e+11	-8.26638e+08	6.49521e+10	6.83062e+10	-1.15025e+10	1.15682e+11	8.53402e+10
9.65e-10	7.78436e+09	1.62244e+11	2.28268e+10	5.16991e+09	5.24616e+10	-9.08064e+10	1.24289e+10	-1.08336e+11	1.03607e+11	-2.0732e+10	-9.02708e+10	-1.26467e+11
9.7e-10	-1.31665e+10	7.55488e+10	1.04651e+11	-1.01214e+10	-2.23706e+11	-8.35993e+10	-1.01733e+10	-2.56107e+10	-2.17568e+10	-5.67657e+09	-9.27688e+10	-1.28895e+11
9.75e-10	-9.70736e+09	1.14472e+11	7.63371e+10	-1.60051e+10	2.18676e+11	1.27493e+11	3.06407e+08	5.92268e+10	-8.29926e+10	-8.18494e+09	-7.87276e+10	1.36413e+10
9.8e-10	-7.34731e+09	1.12548e+10	4.89251e+10	-7.55865e+09	-3.00379e+10	-2.83855e+10	-1.12898e+10	-4.52199e+11	1.75862e+11	6.09917e+09	1.63732e+11	-2.78673e+10
9.85e-10	-1.22805e+10	1.16375e+11	-1.33238e+11	-4.55952e+09	7.32038e+10	4.71647e+10	-1.75667e+10	8.15388e+10	-1.23595e+11	-1.54195e+10	1.25064e+11	1.33042e+11
9.9e-10	1.20135e+10	1.21479e+11	2.55756e+11	-1.16245e+10	2.7177e+10	1.99129e+10	-1.62021e+10	1.23307e+11	1.8697e+11	-7.55849e+09	-4.03355e+11	-1.55171e+11
9.95e-10	2.01212e+09	-2.82943e+11	1.55608e+11	7.09396e+08	1.51066e+11	1.56999e+10	-3.66672e+10	-1.07864e+11	-3.2794e+11	-1.58715e+10	2.22327e+11	-4.55611e+10
1e-09	-7.77431e+09	4.76687e+10	-2.49505e+10	3.13706e+09	-6.14515e+09	-4.43711e+09	-1.62339e+10	-2.73521e+10	-1.00982e+11	6.08483e+09	2.69234e+11	-9.31116e+10
