Fri Oct 18 00:02:42 2024

<base> : Rectangle : 0m, 0m, 0m; 1.5um, 50nm, 5nm. Cells : 300, 10, 1. Cellsize : 5nm, 5nm, 5nm
<supermesh> : Rectangle : 0m, 0m, 0m; 1.5um, 50nm, 5nm. Cells : 300, 10, 1. Cellsize : 5nm, 5nm, 5nm

Saved data (dataname (unit) <meshname> (cells_rectangle)) : 

time (s)	<mxdmdt> (1/s) <base> (300nm, 0m, 0m; 310nm, 50nm, 5nm)			<mxdmdt> (1/s) <base> (500nm, 0m, 0m; 510nm, 50nm, 5nm)			<mxdmdt> (1/s) <base> (700nm, 0m, 0m; 710nm, 50nm, 5nm)			<mxdmdt> (1/s) <base> (900nm, 0m, 0m; 910nm, 50nm, 5nm)			<mxdmdt> (1/s) <base> (1.1um, 0m, 0m; 1.11um, 50nm, 5nm)			

0	-17596.8	709988	809920	100904	-293118	1.84345e+06	24048.8	-589832	-757049	-52972.6	131640	-520642	523472	3.37247e+06	-3.49259e+06
5e-12	7.2425e+09	-1.65297e+11	-8.77294e+09	-1.27222e+09	1.58316e+11	-2.90968e+10	4.20071e+09	1.54201e+11	1.14111e+11	-2.1396e+09	2.62574e+11	2.09541e+11	-3.11296e+10	1.69677e+11	1.02495e+11
1e-11	1.52833e+10	-2.3339e+11	4.10503e+10	-7.93908e+09	-3.75141e+10	-2.12532e+10	-4.80002e+09	-1.49971e+11	-1.43497e+11	-1.72658e+10	-1.62733e+11	-5.09924e+09	1.68073e+10	7.69258e+10	1.35592e+11
1.5e-11	-6.87038e+09	-1.12633e+09	-1.46701e+11	2.75265e+09	-4.18623e+10	-1.29263e+11	1.26416e+10	3.13511e+08	-1.12184e+11	-2.85947e+10	-1.02252e+11	-3.19123e+11	-1.42264e+10	-3.68187e+11	1.47077e+11
2e-11	7.57518e+09	1.74736e+10	-3.2112e+11	-1.9378e+10	-2.33346e+11	-1.06506e+11	-2.09651e+10	-1.11254e+10	-4.46034e+09	2.36476e+09	-1.08299e+11	-1.74793e+11	1.15084e+10	2.00914e+11	7.13703e+10
2.5e-11	-5.37889e+09	5.58777e+10	-3.66096e+10	-1.85609e+10	1.15782e+11	4.2005e+10	-2.39075e+10	1.7106e+11	-1.15376e+11	-2.83987e+10	1.2057e+11	1.17e+11	-1.59639e+10	1.51622e+11	1.37083e+11
3e-11	-2.78435e+10	1.64417e+11	4.15088e+11	-4.03012e+09	2.4986e+11	-3.1938e+11	-5.90882e+08	3.36352e+10	1.69486e+11	-1.30427e+10	-5.59419e+10	-2.34291e+10	-2.24141e+10	4.48074e+10	2.89594e+11
3.5e-11	-1.47853e+10	-1.32497e+11	1.42989e+11	-1.87473e+10	-1.97348e+11	7.87348e+10	-2.16185e+10	1.27619e+11	5.54604e+09	3.72224e+09	-1.93335e+11	-1.64845e+11	1.06132e+10	-6.23286e+10	3.91493e+11
4e-11	4.86518e+10	-2.20305e+11	-9.77918e+10	2.41529e+09	1.89608e+11	1.64667e+11	1.33683e+09	2.21536e+11	-1.28468e+10	6.22212e+09	-4.6412e+10	7.34346e+10	-3.44368e+09	-1.41566e+11	6.62984e+10
4.5e-11	-3.08153e+10	2.64182e+11	3.71968e+11	-1.0773e+09	1.07029e+11	-1.40001e+11	-1.51928e+10	-8.05209e+09	3.3311e+11	-7.1249e+09	1.24235e+11	-5.41393e+10	-8.8214e+09	2.9764e+11	-1.38751e+11
5e-11	4.24719e+09	-2.7088e+11	-4.55375e+10	-1.44331e+10	-1.04608e+11	-7.53585e+09	-1.78206e+10	2.94361e+11	7.31738e+10	1.52891e+10	1.70282e+11	-1.66037e+11	-1.97902e+10	2.83763e+11	9.44906e+10
5.5e-11	1.83486e+10	-3.06e+10	2.06877e+11	2.45981e+09	5.59675e+10	-7.08387e+10	7.22432e+08	-2.4772e+11	-3.91422e+10	-2.4555e+10	6.07311e+10	1.62108e+11	-1.21782e+09	1.09415e+11	6.79626e+10
6e-11	1.4441e+10	-7.47653e+10	7.37334e+09	-7.23256e+09	-2.23853e+11	-1.85189e+11	-4.74013e+09	5.70263e+10	-1.1178e+11	2.19157e+10	-1.16279e+11	-1.59167e+11	-3.5448e+09	-5.8118e+10	5.22404e+10
6.5e-11	-1.05339e+10	5.49217e+09	-3.96665e+10	9.59054e+09	1.85171e+11	9.37367e+10	-1.17935e+10	4.09732e+10	4.26125e+10	1.66152e+09	-6.98828e+10	-1.17551e+11	4.52592e+09	-8.73084e+10	-5.57888e+10
7e-11	-1.73406e+09	-7.14833e+10	-2.03444e+10	-2.28728e+10	1.6318e+11	-1.97069e+10	-6.91186e+08	-3.41079e+10	-1.51031e+11	1.13629e+09	-1.73968e+11	5.9526e+09	1.85482e+10	4.64965e+10	5.32611e+10
7.5e-11	-4.45017e+09	-4.63123e+10	4.33359e+10	-3.77296e+08	4.45802e+10	5.54393e+10	1.24129e+10	2.49287e+11	-2.84671e+11	-3.22469e+09	6.53597e+10	-1.64016e+10	-8.68463e+09	-8.54589e+09	9.923e+10
8e-11	2.43526e+09	-6.22494e+10	1.47842e+11	1.56855e+10	-1.79748e+11	-9.94226e+10	-8.86397e+09	8.22138e+10	8.29316e+10	-8.14101e+09	1.34384e+11	-3.06249e+10	-2.49641e+10	3.12056e+11	-4.7934e+10
8.5e-11	-6.24379e+09	-1.4372e+11	5.12924e+10	-4.75636e+09	-1.99987e+11	-1.18427e+11	9.46418e+09	3.65564e+11	7.39448e+10	2.56764e+09	2.48139e+11	-1.15561e+11	-7.79518e+09	1.46779e+11	1.08551e+11
9e-11	2.56543e+09	7.91929e+10	-1.37791e+10	-1.4986e+10	-8.22704e+10	3.34483e+11	-2.09984e+10	-1.46586e+11	-4.84033e+09	1.31035e+10	-1.13842e+11	1.25192e+11	-6.71321e+09	1.87485e+11	-6.67981e+10
9.5e-11	-1.12396e+10	-7.75942e+10	9.24641e+10	-1.82356e+10	1.27977e+11	-4.03977e+08	1.4806e+10	4.22999e+11	1.35652e+10	-2.01334e+09	3.31623e+11	3.5941e+10	9.47301e+08	5.14933e+11	1.45606e+11
1e-10	7.36737e+09	5.55601e+08	-2.36454e+09	-4.48346e+09	-2.00095e+11	1.96493e+11	-3.00893e+09	5.26824e+10	1.5404e+11	-7.83552e+08	1.66395e+11	-1.21465e+11	3.33234e+09	-1.37302e+11	-3.07148e+11
1.05e-10	4.6818e+09	3.1997e+10	1.13822e+11	-7.05226e+09	5.86694e+10	5.62102e+07	-1.05316e+08	3.21779e+10	-3.28399e+10	-1.24817e+10	8.55263e+10	5.00905e+08	-1.73524e+10	2.72299e+11	2.38803e+11
1.1e-10	-1.28135e+10	-1.39977e+11	1.15019e+11	-1.91859e+10	-8.82953e+10	2.85128e+11	-5.58859e+09	1.55867e+11	1.47338e+11	-7.1193e+09	-2.73239e+11	8.67703e+08	2.33159e+10	-1.59687e+11	-3.11958e+11
1.15e-10	1.21957e+10	1.2691e+11	1.07927e+11	-1.36889e+10	-4.41958e+10	1.55001e+11	1.30783e+09	1.49155e+11	6.17352e+10	-5.93222e+08	-5.4773e+10	1.1856e+11	-1.8319e+10	-1.47098e+10	1.505e+11
1.2e-10	6.77305e+09	-3.03607e+11	1.51232e+11	-1.82287e+10	5.16513e+10	-1.57288e+11	-4.94445e+09	1.28445e+11	1.03586e+11	-1.60378e+08	-5.03274e+10	7.63775e+10	-1.63154e+10	1.56397e+11	-1.34362e+11
1.25e-10	-1.25963e+10	-1.65142e+11	-9.02438e+10	1.27197e+10	5.94802e+10	2.65324e+11	5.93013e+09	3.59631e+10	1.20755e+11	-1.44587e+10	-1.08168e+11	-1.30032e+11	-7.53978e+09	4.38488e+10	1.49654e+10
1.3e-10	-2.19418e+10	1.44787e+11	4.06776e+10	-4.51137e+09	5.04937e+10	-1.21966e+11	1.21805e+10	1.63104e+11	-2.90086e+11	-2.2439e+09	-1.61453e+11	2.81527e+10	-1.7955e+10	1.6642e+11	-2.24981e+11
1.35e-10	-9.94052e+09	-1.96581e+11	-1.58861e+11	-5.18384e+09	-1.34493e+11	-8.00046e+10	-5.2851e+09	-7.09035e+10	-1.15997e+10	-2.31774e+10	8.18112e+09	9.7487e+10	-4.11663e+09	-1.065e+11	-3.22312e+10
1.4e-10	-1.4192e+09	-1.92928e+10	-1.20637e+11	-9.357e+09	-1.43807e+11	4.57728e+10	-2.04173e+10	3.70595e+11	-6.3408e+10	6.08971e+09	-1.6747e+11	4.91897e+10	-1.17481e+10	5.12668e+10	3.07577e+10
1.45e-10	-2.84396e+09	6.3685e+10	9.42877e+09	-3.94028e+09	8.57298e+10	2.7829e+10	-8.69634e+09	8.6188e+10	1.02123e+11	-1.21289e+10	1.71608e+11	2.37424e+10	-1.74031e+10	-7.9647e+10	2.07425e+11
1.5e-10	-3.19787e+09	-3.97253e+10	4.55349e+10	-6.86946e+09	1.98086e+11	-6.87134e+10	-1.23907e+10	8.67719e+10	3.75364e+10	-9.51431e+09	7.8283e+10	6.6246e+10	-4.06962e+09	-3.56442e+10	-4.02319e+10
1.55e-10	2.36518e+10	1.6199e+11	-9.19383e+10	-2.61393e+10	2.85794e+11	-3.3135e+11	-1.06484e+10	-1.78533e+11	7.39949e+09	3.59111e+09	-2.0268e+11	-4.48182e+10	-2.13605e+09	9.13056e+10	5.16532e+10
1.6e-10	-5.64844e+09	-4.23618e+10	9.12601e+10	-4.79124e+09	4.05297e+09	1.14146e+11	-1.84159e+09	-1.71594e+11	-1.84251e+11	3.63169e+09	5.3628e+09	9.09558e+10	-8.00783e+09	-2.08303e+10	-9.8091e+10
1.65e-10	-8.50983e+08	-1.81185e+11	-1.87813e+11	2.19951e+09	1.51143e+10	4.47676e+07	-9.61575e+09	4.61041e+10	-1.13416e+11	-1.37987e+10	1.34389e+11	1.43688e+11	4.44808e+09	9.00349e+10	1.7401e+11
1.7e-10	2.16924e+09	9.70725e+10	-4.56193e+10	1.34645e+10	-2.19508e+11	1.30004e+11	2.29693e+09	-1.02717e+11	2.72663e+11	2.06693e+09	-1.88942e+11	-9.88809e+10	-1.8885e+09	1.55505e+11	3.34279e+10
1.75e-10	-7.0363e+09	1.5651e+11	-1.15457e+11	9.35298e+09	-1.62373e+11	6.25887e+10	2.22349e+10	6.80966e+10	2.2542e+11	-2.75816e+09	1.76278e+11	3.08031e+11	-9.76622e+08	-1.32778e+10	-4.8037e+10
1.8e-10	-6.3058e+09	1.11495e+11	-6.38738e+10	1.72858e+10	-6.48651e+10	1.23554e+11	-3.96712e+09	2.24959e+10	5.06107e+10	1.33338e+10	1.43029e+11	-3.20299e+11	1.62793e+08	7.51655e+10	3.22412e+11
1.85e-10	-1.84438e+09	-1.80966e+11	3.61919e+10	6.22659e+09	3.5875e+10	-9.65047e+10	-2.90925e+09	-9.39016e+10	3.84773e+09	-1.48288e+10	8.17887e+10	1.0602e+11	2.52371e+09	-2.16213e+11	-2.60757e+11
1.9e-10	-1.60572e+10	-2.31476e+11	-2.22658e+10	-1.73337e+09	1.42426e+11	-3.41928e+10	4.97517e+09	1.62029e+11	1.58689e+11	-6.49756e+09	-4.25719e+11	-8.97991e+10	-2.13017e+09	-1.06205e+10	-2.74722e+10
1.95e-10	-2.12884e+10	-8.10758e+10	1.40065e+10	3.41428e+09	-5.04294e+10	-5.66095e+10	-4.24072e+09	1.57473e+11	5.71865e+10	-2.86992e+09	1.20796e+11	-9.44476e+10	-3.52962e+09	-8.16879e+10	-2.27858e+09
2e-10	-3.72547e+10	-8.70965e+10	2.59978e+11	-9.04919e+09	5.36997e+10	-5.22403e+10	6.69209e+09	-6.73219e+10	2.04664e+11	-7.75943e+09	-1.18019e+11	3.20352e+10	-6.72434e+09	2.55299e+11	-1.80456e+11
2.05e-10	5.57839e+09	-2.48554e+11	-3.58101e+11	-8.58901e+09	-8.40696e+10	4.5554e+10	6.41936e+09	-1.59827e+11	-1.68396e+11	-2.59107e+10	-1.17277e+10	1.7225e+11	3.42917e+09	-5.40362e+09	-3.4976e+10
2.1e-10	-2.51921e+10	-4.03651e+10	2.19161e+11	-5.60002e+09	1.60465e+11	4.07487e+10	-1.22016e+10	9.07793e+10	1.73201e+11	-6.41684e+09	-1.47711e+11	-7.35863e+10	-3.89729e+09	-1.85063e+11	-4.83876e+09
2.15e-10	-5.54266e+09	4.14772e+10	1.49472e+11	5.61273e+09	1.10228e+11	2.67231e+11	-1.63497e+10	-5.25616e+10	4.0413e+10	-5.06244e+09	1.7563e+11	5.35066e+10	2.74556e+09	-2.46514e+10	-9.49842e+10
2.2e-10	-2.13349e+10	3.33788e+11	7.89395e+10	-1.23176e+10	-6.33239e+10	-5.80178e+10	1.39059e+10	-5.5002e+10	-1.42784e+11	-1.51844e+10	1.01697e+10	-2.00004e+10	2.07902e+10	1.78969e+11	3.07751e+11
2.25e-10	9.4496e+08	-1.50305e+11	-7.66523e+10	-3.04089e+09	1.24399e+11	-1.02558e+11	-1.52146e+10	-2.36764e+11	-1.84974e+11	-5.36523e+09	1.92949e+10	1.5865e+10	-2.43717e+10	9.38678e+10	5.09593e+10
2.3e-10	7.51542e+08	2.37884e+11	-1.39038e+11	-1.45846e+10	-1.96123e+11	-1.16457e+11	-1.95961e+10	2.21661e+11	9.55712e+10	2.31283e+09	-1.57804e+11	-3.52356e+10	-6.26303e+09	-5.88062e+10	2.34567e+10
2.35e-10	4.87825e+09	4.07094e+11	-1.40133e+11	-7.60134e+09	6.97456e+10	8.69917e+10	-7.84485e+09	9.41295e+10	2.71276e+10	-1.90349e+10	1.03471e+10	3.42406e+10	-9.17764e+09	-5.36285e+09	-2.58903e+11
2.4e-10	-2.61038e+10	-1.7696e+10	2.12786e+11	-1.46109e+10	-1.52987e+11	2.96293e+11	7.95147e+09	1.01803e+11	-7.02339e+10	-2.04678e+10	-1.06774e+11	2.91613e+11	-3.18812e+09	-7.13845e+10	-1.71178e+11
2.45e-10	-1.52074e+10	-3.4442e+11	-6.68437e+10	-1.30606e+09	1.59209e+10	-8.73822e+10	-6.9331e+09	-6.68643e+10	-1.63821e+10	-2.72861e+09	-1.33286e+11	-2.75062e+09	-1.44574e+10	8.54103e+10	3.78357e+10
2.5e-10	-1.82547e+10	-7.29712e+10	-1.17534e+11	-9.90883e+09	2.33249e+11	-3.76928e+10	-1.21341e+10	1.03302e+11	5.64499e+10	4.12158e+09	-8.53945e+10	6.1204e+10	-2.9639e+09	3.15706e+11	-4.82274e+10
2.55e-10	1.23656e+08	1.16854e+10	2.80731e+10	8.08522e+09	1.07984e+11	1.29817e+11	8.96739e+09	-5.12429e+10	-2.28892e+11	-1.22738e+10	-9.38591e+10	1.19295e+11	-4.1713e+09	-3.1133e+11	-1.0275e+11
2.6e-10	-3.65834e+09	-2.73664e+11	4.24521e+10	-7.05449e+08	3.45476e+10	9.47815e+10	5.60264e+09	4.54037e+10	-7.36816e+10	-2.42394e+10	-2.79162e+10	1.03965e+11	6.46866e+09	1.70683e+11	-1.59954e+11
2.65e-10	8.13022e+09	2.94367e+11	1.31967e+10	-1.02981e+10	-2.41159e+11	7.42551e+10	1.14777e+09	-3.5413e+11	1.34138e+11	-2.35523e+09	-6.48491e+10	-1.2088e+11	1.75799e+10	7.65259e+10	1.45323e+11
2.7e-10	9.50219e+09	7.25888e+10	3.76144e+10	-3.12265e+09	-2.38953e+11	4.01281e+10	-2.94284e+10	-1.99143e+11	-4.89502e+10	-1.4339e+10	3.30081e+09	7.37326e+10	-3.02652e+10	-7.05808e+10	-4.00882e+11
2.75e-10	-1.40354e+09	1.67361e+11	3.32098e+10	-6.83871e+09	1.12968e+11	-1.5087e+11	8.43268e+09	1.72431e+11	-8.33263e+10	9.62438e+09	-1.32709e+11	9.26183e+10	-2.53816e+10	1.39265e+11	2.58019e+11
2.8e-10	-1.95519e+09	-1.77998e+11	-2.8079e+09	1.83844e+08	-1.98267e+10	4.18352e+10	-5.02497e+09	-6.9932e+09	6.55993e+10	-9.21467e+09	3.4954e+10	-9.46133e+09	-1.08489e+10	1.33271e+11	1.12002e+11
2.85e-10	-5.99519e+09	1.13306e+11	-3.72096e+10	5.88853e+09	-1.37164e+10	1.13802e+11	-3.02854e+10	-6.44858e+09	2.64576e+11	2.72856e+09	-2.09045e+11	3.1556e+11	-1.88769e+10	1.55341e+11	-1.02286e+11
2.9e-10	5.79979e+08	-1.0615e+11	-3.56271e+11	-5.23685e+09	1.5698e+11	-6.29839e+10	-1.12121e+10	-1.16047e+11	8.98401e+10	9.17236e+09	-1.12671e+10	2.82807e+11	5.43305e+09	-8.25482e+10	1.16173e+11
2.95e-10	-1.42485e+10	-2.87076e+10	-1.25842e+11	8.7331e+08	-9.85842e+10	2.32771e+11	-1.74281e+10	-6.52378e+10	1.41401e+11	-1.81626e+10	1.87556e+11	6.49846e+09	2.18752e+10	1.90055e+11	3.83446e+10
3e-10	-2.05968e+09	-2.97002e+10	9.12186e+10	5.78692e+09	-2.30503e+11	1.78537e+11	5.8601e+09	1.51769e+11	1.56491e+11	2.02335e+09	3.13584e+10	-1.4094e+11	-2.97448e+09	-1.13781e+10	1.83432e+11
3.05e-10	-2.89182e+09	-1.96721e+09	4.93654e+10	5.5084e+09	-2.2284e+11	-9.41668e+10	-1.32467e+10	2.96519e+11	-2.12853e+11	-1.72303e+10	-1.47231e+10	-1.98949e+11	-2.01763e+09	1.96981e+11	6.18037e+10
3.1e-10	-2.48166e+08	-5.70237e+10	8.42549e+10	-8.27655e+09	5.49022e+10	-1.00164e+11	-9.85334e+09	-1.1359e+11	-1.26677e+11	1.01365e+10	-1.9853e+11	2.53737e+10	2.87612e+09	-1.40005e+11	-9.258e+10
3.15e-10	-3.82979e+10	1.79078e+10	3.15357e+11	-7.66769e+09	-2.55539e+10	6.0019e+10	-7.43904e+09	1.00368e+11	1.00323e+10	-1.00137e+10	2.10881e+11	-7.89235e+10	-4.54263e+09	5.69176e+10	-2.86103e+11
3.2e-10	4.9638e+09	1.00483e+11	-1.70948e+11	9.91863e+09	-2.52823e+10	-2.29388e+10	1.40968e+10	-1.17845e+11	1.69396e+09	-7.39953e+09	4.46733e+10	1.47037e+10	-2.51537e+09	1.67728e+10	-1.06433e+11
3.25e-10	-3.77305e+09	1.5188e+11	1.22346e+10	-9.53789e+09	6.4229e+10	1.42621e+11	4.76506e+09	-1.97857e+11	-3.13571e+09	-5.0406e+09	-1.2889e+11	-1.78789e+11	-9.25512e+09	-1.45466e+11	-1.08359e+11
3.3e-10	1.71749e+09	-3.10108e+10	-1.84112e+11	-2.63139e+09	-1.43639e+11	3.72896e+10	-9.30189e+09	-9.54992e+10	-2.91963e+09	-1.0556e+10	-6.93426e+10	3.28113e+10	1.11111e+10	2.31686e+11	-8.99963e+10
3.35e-10	-5.08098e+09	7.53891e+10	-1.49848e+11	-1.59617e+10	-1.65724e+11	-1.84661e+11	-1.59104e+10	2.35657e+11	-1.217e+11	1.1764e+10	-7.18015e+10	-1.76296e+10	-2.39842e+10	-7.60979e+10	1.27902e+11
3.4e-10	-6.40152e+09	-9.10597e+09	6.81923e+10	-2.90996e+09	-5.21083e+10	1.04246e+11	-5.40148e+09	2.24044e+11	1.6185e+11	-8.03107e+09	1.05183e+11	6.26323e+10	1.03132e+10	-1.45705e+11	8.93573e+09
3.45e-10	5.07294e+09	3.40594e+10	-5.20482e+10	4.48587e+09	8.78317e+09	-2.74695e+11	-9.88574e+09	-1.13956e+10	4.74603e+10	-1.83237e+10	2.41844e+11	1.51343e+11	-1.90221e+10	2.73267e+10	8.59596e+10
3.5e-10	-5.99081e+09	-2.20008e+10	-2.89505e+11	-6.16984e+09	1.65736e+11	1.26249e+11	-8.78721e+09	3.24454e+11	-2.6846e+11	5.07937e+09	1.42348e+11	3.27293e+11	1.67032e+10	-2.26185e+11	8.26448e+10
3.55e-10	-1.32226e+10	-1.96906e+11	-1.06022e+11	-1.51281e+10	-5.60421e+10	-1.36214e+10	3.61364e+09	-1.33787e+11	-2.57676e+11	-2.11389e+10	-1.71809e+11	1.66029e+11	7.71245e+08	-8.56601e+10	7.31493e+10
3.6e-10	-6.374e+09	1.05714e+11	-4.31813e+10	-1.02676e+10	-8.05681e+10	1.38085e+11	-7.27763e+09	7.523e+10	-7.66633e+10	-6.80497e+09	2.63654e+11	3.36602e+09	4.73239e+09	2.1952e+11	-2.70883e+10
3.65e-10	-6.22584e+09	1.69684e+11	-1.90071e+11	8.53953e+09	5.9942e+10	-3.11141e+11	-1.57075e+10	2.63105e+11	-1.26635e+11	7.82313e+08	-2.17193e+11	2.02998e+11	-6.28603e+09	-9.43343e+10	7.77173e+10
3.7e-10	-3.38791e+09	-1.18109e+08	-3.43352e+10	-1.46541e+10	5.58259e+10	7.13116e+10	-3.11021e+09	-1.04956e+11	6.61047e+09	-2.03351e+09	1.96656e+11	-1.7327e+11	3.63901e+09	1.5315e+11	-9.06686e+10
3.75e-10	4.68829e+09	-1.8503e+11	-1.53168e+11	-4.21519e+09	7.21669e+10	-4.83945e+10	-4.68143e+09	-1.29441e+11	-8.62548e+10	-6.48985e+09	2.94327e+11	-2.36419e+11	-5.56301e+08	-1.15958e+11	4.26163e+10
3.8e-10	-9.91748e+09	-6.99403e+10	-5.13525e+10	-7.45679e+09	-1.77915e+11	7.05178e+10	-2.3978e+10	-6.47203e+10	-1.78757e+11	4.83522e+08	1.00137e+11	7.93952e+10	-3.12399e+10	2.08246e+11	-1.44401e+11
3.85e-10	-3.78747e+10	-6.35471e+10	-2.97509e+11	-4.24403e+10	-1.56588e+11	-3.25711e+10	6.4115e+09	-9.70968e+10	2.09991e+10	-1.06119e+10	-3.18789e+10	-1.27681e+11	-1.30356e+10	-1.02588e+11	-2.796e+11
3.9e-10	-2.20341e+10	-5.29737e+10	5.59171e+10	-8.45927e+09	5.08141e+10	-7.01656e+10	1.76937e+10	-2.94549e+11	2.73306e+11	-2.98869e+09	2.59842e+11	-2.05108e+11	8.78505e+09	1.59713e+11	1.2446e+11
3.95e-10	-3.73112e+09	-1.07971e+11	-9.12702e+10	6.19055e+09	6.26378e+10	8.26352e+10	-5.12665e+09	-8.79947e+10	-1.21843e+11	-4.11134e+09	-2.69533e+11	-2.39806e+11	-9.0326e+09	3.25287e+09	5.94852e+10
4e-10	-8.98371e+09	1.11561e+11	4.84015e+10	-9.60887e+09	3.1961e+10	-4.60325e+10	8.55354e+09	-2.73696e+11	5.42633e+10	-2.97253e+09	3.82491e+10	-1.821e+11	-1.65126e+09	6.47485e+10	-2.92944e+10
4.05e-10	-1.69622e+10	-1.63141e+11	5.3538e+10	1.92065e+10	1.42882e+11	2.9402e+11	6.65839e+08	5.90542e+09	-9.71532e+10	-5.72848e+09	-1.44663e+11	-3.16388e+11	5.31827e+09	-1.77324e+11	-1.2127e+10
4.1e-10	-1.15242e+10	2.46068e+11	2.2841e+11	-1.86493e+10	-9.19134e+10	-1.12375e+11	1.24647e+10	-1.75855e+11	3.56511e+10	-5.3342e+09	8.5007e+10	-6.94164e+10	-2.02419e+10	1.08065e+11	-4.41554e+10
4.15e-10	7.57868e+09	-2.3154e+10	-2.12141e+11	-1.67031e+10	-9.42581e+10	1.68412e+11	-2.75912e+09	-1.92981e+10	-4.30442e+10	-1.03367e+10	-2.10037e+11	-8.40318e+10	6.57511e+09	5.17931e+10	5.06463e+10
4.2e-10	-1.18423e+10	-2.5244e+11	-1.40651e+11	-1.40114e+10	2.62186e+11	1.54266e+10	-1.03975e+10	1.19191e+10	6.44868e+10	8.77672e+09	-1.14057e+11	1.15132e+11	-3.95709e+09	2.93525e+10	1.81282e+11
4.25e-10	-2.7806e+10	2.05194e+11	8.17934e+10	-1.37422e+10	-4.94579e+09	-1.88783e+11	-1.48731e+10	-2.64989e+11	-8.18538e+10	-1.09513e+10	-1.13705e+11	-2.26056e+11	-1.19573e+10	9.0074e+08	-8.54928e+10
4.3e-10	2.78225e+10	-1.78167e+11	-1.17999e+11	1.26307e+09	1.70378e+11	-5.46215e+10	2.6755e+09	-5.50093e+10	1.71826e+10	8.67531e+08	6.6359e+10	3.80728e+10	2.88447e+09	4.15423e+10	-2.73245e+10
4.35e-10	-7.68843e+09	2.30707e+11	1.93776e+10	4.03505e+08	2.34616e+11	-4.52926e+10	-9.8768e+09	9.39956e+10	1.26241e+10	6.57731e+09	4.57464e+10	9.13823e+09	1.51568e+10	-1.53059e+11	8.3665e+09
4.4e-10	-1.86996e+10	-3.85868e+10	3.52927e+10	5.58152e+09	-2.35871e+11	-5.16101e+10	-8.01334e+08	-1.77016e+11	-1.39036e+10	-2.17327e+10	2.4729e+11	3.54199e+10	6.81611e+09	-4.50676e+10	-1.27797e+11
4.45e-10	-2.18776e+10	-1.82055e+11	1.91281e+11	3.37869e+09	-3.68657e+11	-3.25019e+10	3.59397e+09	-2.59851e+10	-9.753e+10	4.27307e+08	-2.08547e+11	-1.2448e+11	7.36957e+09	-1.16179e+11	2.88294e+10
4.5e-10	-1.54551e+10	6.97559e+09	1.83742e+11	-2.38794e+10	6.56788e+09	-1.37863e+11	-2.48015e+09	9.3934e+10	1.09944e+11	-7.21138e+09	-1.54485e+10	-4.57387e+10	-2.68067e+09	-1.65871e+10	2.2958e+11
4.55e-10	-1.21992e+10	2.05678e+11	-5.04029e+10	-6.95439e+09	1.56104e+11	9.15022e+10	5.97789e+09	1.20281e+09	5.902e+10	-6.15004e+09	-1.00054e+11	1.43988e+11	1.78655e+08	3.54204e+11	-1.19159e+10
4.6e-10	-2.2254e+10	1.6382e+11	-9.56882e+10	1.46688e+10	-1.05838e+10	1.90953e+11	-1.32821e+10	1.2565e+11	2.85658e+11	-2.44372e+10	2.45164e+11	1.45938e+11	-5.26224e+09	1.24006e+11	-1.75328e+10
4.65e-10	-1.6031e+10	4.65167e+10	-4.00791e+10	1.21372e+10	-3.90904e+11	1.07557e+11	-5.40955e+09	1.72014e+11	-1.04009e+11	-1.5988e+10	-1.77598e+11	3.75979e+10	1.00091e+10	-1.12004e+10	-1.13725e+11
4.7e-10	-9.70979e+09	-1.38516e+11	-5.70501e+10	-8.85213e+09	-1.0945e+10	-1.87649e+11	-4.36461e+09	-8.53643e+09	1.75299e+10	-2.57581e+09	9.48055e+10	-1.07402e+11	9.75334e+09	2.0672e+10	-1.83545e+11
4.75e-10	-3.40552e+09	-8.14842e+10	-2.74866e+10	4.1042e+08	-1.84414e+11	1.75208e+11	-1.72426e+09	3.61293e+10	1.80768e+11	-1.79438e+10	8.05169e+10	-9.6851e+10	-6.25426e+08	5.96695e+10	-3.37422e+10
4.8e-10	-1.81604e+10	-9.65432e+10	4.94775e+10	-1.82704e+10	-1.08134e+11	-1.07212e+11	1.3329e+10	5.39181e+10	1.75837e+10	1.29181e+09	1.03911e+11	8.77396e+10	-6.09373e+09	-9.40836e+09	-1.278e+10
4.85e-10	-5.61955e+09	2.7704e+11	1.51644e+09	-1.11243e+10	-5.97703e+10	-9.35134e+10	-1.23013e+10	6.65372e+10	-1.02907e+10	6.7699e+09	6.8057e+10	-1.14412e+11	6.26258e+09	-4.3215e+10	1.07495e+11
4.9e-10	1.06257e+10	1.15674e+11	-1.39683e+11	-3.33605e+09	-6.27662e+10	3.87064e+10	-3.93685e+09	-5.60573e+10	-3.51534e+10	1.65904e+08	-1.74849e+11	-1.53134e+11	2.8413e+09	-1.65407e+11	5.63836e+10
4.95e-10	1.52717e+10	2.13788e+11	-1.00348e+11	-1.80484e+10	1.39565e+10	1.6027e+11	-1.47234e+10	1.67917e+11	-6.86326e+10	6.22337e+09	-1.77328e+11	-9.32632e+09	-9.9747e+08	2.83868e+11	2.32245e+11
5e-10	-5.61782e+09	1.68278e+11	6.27338e+09	-2.18785e+09	-1.78509e+10	-1.90925e+11	5.36474e+09	-1.37916e+11	1.8433e+11	-1.62634e+10	8.82997e+10	6.71447e+10	-5.80427e+09	3.98321e+11	-5.81037e+10
5.05e-10	8.82969e+09	-8.1089e+10	-4.41187e+10	-9.26679e+09	-5.07349e+10	-8.40992e+09	-1.32074e+10	-3.61579e+11	-5.40523e+10	-4.46504e+09	1.18023e+11	1.50644e+11	1.69244e+09	1.04419e+10	-1.11965e+11
5.1e-10	-1.4531e+10	1.03046e+11	-2.97513e+10	-1.91259e+10	-1.00608e+11	-3.2997e+10	-8.25376e+09	4.41829e+10	-4.67524e+10	-8.49977e+09	-1.17773e+11	-1.12184e+11	-1.55791e+10	6.56733e+10	9.30848e+10
5.15e-10	1.43189e+10	-1.89997e+11	-2.73095e+10	-1.54208e+10	5.19929e+10	3.3872e+11	-3.14806e+10	1.81627e+11	-1.07695e+11	2.58457e+09	-8.1874e+10	-1.1057e+11	3.48514e+08	-2.465e+10	-1.78971e+11
5.2e-10	-3.38514e+09	6.81694e+09	6.29027e+09	2.15708e+10	-7.75751e+10	-3.5886e+11	-3.70763e+09	-1.32081e+11	3.00085e+10	8.435e+09	-1.42194e+11	8.58815e+10	-8.32509e+09	-1.32951e+11	-2.61799e+10
5.25e-10	1.77315e+09	3.41728e+10	-3.8807e+10	-2.28463e+09	1.54924e+11	-2.79787e+10	-8.9618e+09	-2.16695e+11	-3.37085e+11	-3.388e+09	-1.4248e+11	9.22599e+10	3.89345e+09	2.99876e+10	1.29101e+11
5.3e-10	-3.07622e+10	-1.51203e+11	5.06539e+10	5.96062e+09	2.23806e+11	-4.35509e+10	-8.46502e+09	-1.74817e+11	-7.39014e+10	1.87813e+10	-1.88293e+11	-1.15229e+11	1.33343e+10	1.48845e+10	7.41018e+10
5.35e-10	-3.6416e+10	-1.5205e+11	1.31412e+11	2.17401e+09	3.16121e+10	-1.6685e+11	2.88628e+08	-4.17082e+10	-8.18715e+09	-7.80578e+09	1.94801e+10	1.78602e+10	-1.32933e+10	-5.39097e+10	-3.24103e+10
5.4e-10	-9.19854e+09	9.73462e+09	1.06091e+11	-1.06016e+10	5.54114e+10	-1.85699e+11	-4.50698e+09	-9.61472e+10	7.65301e+10	-1.45112e+09	1.31771e+11	6.06411e+10	-5.67179e+08	-1.66751e+11	-2.90913e+11
5.45e-10	-1.23146e+10	-1.28238e+11	3.06823e+11	4.55775e+09	-3.76144e+10	1.66633e+11	-2.08605e+10	1.59451e+11	2.38517e+11	-1.36547e+09	1.07633e+11	-7.85575e+10	3.69491e+09	2.39135e+11	6.16324e+10
5.5e-10	-1.57432e+10	-1.04275e+11	1.61455e+11	1.25408e+09	-7.66737e+10	2.27745e+11	-2.24481e+09	1.31382e+11	1.66192e+10	-1.13165e+10	-1.4315e+11	6.99791e+10	-1.05799e+10	-1.25609e+11	-2.93545e+11
5.55e-10	-1.24627e+10	-2.85814e+11	1.13119e+11	-1.41419e+10	5.61971e+08	6.54482e+10	-9.87659e+09	-5.33249e+10	1.0397e+11	1.16393e+10	8.12145e+10	2.21343e+11	-1.92877e+10	2.98121e+11	1.61094e+11
5.6e-10	-3.2718e+09	-1.09395e+11	-1.48572e+11	-4.05483e+09	1.46573e+10	2.74931e+11	-1.4079e+10	4.09245e+10	3.29505e+10	-1.47567e+10	3.6245e+10	-2.01099e+11	-1.57458e+10	-8.91927e+10	-1.38262e+10
5.65e-10	-9.74188e+09	2.20307e+11	-1.05012e+11	7.91888e+07	1.10171e+11	-2.10266e+10	-9.31113e+08	1.46925e+11	8.39541e+10	-1.62173e+10	-1.51874e+10	7.49529e+10	-1.27629e+10	2.23941e+11	2.21145e+11
5.7e-10	-1.38475e+10	-1.4605e+11	-7.40621e+10	-1.31321e+10	2.46051e+11	-3.09828e+11	-4.45906e+09	-9.97744e+10	-1.50929e+11	2.94113e+08	1.03517e+11	9.17503e+10	-9.39622e+08	-1.02879e+11	-4.09659e+11
5.75e-10	-4.55131e+08	4.80885e+09	-1.86366e+11	6.56257e+09	-1.39194e+11	1.1021e+11	-5.75018e+09	-1.89618e+10	-1.54222e+11	1.64124e+10	-3.22363e+11	8.43819e+10	-1.09901e+10	2.54511e+11	8.63446e+10
5.8e-10	1.91157e+10	-6.43014e+10	1.81165e+11	-1.05865e+10	-1.71459e+10	2.37402e+10	-9.03126e+09	-2.74024e+11	-7.36232e+10	-3.41415e+09	-1.48268e+11	-5.26308e+10	-1.49305e+10	-9.06571e+10	-2.48133e+11
5.85e-10	-1.05559e+10	3.29195e+10	-4.57439e+10	-1.6789e+10	7.19719e+10	5.90281e+10	-1.02797e+10	2.03515e+11	-2.89607e+11	-8.28002e+09	-1.61273e+11	2.11877e+11	-1.95078e+10	1.79503e+11	-9.96269e+10
5.9e-10	-1.02367e+10	-1.02576e+11	-7.29977e+10	-2.55061e+10	1.81699e+11	6.70955e+10	-3.73649e+09	-1.55386e+11	-3.02954e+10	1.02522e+10	2.23195e+11	-9.55419e+10	6.73263e+09	6.93749e+10	-1.03506e+11
5.95e-10	-2.14187e+10	-4.26612e+09	1.7135e+11	-1.55818e+10	1.23748e+11	-9.47408e+10	-1.15293e+10	1.39805e+11	-1.02449e+11	-5.87058e+09	-1.16588e+11	-2.76078e+10	-1.13519e+08	-2.13382e+11	-2.40641e+11
6e-10	-3.43587e+09	1.00685e+11	-2.69403e+10	-7.20466e+09	-1.3465e+11	-1.67197e+11	4.24825e+09	7.02078e+10	-5.10475e+10	-4.0568e+09	1.27678e+11	-7.92162e+10	1.02575e+08	-6.25398e+10	-7.90678e+09
6.05e-10	1.30397e+10	3.55708e+11	1.01949e+11	-4.2109e+09	-1.50719e+11	-2.42078e+10	-1.88046e+10	-1.23379e+11	-1.07527e+11	1.52765e+09	1.20096e+11	1.2162e+11	-1.23729e+10	-3.87108e+10	-1.22298e+11
6.1e-10	-1.70317e+10	-5.91276e+10	-1.73417e+11	-8.77308e+09	-8.54398e+10	-5.37935e+10	6.13195e+09	3.11178e+10	1.03676e+11	-2.80615e+10	1.77627e+11	-3.18253e+11	1.57378e+10	-2.25932e+10	2.18289e+11
6.15e-10	-1.43491e+10	2.22408e+11	-6.32599e+10	-3.69844e+09	-1.53143e+11	-2.55031e+11	1.27314e+09	9.35495e+10	-9.98899e+10	6.74491e+09	1.44768e+11	-6.48429e+10	-3.00551e+10	1.22676e+11	1.47734e+11
6.2e-10	1.3784e+10	-4.81536e+10	3.56356e+10	1.45716e+10	1.19372e+10	-2.0154e+11	-8.60678e+09	3.02182e+11	6.93869e+10	-5.30353e+09	1.03575e+10	4.11762e+10	-2.22255e+10	5.95508e+10	-2.11241e+11
6.25e-10	-2.57749e+09	1.52835e+11	-1.40147e+11	-1.70648e+10	1.98764e+11	5.75814e+10	-2.83743e+09	4.11774e+10	-1.36294e+11	-5.22381e+09	1.09888e+11	-8.22472e+10	-1.64221e+10	9.82703e+09	1.07356e+11
6.3e-10	5.39362e+09	-7.60945e+10	-1.51853e+11	-2.72257e+10	2.47702e+11	2.61796e+11	-5.28933e+09	-2.4772e+10	-5.82499e+10	-1.30963e+10	7.54925e+10	1.09469e+11	-2.77892e+10	-1.83672e+11	-2.19501e+11
6.35e-10	3.10798e+09	-1.67727e+11	-8.28846e+10	-4.13313e+09	-2.32699e+11	-9.96516e+10	2.01541e+09	-6.38326e+10	-1.0134e+11	-6.2405e+09	-9.53993e+10	4.29213e+11	-4.27102e+09	-1.70427e+11	4.95013e+10
6.4e-10	2.54999e+09	2.42558e+10	-1.20247e+11	-7.6438e+08	6.0747e+10	6.67479e+10	-4.60503e+09	-1.49405e+11	1.06361e+11	-5.67243e+09	2.22435e+11	-6.68425e+10	-7.43952e+09	3.50339e+10	8.89635e+10
6.45e-10	-1.39762e+10	1.38237e+11	-1.97368e+11	-2.98411e+10	-4.81605e+10	-3.35057e+11	-3.10296e+09	4.10858e+11	1.429e+11	6.41029e+09	-2.69341e+09	1.28523e+11	4.77026e+09	-2.01968e+11	1.58263e+11
6.5e-10	-1.96902e+10	1.23753e+11	-1.52982e+11	-2.34447e+10	6.14499e+10	-1.27778e+11	-2.25372e+09	3.38455e+10	-8.38175e+10	1.58663e+09	-1.16241e+11	1.84146e+11	-2.13728e+10	-2.07559e+10	-1.63262e+11
6.55e-10	2.93692e+10	-1.85673e+11	2.2685e+11	-6.12985e+09	1.6411e+11	-1.41696e+11	-1.16999e+10	-5.53406e+10	-9.84082e+10	6.53278e+09	1.85911e+10	1.35055e+11	-1.07343e+10	-6.23136e+10	-2.13683e+11
6.6e-10	-2.01536e+10	-5.32143e+10	1.6506e+09	-6.18656e+09	3.81948e+10	5.74786e+10	-1.35388e+10	9.97692e+10	1.35891e+11	-1.60039e+10	1.50284e+10	3.39377e+10	-2.9829e+09	4.44129e+10	-5.03682e+10
6.65e-10	1.25085e+10	1.92855e+11	-1.71353e+11	-4.51795e+09	-9.98124e+09	4.24454e+10	-1.01878e+10	-3.49688e+11	1.28193e+10	-1.75115e+10	2.32428e+10	1.58783e+11	1.06715e+10	-2.65011e+10	-1.54585e+11
6.7e-10	-1.66561e+10	1.95136e+10	2.55685e+10	-1.66227e+10	5.13963e+10	1.86452e+11	1.94597e+10	9.16822e+10	1.99879e+11	-1.753e+10	-8.07099e+10	4.77034e+10	-1.06661e+10	-4.17759e+10	8.85641e+10
6.75e-10	1.88225e+09	-2.35154e+10	-2.36394e+10	1.00464e+10	2.86345e+11	-1.60929e+11	-1.94584e+10	7.91118e+10	-2.55937e+11	-1.76976e+10	-1.63554e+11	2.61056e+11	-4.94488e+09	1.64074e+11	-6.26875e+10
6.8e-10	-9.3732e+09	-1.89949e+10	5.1136e+10	-2.79775e+10	-1.94478e+11	-1.50127e+10	-4.8545e+09	3.25345e+10	-1.40677e+09	-4.33144e+08	-3.93207e+10	5.35777e+10	2.7317e+09	4.80678e+10	6.1073e+10
6.85e-10	-1.72397e+10	2.27973e+11	-1.38411e+11	2.01486e+09	-1.31746e+10	7.07736e+10	-7.96108e+09	-2.09194e+10	-2.00921e+11	-3.48496e+08	-2.0122e+11	-1.8404e+11	-6.91879e+09	-4.13797e+10	-1.11102e+11
6.9e-10	3.34928e+09	-6.18865e+10	-1.05676e+11	-1.26377e+10	1.11664e+11	5.07206e+10	1.33673e+10	2.7587e+10	-3.9905e+10	-1.20451e+10	7.95626e+10	-2.22848e+11	-1.00187e+10	2.49273e+11	1.8715e+11
6.95e-10	-1.71763e+10	-9.66077e+10	-4.65676e+10	5.30807e+09	-2.80885e+11	2.70511e+11	-8.43799e+09	-3.4483e+10	-1.38788e+11	-9.3239e+09	2.38414e+10	1.05075e+11	-6.12805e+09	-3.72576e+10	-1.70489e+11
7e-10	-9.15085e+09	-1.19175e+11	-1.01367e+11	-8.56045e+09	3.07347e+11	-1.86244e+11	3.76467e+09	2.4739e+10	8.67409e+10	8.92944e+08	-3.10138e+10	9.39301e+10	-3.39665e+09	-3.37301e+10	-1.13715e+11
7.05e-10	-1.8558e+10	1.82914e+11	-5.77341e+10	-1.79643e+10	-1.95756e+11	-2.45007e+10	1.05583e+09	8.70244e+10	-8.70117e+10	-7.59782e+09	2.60892e+10	1.836e+11	2.67671e+09	-1.34129e+11	-1.31847e+11
7.1e-10	-1.47248e+10	-5.25964e+10	4.56391e+10	-1.07773e+09	6.7165e+10	1.30491e+11	-9.22424e+09	7.71489e+10	9.63747e+10	-8.27e+09	-1.41301e+11	1.36606e+11	1.29888e+09	7.49329e+10	6.60286e+10
7.15e-10	-5.93736e+09	-4.19132e+10	1.22918e+11	-3.51248e+09	2.017e+11	-5.63536e+10	3.85554e+08	7.39516e+10	-3.84756e+10	-1.15715e+10	-5.30091e+10	3.66581e+10	-1.64154e+10	6.01716e+10	-5.65591e+10
7.2e-10	-8.88298e+09	-6.00788e+10	2.6954e+10	-4.19568e+09	-1.52465e+11	-1.50639e+11	2.59671e+09	2.06097e+10	-1.86717e+11	-2.08227e+09	3.56714e+10	4.4415e+09	-5.85769e+09	1.17187e+11	-1.6903e+11
7.25e-10	7.09136e+09	1.95567e+09	-4.1257e+10	-1.01801e+10	-4.46952e+10	-3.21228e+10	-3.80957e+09	2.25687e+11	-2.85517e+11	-6.04399e+09	-2.05546e+11	-3.26207e+11	-1.9306e+10	-1.00711e+11	1.87063e+11
7.3e-10	-6.42794e+09	-2.60575e+10	1.84539e+11	-3.05486e+09	4.85738e+10	-2.95187e+10	7.59766e+09	-7.98491e+10	1.51721e+10	-5.3597e+09	3.4766e+11	-2.10601e+11	2.17653e+09	1.99719e+11	-1.7152e+11
7.35e-10	-6.29555e+09	1.37935e+11	1.96922e+11	1.67819e+09	-2.11777e+10	4.12336e+10	3.63862e+09	-9.0389e+10	-7.34011e+10	6.26485e+09	2.56106e+10	1.45465e+10	4.59595e+08	1.11052e+11	1.58103e+10
7.4e-10	2.02529e+10	4.35683e+10	-1.2675e+11	-2.13476e+10	-1.39733e+11	2.96355e+11	3.65433e+09	1.72719e+11	1.23307e+11	-2.09172e+09	1.09921e+11	1.17447e+11	-1.43403e+10	-1.39421e+11	4.60324e+10
7.45e-10	-1.16142e+10	-1.11303e+11	-1.79078e+11	-6.82258e+09	6.79621e+10	-2.12472e+11	-5.52449e+09	-1.77637e+09	3.00704e+11	9.9827e+09	-7.21163e+09	-8.52231e+10	-4.79278e+09	5.27688e+10	1.88406e+11
7.5e-10	-2.10521e+10	-1.15903e+11	-4.06738e+11	-3.72011e+09	1.20683e+11	-3.94833e+10	2.29581e+10	1.87525e+11	-1.92077e+11	5.56148e+09	1.35198e+11	7.5304e+10	-1.95696e+10	-5.55494e+09	1.16439e+11
7.55e-10	-3.76805e+09	-1.89871e+10	-6.81443e+10	-1.4691e+10	-1.82045e+11	-2.53379e+11	6.35584e+09	3.51611e+11	-7.57589e+10	1.75821e+10	6.93093e+10	3.63045e+11	-1.12202e+10	-5.10081e+10	1.83349e+10
7.6e-10	-1.94446e+10	-2.27929e+11	1.71713e+11	-2.59248e+09	3.66902e+10	2.47178e+10	-9.96602e+09	-1.17343e+11	-7.24146e+10	-8.97614e+09	-8.92947e+10	-2.18493e+11	-2.63946e+10	-2.37549e+11	1.43917e+10
7.65e-10	-9.42247e+09	-1.35088e+11	3.79181e+11	-1.58928e+09	-2.74031e+11	1.21399e+11	-6.14678e+09	1.94479e+10	-5.39135e+10	-2.30189e+10	2.03811e+11	-3.40314e+11	-8.30554e+09	2.39319e+10	6.62418e+09
7.7e-10	-1.05621e+10	-1.21738e+11	1.65351e+11	-1.53611e+10	1.15754e+11	-7.33232e+10	-2.59633e+09	3.02363e+11	-1.70039e+11	2.0081e+10	2.38417e+11	1.1361e+11	-1.15339e+10	1.06584e+11	-2.45785e+10
7.75e-10	-1.20085e+09	7.15831e+10	2.35085e+10	-8.6635e+08	-1.61203e+11	8.36427e+10	2.15655e+10	2.06843e+11	-3.5206e+10	2.12296e+07	1.0734e+11	2.88988e+11	5.00797e+09	1.01869e+10	-9.82734e+10
7.8e-10	-2.15991e+10	1.47324e+11	1.7395e+11	-5.95743e+09	-2.50352e+10	1.61445e+11	-2.43583e+10	3.34306e+11	1.49088e+11	-1.92086e+10	-9.15243e+09	2.79005e+10	-1.0853e+10	3.61642e+10	3.99511e+10
7.85e-10	3.45762e+09	-1.99284e+10	6.76334e+10	5.46065e+09	-1.67216e+11	2.05719e+10	-1.23014e+10	1.84296e+11	8.36342e+10	2.69099e+09	-2.80112e+10	1.52943e+11	-1.10975e+10	3.49003e+09	2.60908e+11
7.9e-10	2.18779e+10	-1.13347e+10	-1.41319e+11	-1.12008e+10	-1.64822e+11	-5.77741e+10	-9.74162e+09	4.52837e+11	9.83385e+10	-1.72512e+10	1.49341e+11	-6.83371e+10	-7.11512e+09	-1.22884e+11	1.13251e+11
7.95e-10	4.39371e+09	-5.32059e+10	-2.14534e+11	-4.23614e+10	-4.46215e+11	5.86587e+10	-2.0526e+09	1.07113e+11	9.1334e+10	1.3567e+10	4.34154e+10	-1.8462e+11	-9.98787e+09	3.06575e+10	1.48568e+11
8e-10	2.09359e+09	-3.12374e+10	-8.67856e+10	-1.87955e+10	-2.29973e+11	-9.71851e+09	-1.84048e+10	1.58302e+11	-1.91577e+11	9.67966e+09	1.48988e+11	-6.57731e+10	-1.02224e+09	1.72409e+09	7.70682e+10
8.05e-10	-1.83042e+10	-4.15083e+10	-3.66791e+09	1.31206e+09	-1.07929e+11	6.99396e+10	-1.58939e+10	1.42676e+11	6.90422e+10	-6.13589e+09	-2.45589e+10	-1.57448e+10	-5.61199e+08	1.38717e+10	-1.09782e+11
8.1e-10	-2.96668e+10	-6.18165e+10	-6.26038e+10	-6.9946e+09	-1.84022e+10	-1.14426e+11	-7.82121e+09	7.85177e+09	-1.32803e+11	6.12505e+09	-5.27071e+10	4.42074e+10	-1.9427e+10	1.73619e+11	-1.2955e+11
8.15e-10	-1.86501e+09	-4.90561e+10	1.3007e+10	-9.15104e+09	-6.41273e+10	-9.61564e+10	-9.76844e+09	-1.03763e+11	-1.04242e+10	-2.69748e+10	9.57006e+10	1.90014e+11	6.78744e+09	-1.58087e+11	-3.035e+11
8.2e-10	-1.128e+10	-6.05965e+10	-9.78784e+10	-2.12251e+10	-2.34624e+10	7.50937e+10	-1.9948e+10	-8.59525e+10	-1.36056e+11	-4.86488e+08	3.15085e+10	1.40957e+11	-1.18794e+10	1.08976e+11	-7.81417e+10
8.25e-10	-4.30507e+09	1.41928e+11	-1.61577e+11	-1.32001e+10	8.16634e+10	-2.95837e+10	5.77866e+09	1.66289e+11	-8.0669e+10	-1.22018e+10	4.46094e+09	2.69404e+09	2.02936e+09	3.27033e+11	2.80271e+11
8.3e-10	-1.0552e+10	-2.70701e+11	2.39183e+11	2.01476e+10	-1.79622e+11	5.6471e+10	-1.19987e+10	7.47131e+10	-7.66798e+10	-8.35121e+08	-2.48893e+10	3.9482e+10	-2.0821e+10	2.00069e+11	-5.06961e+10
8.35e-10	-2.16767e+10	2.20052e+11	7.66854e+10	-1.7176e+08	-1.45835e+11	-4.96731e+10	1.45504e+10	1.10912e+11	1.272e+11	-2.84616e+10	1.57993e+11	1.59958e+11	-2.84668e+09	1.40464e+11	1.82161e+11
8.4e-10	5.69105e+09	-2.096e+11	-4.28808e+10	4.61477e+08	-2.17318e+11	8.36235e+10	-9.77461e+09	9.10299e+10	-9.60949e+10	-4.0788e+10	3.07707e+10	2.71822e+11	5.09216e+09	7.2881e+10	1.48798e+11
8.45e-10	-1.02244e+10	1.18746e+11	-2.03379e+11	-7.62167e+09	1.73272e+10	-8.54709e+10	1.28605e+09	3.8754e+10	5.45165e+10	1.53453e+10	1.89423e+11	8.94955e+10	-1.16097e+10	-1.02843e+11	-1.34312e+11
8.5e-10	-1.20145e+10	-2.19884e+11	-1.27348e+11	-4.92925e+09	-7.58766e+08	-1.20429e+11	-3.00828e+09	4.07235e+10	-1.13917e+11	3.41524e+08	1.6088e+11	-1.60726e+11	-7.98898e+09	-3.63474e+10	-4.75716e+10
8.55e-10	2.33694e+10	-1.47218e+11	-1.20579e+11	1.53225e+09	3.76797e+10	1.02313e+11	-9.47375e+09	1.02747e+11	-1.32908e+11	-1.2281e+10	-8.44821e+10	1.28814e+11	-1.10732e+10	-1.3504e+11	-2.81656e+11
8.6e-10	5.65881e+09	-9.09311e+10	-2.45699e+11	4.36525e+09	-2.24336e+11	-1.36898e+11	-1.07112e+10	-1.29532e+10	-8.2328e+10	-1.509e+10	-4.02873e+10	7.31005e+10	-1.29484e+10	2.82585e+11	-2.64132e+11
8.65e-10	8.11566e+08	4.50009e+10	-6.69739e+10	3.07218e+09	-8.60259e+10	-9.08675e+10	-7.48844e+09	-7.37411e+10	1.55529e+11	-8.28429e+09	5.75788e+10	2.15583e+11	7.14525e+09	-1.28001e+11	-1.29074e+11
8.7e-10	-9.39504e+09	-2.77131e+10	1.15364e+11	-1.47246e+10	-1.47397e+11	1.59357e+11	1.68164e+10	2.86e+11	7.85771e+10	-2.01505e+10	-2.36314e+11	6.70465e+10	9.69398e+09	2.34294e+11	2.6322e+11
8.75e-10	-1.13263e+10	1.42574e+11	-2.60772e+10	-7.48383e+09	-4.89605e+10	-1.09154e+11	-1.76972e+10	1.05799e+09	6.40363e+09	-9.43861e+09	1.14208e+11	1.92752e+11	-4.94137e+09	-2.9483e+10	-3.24241e+10
8.8e-10	-5.5903e+09	-8.68394e+10	3.07183e+11	3.6611e+08	-9.65817e+10	-1.40554e+11	-4.37796e+09	-1.82095e+10	-1.38402e+11	-9.41714e+09	-5.18374e+10	-2.96275e+09	-1.80676e+10	5.5039e+10	-3.71154e+10
8.85e-10	-1.68739e+10	8.67493e+09	1.08831e+11	3.28547e+09	4.08643e+10	-3.07399e+11	-3.43176e+09	2.76083e+10	-1.07023e+11	-1.45365e+10	-4.76062e+10	1.71388e+11	-8.60357e+09	9.16943e+10	-6.13282e+10
8.9e-10	-9.13618e+09	7.38752e+10	-2.40854e+11	6.84552e+09	-1.94585e+10	-5.5974e+10	1.30121e+08	-1.14445e+10	2.57037e+10	-1.11895e+10	1.13406e+10	9.86485e+10	-6.78353e+09	1.68847e+11	4.94351e+10
8.95e-10	-9.24499e+09	1.82611e+10	4.45733e+10	-1.28996e+09	-1.9794e+11	-2.1222e+11	-4.21696e+09	1.1523e+11	1.5677e+11	6.24052e+09	7.55793e+10	2.65561e+11	-5.38024e+09	-9.85359e+10	2.94979e+10
9e-10	1.04688e+10	1.42306e+11	-1.59722e+11	-2.45516e+09	-6.43948e+09	9.96412e+10	7.82355e+09	1.89614e+10	6.41793e+10	3.42296e+09	-1.27197e+11	-2.75927e+11	-4.45475e+09	4.36815e+10	-4.44652e+10
9.05e-10	5.85521e+08	6.36998e+09	-9.26321e+10	-2.58913e+10	-1.18482e+09	8.23001e+10	-4.35282e+09	1.67674e+10	-1.24035e+11	-1.70222e+10	-1.92257e+11	2.00638e+10	7.84977e+09	8.36869e+10	-9.20755e+10
9.1e-10	-1.70587e+10	1.17398e+11	1.00819e+11	-5.46704e+09	1.63125e+10	4.75236e+10	-5.06324e+09	2.41828e+11	4.22851e+09	-8.84419e+09	-2.28462e+11	7.57694e+10	1.18448e+10	9.06076e+10	1.83836e+11
9.15e-10	-1.2105e+10	-5.92739e+10	1.87698e+11	-2.95331e+09	-3.60764e+10	1.8256e+11	6.53494e+09	-3.33388e+10	8.99629e+09	-4.85629e+09	3.31391e+10	1.17822e+11	-1.67509e+10	3.62093e+10	-1.80174e+11
9.2e-10	-1.92568e+10	-1.28711e+11	-2.03859e+11	1.3713e+09	-8.26776e+10	8.30116e+10	-1.18136e+10	-3.55283e+11	-6.34511e+10	-5.3893e+09	5.13062e+10	-5.37681e+10	-2.43953e+09	2.26103e+10	3.97837e+10
9.25e-10	2.81569e+09	-2.16825e+11	2.68132e+10	-1.50277e+10	1.20243e+10	3.86043e+11	3.45354e+09	-2.46035e+11	-3.55015e+11	-6.43088e+09	-2.16729e+11	-5.35774e+10	1.11439e+10	1.95722e+10	2.4513e+11
9.3e-10	-1.20438e+10	-1.15495e+11	-2.47974e+10	-1.78006e+10	9.65142e+09	-3.55945e+11	-1.82072e+10	-3.26782e+11	-1.13625e+11	-1.37815e+10	5.41994e+09	1.76377e+11	-2.76417e+09	-2.58662e+11	1.64813e+09
9.35e-10	-1.23409e+10	5.5369e+10	2.25109e+11	-6.51181e+09	1.95765e+11	6.66794e+10	-3.58318e+09	-1.12243e+11	5.59352e+10	-1.98332e+10	-2.41658e+11	1.75774e+11	-1.46699e+10	-1.39977e+11	-3.77572e+10
9.4e-10	-2.63788e+10	2.9711e+11	-3.37737e+11	-3.70152e+09	-2.62528e+11	1.55298e+11	5.71763e+09	3.15774e+11	7.72459e+10	2.69141e+09	-1.34018e+11	1.45389e+11	-6.76682e+09	2.81445e+11	4.16729e+10
9.45e-10	-2.13842e+09	1.89089e+11	4.04017e+10	1.97857e+09	-6.79801e+09	6.4001e+10	1.97314e+09	1.11312e+11	1.27059e+10	-1.55439e+10	1.87883e+10	-1.41023e+11	-9.26106e+09	3.21279e+10	-8.57274e+10
9.5e-10	-9.13938e+09	-7.58175e+10	3.59987e+10	-3.40354e+09	-1.43839e+11	-6.80178e+09	-3.04729e+10	-1.96185e+11	-1.92333e+11	2.53718e+09	-1.31849e+11	-2.01538e+11	-1.08119e+10	7.08832e+10	-2.65414e+11
9.55e-10	-8.81717e+09	2.04191e+11	-2.67043e+10	-2.77788e+09	-2.96836e+11	-9.59364e+10	-5.7408e+10	-8.17455e+10	-3.75538e+11	1.44054e+09	3.26688e+10	-4.84849e+10	1.17575e+09	-3.90845e+10	-2.61942e+10
9.6e-10	-1.6242e+10	4.83068e+10	-4.84346e+10	-8.15463e+09	-1.5994e+11	1.10714e+11	-1.29827e+10	1.8094e+10	-2.50946e+11	-3.86891e+09	-4.98319e+09	-9.97802e+10	4.33796e+08	7.27916e+09	3.47682e+10
9.65e-10	1.56984e+10	-2.10581e+10	-1.51674e+11	1.06078e+10	4.90923e+10	-2.46626e+11	-1.61496e+10	-1.88699e+11	1.55314e+11	-2.04508e+10	1.78028e+11	1.53356e+11	-6.5247e+09	5.60082e+10	9.55025e+10
9.7e-10	-5.58174e+09	1.10186e+11	5.10337e+10	-8.24468e+09	-8.21458e+10	1.02009e+11	-7.50919e+09	8.51741e+10	-5.56625e+09	5.81196e+09	-1.55573e+11	5.49581e+10	5.65936e+09	-5.55774e+10	1.3585e+11
9.75e-10	6.17141e+09	-1.44644e+11	-1.30186e+11	-1.08258e+10	3.38586e+10	1.36534e+11	-7.80774e+09	2.55139e+10	-2.05653e+11	-2.33777e+10	-6.90574e+10	1.89927e+11	9.00671e+09	1.27506e+11	4.78e+10
9.8e-10	1.15433e+10	-1.2115e+11	-1.5664e+11	4.43043e+09	-2.33748e+11	-2.57046e+11	-4.39446e+09	1.81892e+11	-1.69063e+11	1.30031e+10	1.41807e+11	-1.98601e+11	-3.68963e+08	1.37544e+11	-1.21086e+11
9.85e-10	8.85278e+09	-1.67145e+11	-2.89215e+10	8.43382e+09	-1.22194e+11	-6.51942e+10	-4.33851e+10	2.98127e+11	3.42348e+11	-5.66694e+09	3.18554e+10	-3.2423e+10	5.12621e+09	-1.67989e+11	1.54428e+10
9.9e-10	-1.37416e+10	-5.72463e+09	-4.27396e+09	-3.87506e+09	1.43637e+11	1.53506e+11	-2.31023e+09	-1.43379e+11	2.52342e+10	-4.10296e+09	-2.37174e+11	8.0601e+10	-3.62787e+09	-2.27635e+10	-6.04908e+10
9.95e-10	-1.47196e+10	1.25198e+11	-3.07579e+11	-1.98397e+10	-1.67056e+11	-1.49133e+10	-1.73202e+10	-2.05494e+11	9.4988e+10	-9.62273e+08	5.81191e+10	9.1262e+10	-1.91475e+09	1.79141e+11	1.39911e+11
1e-09	-2.24354e+10	2.28567e+11	5.02977e+10	3.24808e+09	1.99331e+10	-2.83133e+10	-9.93929e+09	-2.26156e+10	2.81675e+11	-1.58944e+10	2.27693e+11	2.66089e+11	-6.33354e+09	1.89157e+11	5.55512e+10
