Fri Oct 18 23:33:13 2024

<base> : Rectangle : 0m, 0m, 0m; 1.5um, 50nm, 5nm. Cells : 300, 10, 1. Cellsize : 5nm, 5nm, 5nm
<supermesh> : Rectangle : 0m, 0m, 0m; 1.5um, 50nm, 5nm. Cells : 300, 10, 1. Cellsize : 5nm, 5nm, 5nm

Saved data (dataname (unit) <meshname> (cells_rectangle)) : 

time (s)	<mxdmdt> (1/s) <base> (300nm, 0m, 0m; 310nm, 50nm, 5nm)			<mxdmdt> (1/s) <base> (500nm, 0m, 0m; 510nm, 50nm, 5nm)			<mxdmdt> (1/s) <base> (700nm, 0m, 0m; 710nm, 50nm, 5nm)			<mxdmdt> (1/s) <base> (900nm, 0m, 0m; 910nm, 50nm, 5nm)			<mxdmdt> (1/s) <base> (1.1um, 0m, 0m; 1.11um, 50nm, 5nm)			

0	-17596.8	709988	809920	100904	-293118	1.84345e+06	24048.8	-589832	-757049	-52972.6	131640	-520642	523472	3.37247e+06	-3.49259e+06
5e-12	1.43393e+10	-7.53756e+10	6.70957e+10	-1.40222e+10	2.33078e+11	-1.29247e+11	7.74959e+09	3.21739e+11	2.18608e+11	8.63787e+09	1.51576e+11	2.48538e+11	-2.00368e+10	1.43488e+11	2.66741e+10
1e-11	-1.98974e+09	-2.4009e+11	-2.95405e+10	-1.78756e+10	3.49107e+11	-4.06524e+10	2.25965e+10	-4.58646e+10	-3.24077e+11	-1.3636e+10	-6.87521e+10	2.4793e+10	-1.05676e+10	-2.45678e+11	-7.6414e+10
1.5e-11	2.62041e+10	4.05441e+10	1.63988e+11	7.43774e+09	-1.05378e+10	-9.19113e+10	1.50348e+10	-2.20585e+11	-1.46573e+11	-1.50319e+10	5.15452e+10	-1.14155e+11	-2.17161e+10	-2.38738e+11	-4.40793e+10
2e-11	1.6552e+10	2.74597e+11	2.67339e+10	4.43141e+09	-1.88985e+11	1.72476e+11	1.97314e+10	-9.41254e+10	-3.4499e+11	1.41519e+09	-4.65247e+10	-1.54775e+10	-1.38321e+10	-2.49569e+11	6.04511e+09
2.5e-11	8.56308e+09	1.25728e+11	-1.52234e+11	-3.55863e+10	-2.00166e+11	-7.37319e+08	3.47328e+10	3.34757e+10	-2.16849e+11	1.29799e+10	-1.96358e+11	2.68899e+10	5.52106e+08	-1.7374e+11	1.56737e+11
3e-11	2.31729e+10	1.87899e+11	1.58673e+11	-1.1934e+09	1.27519e+11	-2.16868e+11	2.23485e+10	-2.95942e+11	-1.68517e+11	-2.05493e+10	1.3963e+11	8.17384e+09	8.986e+09	1.80879e+11	-7.92283e+10
3.5e-11	7.57449e+09	1.13168e+11	1.14827e+10	-5.79194e+09	2.95599e+11	-8.40356e+10	-2.95224e+09	-1.55358e+11	1.31646e+11	-4.08323e+09	3.29529e+10	2.89423e+11	-9.36082e+09	2.466e+11	-6.61872e+10
4e-11	4.93893e+10	2.6581e+11	-3.38092e+11	6.05864e+08	-9.6219e+10	-2.58333e+11	-8.87842e+09	-1.38565e+11	-3.04174e+10	-9.13593e+09	1.82358e+11	-5.36108e+10	-2.34031e+10	1.26694e+11	3.45689e+11
4.5e-11	3.99208e+10	3.88036e+10	-3.81911e+11	-6.40576e+09	-1.28673e+10	-1.69937e+11	4.96854e+09	-1.77107e+10	-1.86666e+10	-1.71841e+10	5.80353e+09	5.59281e+10	3.5712e+09	1.35041e+11	-2.24235e+11
5e-11	-1.10546e+10	1.53281e+11	-1.9624e+11	-5.03792e+08	-1.56554e+11	-3.40285e+11	1.58496e+10	-1.88298e+11	4.9634e+10	-4.3054e+09	2.5416e+11	9.62917e+10	6.59191e+09	2.04321e+11	-2.28068e+11
5.5e-11	2.31683e+10	-2.79743e+11	-2.21437e+11	-1.21478e+10	-9.76307e+10	1.67072e+11	-3.95418e+10	4.07164e+11	9.62611e+10	-6.34318e+08	1.18857e+11	5.40148e+10	-1.60951e+10	7.43354e+10	-1.30702e+11
6e-11	1.20123e+10	-8.01731e+10	2.03892e+11	-2.55167e+09	1.15164e+11	-1.34754e+10	-8.50958e+09	3.03729e+10	7.2515e+10	1.35763e+10	1.61733e+11	1.61427e+10	4.1601e+09	-1.20547e+10	-1.52411e+11
6.5e-11	-1.63242e+08	-2.20412e+11	3.65512e+10	-2.69805e+09	1.87457e+11	3.69258e+10	-3.23328e+09	-6.13236e+10	-2.70145e+10	-4.47191e+10	-6.70547e+10	2.44795e+11	1.90991e+09	-1.51631e+11	-2.45314e+10
7e-11	-8.21865e+09	-1.65368e+11	-4.8127e+10	1.33977e+10	1.91467e+10	1.61954e+11	7.57938e+09	4.86146e+10	-1.29933e+11	2.61216e+09	-1.42457e+11	-2.13283e+11	7.94178e+09	-1.74856e+11	1.08049e+11
7.5e-11	3.94646e+10	2.83405e+11	-4.51908e+10	5.0741e+09	5.57487e+10	-1.80085e+11	-2.74986e+10	-3.61918e+10	-4.04692e+10	1.54275e+10	-4.44411e+11	-9.19994e+10	-2.16096e+10	1.86505e+11	-1.52204e+11
8e-11	3.96401e+10	2.68047e+11	5.37064e+10	4.91031e+09	3.89835e+10	-6.58701e+10	-5.14754e+09	-2.90912e+10	-4.3634e+10	-2.12957e+09	-3.43566e+10	-1.17708e+11	2.99443e+09	-1.2895e+09	2.09589e+11
8.5e-11	-6.71655e+09	-7.92283e+10	4.54957e+10	-5.09414e+09	-1.4419e+11	7.3191e+10	4.77008e+09	-3.89482e+10	6.58483e+10	-3.1479e+10	-1.85595e+11	-1.10206e+11	-1.74309e+09	-2.18714e+11	1.3565e+11
9e-11	2.45638e+10	3.82077e+10	-2.28903e+11	3.9866e+10	-2.62712e+11	-1.42571e+11	2.14062e+10	-5.59989e+10	2.44851e+11	-9.37348e+09	-1.70723e+11	-3.93203e+10	6.45158e+09	-1.37721e+11	-1.14745e+11
9.5e-11	3.53318e+09	-1.55458e+11	1.12564e+10	1.1435e+10	-4.45336e+10	-6.72609e+10	2.20178e+10	1.88876e+11	1.87869e+11	-4.09277e+10	-1.69928e+11	-2.28673e+11	-1.01757e+10	1.47559e+11	-2.08439e+11
1e-10	9.82219e+09	1.29631e+11	2.79757e+11	1.90196e+10	6.99976e+10	2.04941e+11	2.07032e+10	2.05898e+10	2.56561e+11	-8.63287e+08	1.22853e+11	-1.96271e+11	-2.62468e+10	6.763e+09	-1.35974e+11
1.05e-10	5.32146e+10	-7.05454e+10	4.04886e+11	3.14716e+10	8.60536e+10	3.1116e+11	-1.07226e+10	-5.71413e+10	-1.02299e+11	3.53592e+10	4.23982e+08	-1.79096e+11	7.79939e+09	2.84162e+10	-1.14637e+11
1.1e-10	1.17553e+10	3.34418e+10	5.53036e+10	9.15513e+07	8.61926e+10	8.48305e+10	1.13178e+10	1.39756e+11	3.02797e+09	8.70432e+09	1.90737e+11	-1.31186e+11	1.82773e+10	-2.38295e+11	-1.47427e+11
1.15e-10	2.25628e+10	1.56891e+11	3.52827e+11	3.1345e+10	3.76614e+11	4.14595e+10	1.44001e+10	-7.52796e+10	-2.48302e+11	-3.9838e+09	-8.83163e+10	5.47962e+10	1.12242e+10	-1.66975e+11	-9.92199e+10
1.2e-10	3.43558e+10	2.98982e+11	1.94172e+11	7.69387e+09	2.75551e+11	3.13052e+11	-9.78977e+09	-5.86359e+10	-9.30427e+09	5.53716e+09	-5.26766e+10	-4.15242e+10	6.5323e+09	-3.13606e+11	1.30269e+11
1.25e-10	6.89006e+10	3.03569e+11	-2.87421e+11	-2.6634e+10	-2.07591e+11	1.18728e+10	2.10273e+09	-1.34971e+11	-3.6963e+10	1.40269e+10	-1.12391e+10	2.03649e+11	8.42837e+09	-6.5543e+10	1.51794e+11
1.3e-10	2.19271e+10	-3.38064e+10	-1.87156e+11	-4.32368e+09	1.32307e+11	-1.09077e+11	1.50317e+09	-4.59898e+10	1.10494e+10	-1.16515e+10	1.91722e+11	-1.12069e+11	3.17555e+10	1.83567e+11	1.69047e+11
1.35e-10	5.40972e+10	8.9219e+10	-3.78251e+11	6.7069e+09	-5.09494e+10	-1.98084e+10	4.35001e+10	-2.82537e+11	1.92015e+11	1.71867e+10	1.40922e+11	1.23792e+11	-2.41728e+10	7.87835e+10	-5.10094e+10
1.4e-10	-4.57461e+09	-1.50836e+11	2.52885e+11	2.59578e+10	-2.76374e+11	3.25247e+10	8.70307e+09	8.8092e+09	3.57752e+10	7.51645e+09	5.67989e+10	5.49861e+10	-6.06618e+09	-1.10294e+10	7.43779e+10
1.45e-10	5.42626e+07	-2.90839e+10	-1.6392e+11	-2.66012e+10	6.33212e+10	-1.62544e+11	-7.94943e+09	8.35579e+10	2.42346e+11	-1.09759e+09	1.60451e+11	-1.47602e+11	-1.15237e+10	1.10249e+11	4.53144e+10
1.5e-10	2.20842e+10	-2.2884e+11	-2.76493e+10	8.52578e+09	3.91029e+11	7.53807e+10	5.77596e+09	2.06363e+11	1.82726e+11	4.71555e+09	-1.80657e+11	-2.65735e+10	-1.15726e+10	-3.62894e+10	9.39421e+10
1.55e-10	2.63217e+10	3.46049e+10	3.0354e+11	-1.79548e+10	-1.22588e+11	4.8436e+10	1.85225e+10	4.1784e+11	2.59081e+11	3.05009e+10	1.75407e+11	-9.96165e+10	9.61137e+09	-4.72141e+11	1.22997e+09
1.6e-10	1.08337e+10	8.16049e+10	1.73831e+11	2.81145e+10	2.53186e+11	-8.73166e+10	-3.47418e+10	-2.07917e+10	2.47364e+11	-6.54471e+09	-2.232e+11	8.34091e+10	-1.32415e+10	-6.86697e+10	1.22666e+11
1.65e-10	5.37396e+09	-7.24387e+10	2.1075e+10	-1.19413e+10	-1.47138e+11	9.63954e+10	-2.53059e+10	-3.103e+10	3.69896e+10	-8.18053e+09	-6.30394e+10	-1.8848e+11	1.25719e+10	-1.71961e+11	4.89359e+09
1.7e-10	-4.00729e+09	1.53319e+10	-6.26386e+10	3.20867e+10	1.35834e+10	-3.78976e+11	8.15829e+08	6.85609e+09	-1.43236e+11	2.91177e+10	-1.8896e+11	1.90437e+11	-8.10658e+09	-1.01244e+10	-4.21297e+10
1.75e-10	-1.4726e+10	-1.37233e+11	2.15922e+11	4.52962e+09	3.36023e+11	-2.73728e+11	5.58296e+08	-1.35417e+11	-8.98113e+10	1.4764e+10	1.42421e+11	7.70365e+10	-2.24501e+09	1.96742e+11	8.33891e+10
1.8e-10	1.51393e+10	2.46611e+11	-2.26818e+11	6.04921e+09	-8.76481e+10	-6.15241e+10	1.71914e+10	-8.1576e+10	1.79089e+11	-3.96341e+09	1.38294e+11	-1.29307e+11	-1.06164e+10	1.03781e+11	-7.12514e+10
1.85e-10	-4.54341e+09	3.67703e+10	4.2356e+10	1.36127e+10	4.36279e+10	1.88501e+10	-4.83453e+09	-2.25494e+11	-5.10583e+10	-1.58457e+10	-7.36587e+10	-8.66174e+10	1.45359e+10	-7.40425e+10	2.18734e+11
1.9e-10	1.05151e+09	-4.84271e+10	-2.69811e+09	1.00677e+10	-1.44247e+11	1.19241e+10	-2.12812e+10	2.87597e+11	-8.32515e+10	2.12754e+10	1.6075e+11	2.19848e+11	1.3124e+10	-8.31656e+10	-2.27321e+11
1.95e-10	2.81529e+08	-2.47191e+10	2.75938e+10	-7.95237e+09	9.06545e+10	-4.27752e+09	-6.50633e+09	4.84024e+10	9.27985e+10	4.50259e+10	-5.59762e+10	-4.74804e+11	-1.643e+10	8.78827e+10	4.41851e+10
2e-10	-7.94335e+09	-1.89436e+10	5.9418e+10	6.33559e+09	9.5874e+10	3.22526e+11	-4.9252e+09	-1.86291e+11	9.53968e+10	3.11243e+10	7.9986e+10	-2.61356e+11	-8.49931e+08	-3.22667e+11	2.98699e+09
2.05e-10	1.81999e+10	1.32478e+11	1.1028e+11	7.83516e+09	8.82311e+10	3.87226e+10	-6.72061e+09	-9.24875e+10	-9.71386e+10	1.90843e+09	-1.38881e+11	-1.28292e+11	-2.34621e+10	1.94984e+11	4.4754e+11
2.1e-10	-1.27449e+10	-6.08983e+10	-8.88048e+10	-8.59371e+09	2.01594e+11	-9.72677e+10	-3.91004e+10	-2.7741e+11	-2.88146e+11	-3.97976e+08	-4.10607e+10	5.73533e+10	7.69192e+09	-3.67758e+11	-6.40088e+10
2.15e-10	3.35978e+10	1.55153e+10	2.47969e+11	-9.55724e+09	-5.85493e+10	-8.24674e+10	-7.01071e+09	1.19572e+11	1.02644e+11	1.33099e+09	-3.27248e+11	-6.9049e+10	-2.40522e+10	-5.43625e+11	3.454e+10
2.2e-10	-1.02903e+10	-2.10957e+11	1.01007e+11	-7.21325e+09	1.92062e+11	2.37314e+11	-6.36387e+09	-4.89358e+10	7.39635e+10	6.31073e+09	-1.63906e+11	1.92991e+11	-2.38072e+10	-1.68687e+11	-1.59473e+11
2.25e-10	1.19125e+10	1.57662e+11	3.62091e+10	5.92025e+09	1.8096e+11	5.02245e+10	-1.45705e+10	2.0462e+11	2.27721e+11	1.04987e+09	1.22953e+11	1.30242e+11	2.93365e+09	-1.02465e+11	9.82245e+10
2.3e-10	5.97066e+09	9.37584e+10	-4.54241e+10	1.40489e+10	1.36083e+10	2.08002e+11	4.24946e+09	-1.10602e+11	-1.68251e+11	-3.26321e+10	3.12178e+11	-2.33318e+11	-5.87639e+09	-2.37496e+11	-4.39873e+10
2.35e-10	-5.46091e+09	4.06048e+10	1.80033e+11	-1.92815e+10	8.5704e+09	2.97861e+11	1.73109e+09	1.32986e+11	-6.56899e+10	-1.42554e+10	2.43804e+11	2.95523e+10	-8.56739e+09	2.40783e+11	-1.25991e+11
2.4e-10	1.61942e+10	-1.14713e+11	-6.54744e+10	3.18604e+09	1.61988e+11	-3.22344e+10	-9.86565e+09	-7.02657e+10	3.13639e+11	-1.678e+10	1.11762e+11	-2.84415e+11	2.51163e+09	3.35344e+11	-6.95955e+10
2.45e-10	4.1916e+09	-8.86177e+10	-4.99257e+10	2.27141e+08	-1.43193e+11	-1.78599e+11	-1.20074e+10	1.43899e+10	-4.73277e+10	4.66194e+09	2.13101e+11	-1.31789e+11	-1.0755e+10	-8.67362e+10	-2.3205e+11
2.5e-10	8.58128e+09	-1.49097e+11	2.98912e+11	-5.36328e+09	-6.45096e+10	3.56352e+10	1.28862e+10	2.76271e+10	-6.37771e+10	-1.99448e+10	2.00109e+11	-2.27635e+10	-5.24365e+09	7.71516e+10	9.12024e+09
2.55e-10	-5.54344e+09	6.50194e+10	-1.16792e+10	8.91079e+09	-2.27834e+10	1.1738e+11	3.78801e+09	1.07252e+10	1.71247e+11	1.33731e+10	-2.02608e+11	6.29757e+10	-1.48911e+09	1.28022e+09	2.45284e+11
2.6e-10	-6.27894e+09	2.45349e+11	-1.79434e+11	8.6314e+09	-5.33431e+10	7.76557e+10	-4.96155e+09	-1.43489e+11	1.90953e+11	1.10681e+09	-1.25639e+10	6.34601e+10	1.09799e+10	-9.2098e+10	2.14936e+11
2.65e-10	1.10569e+10	-2.21311e+10	1.69695e+11	-1.97659e+10	2.05213e+11	-2.25842e+11	-1.24922e+10	-1.64544e+11	3.64176e+10	-9.8701e+09	7.63614e+10	1.47222e+11	-8.76179e+09	-4.17919e+10	-4.47707e+10
2.7e-10	1.92354e+09	2.4791e+11	-3.42291e+10	3.65965e+09	1.17759e+11	1.08501e+11	-7.02226e+09	9.81751e+10	1.05653e+11	1.93865e+10	-2.7802e+11	2.19311e+11	1.92411e+10	3.07983e+11	1.11407e+11
2.75e-10	-1.83119e+10	1.51097e+11	1.94247e+11	-6.7216e+08	1.46244e+11	-3.27646e+10	-1.68731e+10	5.76206e+10	4.84243e+10	-2.45816e+10	-2.13281e+11	-2.02234e+11	-7.01539e+09	4.24255e+10	-5.80831e+10
2.8e-10	6.12776e+09	-6.77979e+10	-5.27019e+10	-4.23359e+09	-4.79056e+10	1.31539e+10	-1.85372e+10	1.281e+11	-4.88075e+10	-6.17359e+09	-2.96749e+11	1.75438e+11	-3.61568e+09	2.20257e+11	-1.58875e+11
2.85e-10	1.57459e+10	2.9114e+11	-2.66659e+11	1.62842e+10	-5.1727e+10	-1.83322e+11	6.2779e+08	-8.52925e+09	-3.72206e+10	5.62561e+09	3.28943e+10	3.52842e+11	-3.49332e+09	3.92985e+10	9.42325e+10
2.9e-10	4.86665e+09	1.13052e+11	-2.91779e+11	1.66774e+10	-1.41822e+11	4.14829e+10	-2.21578e+09	8.00424e+10	-1.36782e+11	-7.80108e+09	-1.19648e+11	-5.72236e+10	9.35085e+09	-2.01184e+11	3.05779e+10
2.95e-10	3.79017e+10	-2.46283e+11	-3.25648e+11	-5.0131e+09	1.34414e+10	4.0809e+10	-1.27299e+10	-2.49135e+11	-1.751e+11	1.27187e+10	2.59819e+11	1.54259e+11	-8.59178e+09	-1.71662e+11	1.43825e+11
3e-10	1.18335e+10	-8.30733e+10	-9.7268e+10	-3.07135e+09	2.57967e+10	5.06469e+10	-6.02271e+10	-3.5276e+11	-4.64457e+09	-8.18325e+09	-7.53551e+10	-5.18299e+10	-3.18412e+10	2.25716e+11	1.47194e+11
3.05e-10	1.64424e+09	-2.55936e+11	-1.9545e+11	-1.99589e+10	5.89914e+10	-4.94806e+10	1.29625e+10	1.69835e+11	1.96419e+11	-1.96827e+10	1.69005e+11	-1.39043e+10	6.81788e+09	-1.6835e+11	-2.64856e+11
3.1e-10	3.73419e+10	1.35721e+11	2.42124e+11	2.63558e+09	1.18578e+11	-2.77074e+10	-1.10841e+10	-2.44078e+11	6.50181e+09	3.87405e+08	1.97132e+11	-2.73785e+11	-4.44632e+09	-2.82572e+10	-2.46527e+10
3.15e-10	1.21978e+10	8.68098e+10	5.70523e+10	5.2033e+10	4.19379e+11	2.05933e+10	2.04087e+10	4.11963e+11	-7.30587e+10	2.65087e+09	-4.6171e+10	1.7416e+11	3.83295e+07	-7.75591e+10	-1.85296e+10
3.2e-10	5.47642e+10	1.8141e+11	2.44854e+11	3.38935e+10	1.86168e+11	-1.62446e+10	2.22763e+10	-2.7546e+11	-9.15516e+10	1.64593e+09	-5.10146e+10	3.77913e+10	-3.57939e+09	-5.05959e+10	2.76006e+11
3.25e-10	8.58464e+10	3.46967e+11	-1.76621e+11	7.64565e+10	1.10336e+11	-3.08953e+11	8.21361e+09	-2.97837e+11	-1.51109e+10	3.41689e+10	6.24738e+10	2.59601e+11	1.32255e+10	-1.45945e+11	3.47072e+11
3.3e-10	8.31893e+10	1.63842e+10	-4.21246e+11	3.03773e+10	7.0772e+09	-1.44289e+11	4.68839e+10	-2.70757e+11	1.10189e+11	1.33023e+10	7.76561e+10	6.65176e+10	7.80391e+09	2.27099e+10	1.48511e+11
3.35e-10	1.03301e+11	-2.42153e+11	-3.30062e+11	4.87321e+10	-1.69587e+11	-3.44704e+10	4.4111e+10	-3.41173e+11	-4.5465e+10	-1.34275e+09	-1.38027e+11	1.35953e+11	1.49312e+10	2.72917e+11	2.92465e+11
3.4e-10	1.4371e+11	-4.58676e+11	-1.80664e+11	3.15629e+10	-2.39468e+11	-1.42361e+11	-1.09565e+10	2.29301e+10	1.60166e+10	3.39178e+09	2.19541e+11	5.63121e+10	6.56896e+09	3.89535e+10	-5.93236e+11
3.45e-10	1.60521e+11	-4.384e+11	-3.90696e+10	1.61903e+11	-3.89653e+11	2.33648e+11	-1.68464e+09	3.61496e+11	-1.81209e+11	3.30239e+09	3.35367e+10	-1.4927e+11	3.99593e+08	3.90662e+10	-5.63856e+10
3.5e-10	4.24928e+10	-6.97216e+10	3.01181e+11	1.226e+10	3.27469e+10	7.08941e+10	1.24953e+11	4.98473e+11	3.24441e+10	5.57865e+10	1.97772e+11	-2.46991e+11	-1.28745e+10	-1.21322e+11	8.46943e+10
3.55e-10	6.62601e+10	1.31224e+11	2.29712e+11	1.01456e+11	-9.61038e+10	4.37263e+11	9.16391e+10	3.35228e+11	-7.31944e+10	1.24877e+10	-1.58696e+11	-9.35948e+10	1.50496e+10	-8.34176e+10	1.33813e+10
3.6e-10	1.59253e+11	3.84785e+11	3.25376e+11	2.25775e+10	1.60992e+11	7.21897e+10	7.26536e+10	2.87407e+11	-1.90345e+11	1.90668e+10	3.17486e+10	-2.70656e+11	7.84148e+09	-1.56261e+11	3.31369e+11
3.65e-10	1.41896e+11	3.48418e+11	3.40147e+11	1.47693e+11	6.16951e+11	-2.87389e+10	5.53046e+10	7.03533e+10	-2.34943e+11	1.89896e+10	-1.6185e+11	-1.20646e+11	-8.17347e+08	-8.76029e+10	3.20466e+10
3.7e-10	1.71129e+11	4.33419e+11	1.90673e+10	6.86906e+10	1.36851e+11	-2.21856e+11	-4.09117e+10	1.3157e+11	7.78107e+10	5.5234e+10	-1.35785e+11	3.39601e+11	2.12564e+10	-3.129e+10	2.86135e+11
3.75e-10	4.70008e+10	1.0678e+11	-1.04279e+11	8.44504e+10	3.0597e+10	-3.41502e+11	4.05953e+10	-1.9715e+11	-1.11756e+11	5.37226e+10	-1.35674e+11	3.39701e+11	1.09177e+10	-4.30737e+10	1.06031e+11
3.8e-10	6.10824e+10	2.88259e+10	-2.60414e+11	7.11861e+10	-1.95456e+11	-3.00606e+11	3.59381e+10	-2.16848e+10	2.39444e+11	7.12692e+10	2.43289e+11	4.4009e+11	2.06101e+10	6.85819e+10	-3.13548e+11
3.85e-10	1.44543e+11	-2.34555e+11	-2.66674e+11	6.17215e+10	-3.30489e+11	4.89084e+11	4.50658e+10	1.10514e+11	3.88435e+11	5.54433e+10	2.58585e+11	1.30586e+11	1.33579e+10	1.5745e+11	-1.53281e+11
3.9e-10	1.65984e+11	-5.64625e+11	-7.45297e+09	8.32398e+10	-3.30386e+11	2.71604e+11	2.43801e+10	4.312e+10	1.51485e+11	1.78631e+10	2.16516e+11	-9.19342e+09	2.20833e+10	-4.75946e+10	-1.34384e+11
3.95e-10	1.33522e+11	-4.43829e+11	-7.22438e+10	9.40542e+10	-1.16691e+11	2.87859e+11	5.48668e+10	3.6098e+11	-2.08923e+11	2.66998e+10	4.86901e+10	-2.31686e+11	2.20787e+10	-1.87129e+10	-2.315e+11
4e-10	2.10597e+11	-1.99402e+11	4.0675e+11	6.41943e+10	1.62735e+11	1.75494e+11	8.99518e+10	3.77356e+11	1.29611e+10	7.07079e+10	8.04785e+10	-4.24889e+11	4.47616e+10	-3.25708e+11	8.21832e+10
4.05e-10	2.00142e+11	-1.24522e+11	4.64917e+11	1.41245e+11	4.43971e+11	1.97526e+11	4.54542e+10	3.54838e+11	-1.1043e+11	4.32281e+10	-4.75853e+11	-2.11927e+11	4.41325e+10	-9.54085e+10	1.26039e+11
4.1e-10	1.42476e+11	2.3826e+11	3.25986e+11	7.77912e+10	3.60264e+11	2.27841e+11	1.29896e+11	1.19852e+10	-5.69804e+11	-5.80434e+09	-3.61118e+10	3.63284e+11	-1.01264e+10	5.35604e+10	9.82283e+10
4.15e-10	2.00566e+11	4.28744e+11	2.81334e+11	6.48342e+10	2.98678e+11	8.23209e+10	2.36248e+10	7.09453e+10	-1.80082e+11	1.69631e+10	-1.03043e+11	8.91863e+10	5.05692e+10	1.25898e+11	3.69153e+11
4.2e-10	1.95934e+11	3.69126e+11	-2.63814e+11	1.64232e+11	7.02701e+10	-5.3047e+11	6.63929e+10	-2.63654e+11	4.22435e+10	1.20856e+10	-8.44793e+10	1.72807e+10	3.44425e+10	1.59195e+11	2.75442e+11
4.25e-10	1.69989e+11	1.82574e+11	-3.14178e+11	2.61074e+11	-1.85155e+11	-6.02717e+11	5.58044e+10	-2.12652e+11	-1.07671e+11	2.01414e+10	2.6269e+10	1.1448e+11	8.85761e+09	5.31952e+10	-3.94817e+10
4.3e-10	2.11961e+11	2.31199e+10	-5.04644e+11	1.98018e+11	-4.42114e+11	-3.34891e+11	3.99313e+10	-1.704e+11	3.75817e+10	4.46339e+10	1.2324e+11	2.09255e+11	1.57992e+10	-4.57684e+10	-3.7888e+11
4.35e-10	3.52654e+11	-4.99762e+11	-5.67136e+11	8.39327e+10	-2.29442e+11	-2.68448e+10	1.46057e+11	9.22935e+10	5.48787e+11	6.14248e+10	3.57761e+11	1.35132e+11	4.23018e+10	6.50106e+10	-3.30952e+11
4.4e-10	2.16012e+11	-5.45161e+11	-5.30908e+10	2.23287e+11	-4.38474e+11	3.06497e+11	1.00991e+11	2.97839e+11	3.04012e+11	4.69171e+10	2.65793e+11	8.81471e+09	1.22481e+09	-1.17321e+11	-1.38745e+10
4.45e-10	2.11739e+11	-4.46297e+11	4.99941e+10	1.29548e+11	-5.97992e+11	2.269e+11	1.85289e+11	4.8815e+11	3.02345e+11	1.08256e+11	1.87614e+11	-4.89711e+11	2.28697e+10	-1.93005e+11	1.36992e+11
4.5e-10	1.03653e+11	-2.27468e+11	1.36769e+11	8.17984e+10	1.47118e+11	1.87836e+11	1.53613e+11	6.1767e+11	-1.21336e+11	8.82576e+10	5.35299e+09	-4.41089e+11	1.97321e+10	-1.57919e+11	-6.25876e+10
4.55e-10	2.63804e+11	-1.4429e+11	5.81831e+11	2.02268e+11	2.71027e+11	4.18532e+11	1.14204e+11	1.39472e+11	-3.16076e+11	1.20066e+09	-2.15695e+11	4.50684e+10	1.85818e+10	-1.63582e+11	-8.44637e+10
4.6e-10	1.48217e+11	1.43599e+11	2.41882e+11	1.18306e+11	3.2067e+11	2.77363e+11	1.66512e+11	8.26689e+10	-5.20603e+11	6.37733e+10	-3.98057e+11	2.04083e+10	-2.56675e+09	-2.48727e+10	7.32268e+10
4.65e-10	2.62414e+11	4.64737e+11	2.15868e+11	1.07965e+11	4.73878e+11	7.91242e+10	7.62538e+10	-2.05809e+11	-2.11816e+11	5.98534e+09	-9.02178e+10	-4.35213e+10	1.908e+10	-5.64758e+10	1.68589e+11
4.7e-10	2.57801e+11	4.71052e+11	-4.60229e+10	3.43715e+10	2.93059e+11	1.28045e+10	9.26378e+10	-2.65432e+11	-2.80758e+11	8.64934e+10	-1.95095e+11	2.0017e+11	1.42569e+10	1.20254e+11	1.94317e+11
4.75e-10	7.93429e+10	1.93274e+11	-5.10755e+10	1.14617e+11	1.57143e+11	-3.35091e+11	4.73088e+10	-2.22089e+11	-4.17622e+10	8.51234e+10	-1.48536e+11	3.46863e+11	9.34102e+10	4.70718e+11	-1.06931e+11
4.8e-10	1.16899e+11	-1.63868e+11	-2.76993e+11	1.39759e+11	-2.69671e+11	-3.23273e+11	8.72768e+09	-6.87614e+09	2.14672e+11	8.53942e+09	-1.73581e+10	9.43623e+10	2.41597e+10	9.56673e+10	-1.42159e+11
4.85e-10	2.02577e+11	-1.51058e+11	-4.16458e+11	1.20577e+11	-2.08969e+11	-3.39609e+11	1.96538e+11	-1.93062e+11	6.26295e+11	1.79986e+10	-1.91365e+10	2.10696e+11	6.47749e+10	-1.97368e+11	-2.8213e+11
4.9e-10	2.3159e+11	-3.15106e+11	-3.15064e+11	1.18068e+11	-3.06206e+11	-2.48321e+10	7.75849e+10	1.29004e+10	2.7093e+11	8.5057e+10	4.07302e+11	5.08322e+10	3.6653e+10	2.16103e+10	-2.89915e+11
4.95e-10	3.15554e+11	-6.6005e+11	4.81808e+10	1.8104e+11	-2.99537e+11	2.76332e+11	2.60567e+10	2.1434e+11	-1.74355e+11	7.80909e+10	2.67369e+11	-8.69247e+09	1.30039e+10	-2.03215e+11	-1.96546e+11
5e-10	1.79107e+11	-3.77603e+11	1.44451e+11	1.69116e+11	-3.56688e+11	4.53718e+11	6.67567e+10	1.48187e+11	2.08338e+11	5.99953e+10	-5.72623e+10	-4.5151e+11	3.69628e+10	-2.5768e+11	5.13477e+11
5.05e-10	2.36031e+11	7.5426e+09	4.72314e+11	1.95826e+11	1.93122e+11	4.39894e+11	-4.26967e+07	6.03176e+10	-1.07159e+10	-2.09982e+10	4.33894e+10	1.95306e+10	2.09427e+10	-1.47264e+11	1.79256e+11
5.1e-10	3.0134e+11	6.84965e+10	5.65901e+11	1.44717e+11	3.80286e+11	9.19472e+10	1.12105e+11	1.73195e+11	-2.73347e+11	-2.04496e+09	-1.4253e+11	1.05613e+11	8.37633e+09	-1.53954e+11	1.31179e+11
5.15e-10	3.35452e+11	4.70748e+11	2.79027e+11	1.66753e+11	4.00257e+11	-1.52846e+11	5.72276e+10	-1.23214e+10	-2.91457e+11	4.81314e+10	-1.85001e+11	-1.32722e+11	-6.14943e+09	1.75005e+11	-8.29229e+09
5.2e-10	4.29658e+11	6.6799e+11	6.32082e+10	2.10648e+11	4.32709e+11	-2.76696e+11	1.28416e+11	-4.85987e+11	-1.255e+10	3.40599e+10	-7.31132e+10	1.22805e+11	3.51602e+10	2.45333e+11	1.17259e+11
5.25e-10	3.5112e+11	3.71831e+11	-3.48608e+11	1.86345e+11	9.79536e+10	-4.95467e+11	1.24282e+11	-3.84301e+11	-2.07876e+11	9.27986e+10	-3.81753e+11	2.56966e+11	2.63415e+10	1.6108e+11	2.71831e+11
5.3e-10	3.19827e+11	3.71694e+11	-3.46584e+11	2.90116e+11	-3.95477e+11	-4.62989e+11	1.07757e+11	-1.96334e+11	2.68806e+11	1.56201e+10	1.75555e+10	9.59527e+10	3.77729e+10	1.35871e+11	-1.02035e+11
5.35e-10	3.98514e+11	-2.65283e+11	-4.85509e+11	1.79735e+11	-4.13991e+11	-6.32623e+10	2.03828e+11	-2.99499e+11	4.97166e+11	2.26923e+10	3.28817e+11	-1.13158e+11	4.37609e+10	2.50522e+11	-5.6277e+10
5.4e-10	4.41773e+11	-4.31466e+11	-2.88403e+11	3.50212e+11	-6.59714e+11	2.53405e+11	7.75031e+10	2.23211e+11	1.93045e+11	1.02475e+11	4.31243e+11	3.59963e+11	5.23346e+10	1.00977e+11	-2.5953e+11
5.45e-10	4.07073e+11	-5.74798e+11	-1.34177e+11	3.32698e+11	-3.32881e+11	4.37365e+11	2.14445e+11	2.86847e+11	3.75048e+11	8.82453e+10	2.16965e+11	-2.60692e+11	1.48649e+10	1.0628e+11	-2.46079e+11
5.5e-10	3.61682e+11	-2.3165e+11	3.57856e+11	1.77611e+11	-1.37884e+11	3.18678e+11	1.01827e+11	2.51268e+11	-5.72057e+10	1.94905e+11	1.28575e+11	-5.32167e+11	-6.50961e+09	9.91506e+09	-2.1665e+10
5.55e-10	3.93626e+11	-1.51606e+11	3.98656e+11	3.8266e+11	2.84302e+11	5.78227e+11	2.21896e+11	3.79458e+11	-3.01982e+11	-3.76669e+10	2.45781e+11	3.32961e+10	1.24709e+11	-5.10392e+11	1.09684e+11
5.6e-10	4.3923e+11	-1.4993e+10	5.23427e+11	3.49829e+11	5.75623e+11	3.06208e+11	1.22155e+11	2.64492e+11	-2.30723e+11	1.70825e+11	-3.10338e+11	-4.65791e+11	7.21786e+10	-3.59859e+11	2.59812e+11
5.65e-10	5.07792e+11	5.11496e+11	3.15237e+11	2.34447e+11	3.25281e+11	-6.28737e+10	1.38636e+11	2.14164e+11	-3.67131e+11	1.58699e+11	-4.60338e+11	-4.45843e+10	7.06242e+10	-2.5651e+10	3.99357e+11
5.7e-10	6.19079e+11	6.65447e+11	2.92801e+11	1.12996e+11	2.15316e+11	-1.19446e+11	1.55758e+11	-4.36242e+11	-1.30528e+11	9.5399e+10	-3.52965e+11	-4.62763e+10	6.12435e+10	2.34632e+11	1.16947e+11
5.75e-10	5.41125e+11	6.28798e+11	-7.44034e+09	2.86504e+11	2.13536e+11	-4.11039e+11	1.80608e+11	-4.60744e+11	4.56849e+10	1.0068e+11	-1.5813e+11	2.74265e+11	-3.13555e+09	-4.84047e+10	8.69829e+10
5.8e-10	4.02793e+11	2.16434e+11	-5.01114e+11	1.90496e+11	-1.48828e+11	-3.39061e+11	2.09924e+11	-4.89471e+11	1.02804e+11	1.5874e+11	-1.02987e+11	5.75121e+11	6.79133e+10	3.60633e+11	-3.49656e+11
5.85e-10	4.79961e+11	7.80225e+10	-5.89176e+11	3.09804e+11	-4.35517e+11	-2.93865e+11	-3.50114e+10	-1.48384e+11	-2.74199e+11	9.0378e+10	2.06111e+11	2.83384e+11	3.06129e+10	-6.32293e+10	-2.60149e+11
5.9e-10	2.91571e+11	-1.33963e+11	-3.70344e+11	3.2479e+11	-5.60879e+11	-3.71167e+11	1.40107e+11	-2.85393e+11	3.66654e+11	1.42771e+11	2.93515e+11	2.5117e+11	1.35813e+11	-2.7865e+10	-4.55974e+11
5.95e-10	4.13387e+11	-4.03429e+11	-4.03138e+11	2.68737e+11	-4.38959e+11	2.39661e+11	1.87524e+11	3.23712e+11	4.22452e+11	1.15592e+11	3.45456e+11	-9.48102e+10	5.85391e+10	-1.44602e+11	-1.65359e+11
6e-10	3.92723e+11	-3.98368e+11	2.06026e+11	2.9054e+11	-3.87053e+11	4.62806e+11	1.43953e+11	2.72646e+11	2.62394e+11	1.83752e+11	3.16763e+11	-4.67442e+11	1.05497e+11	-4.8819e+11	-1.07273e+11
6.05e-10	4.70996e+11	-2.80664e+11	5.36789e+11	2.36449e+11	2.42222e+10	4.34332e+11	3.04612e+11	6.68544e+11	-2.70447e+10	1.067e+11	4.20768e+10	-3.5001e+11	5.99213e+10	-2.26155e+11	-1.57117e+11
6.1e-10	4.77141e+11	-2.13491e+11	4.96034e+11	2.20778e+11	3.78225e+11	3.78444e+11	2.15301e+11	3.69395e+11	-2.88844e+11	1.4333e+11	-1.383e+11	-4.09266e+11	7.66704e+10	-1.25614e+11	5.13864e+11
6.15e-10	5.66847e+11	1.83488e+11	6.1117e+11	1.69886e+11	3.3446e+11	1.698e+11	1.15007e+11	-8.85741e+10	-2.79891e+11	1.40375e+11	-4.00016e+11	-2.038e+11	3.14381e+10	-1.52456e+11	2.49116e+11
6.2e-10	2.72811e+11	2.43548e+11	2.02763e+11	3.47396e+11	6.98663e+11	-1.17156e+11	9.09045e+10	-6.07942e+10	-2.66459e+11	1.22561e+11	-4.11011e+11	-2.22613e+10	4.78291e+10	8.6604e+10	1.27338e+11
6.25e-10	4.05523e+11	4.54641e+11	1.96964e+10	2.4814e+11	2.61837e+11	-4.1808e+11	1.65987e+11	-1.28879e+11	-3.50892e+11	8.8903e+10	-3.12095e+11	-4.34363e+10	2.73239e+10	7.1997e+10	1.04668e+11
6.3e-10	3.04582e+11	3.10992e+11	-1.90032e+11	3.08239e+11	2.79189e+11	-5.48801e+11	1.68446e+11	-4.08063e+11	-1.23886e+10	9.40034e+10	-2.26438e+11	2.61359e+11	4.19625e+10	2.69436e+11	2.36717e+10
6.35e-10	6.85323e+11	1.29305e+11	-7.03225e+11	4.56073e+11	1.7907e+11	-7.96612e+11	1.624e+11	-4.80628e+11	1.63249e+11	7.5972e+10	7.78683e+10	4.03294e+11	5.34332e+10	7.85721e+10	-2.74767e+11
6.4e-10	3.98714e+11	-1.32759e+11	-4.96137e+11	3.48118e+11	-3.16737e+11	-4.96733e+11	1.79433e+11	-1.5979e+11	3.77186e+11	1.30231e+11	3.63351e+11	2.77138e+11	7.50576e+10	1.82523e+10	-2.62409e+11
6.45e-10	4.07299e+11	-2.44007e+11	-4.31379e+11	2.62405e+11	-3.90023e+11	-2.28856e+11	1.86681e+11	-8.14064e+09	3.42262e+11	4.9369e+10	2.92659e+11	2.244e+10	4.15289e+10	-2.59045e+11	-1.95319e+11
6.5e-10	6.0824e+11	-6.89789e+11	-1.78343e+11	2.07004e+11	-4.36105e+11	1.41821e+11	1.93773e+11	2.81914e+11	4.28346e+11	1.18407e+11	3.38608e+11	-8.23322e+10	1.83757e+11	-6.04379e+11	-3.74578e+11
6.55e-10	4.81536e+11	-5.60087e+11	-6.62747e+10	2.86845e+11	-1.08116e+11	5.25379e+11	4.79719e+10	1.13753e+11	2.44743e+11	1.36449e+11	4.01376e+11	-2.09303e+11	3.79632e+10	-1.29344e+11	-4.63516e+11
6.6e-10	6.01128e+11	-4.46214e+11	5.09691e+11	4.07082e+11	-2.84353e+11	7.06067e+11	1.07917e+11	2.74585e+11	6.52968e+10	5.5627e+10	-5.23028e+10	-2.01739e+11	7.91575e+10	-3.57809e+11	-4.57593e+10
6.65e-10	4.1827e+11	3.67889e+10	5.41496e+11	3.25627e+11	3.81001e+11	4.05269e+11	2.19531e+11	3.32985e+11	-3.42793e+11	1.64377e+11	-2.54082e+11	-3.82045e+11	2.62874e+10	-3.43775e+10	2.87127e+11
6.7e-10	3.4371e+11	1.31763e+11	4.01936e+11	2.39038e+11	2.92812e+11	3.51937e+11	3.04492e+11	-1.50507e+11	-6.8995e+11	1.23418e+11	-4.66346e+11	-4.96914e+09	2.31639e+10	-2.17067e+11	7.30013e+10
6.75e-10	4.3655e+11	2.27978e+11	5.33666e+11	2.82648e+11	4.55367e+11	-1.80312e+11	2.35485e+11	-1.21563e+11	-5.92751e+11	1.11857e+11	-3.42222e+11	-5.70243e+10	7.60402e+10	1.67268e+11	3.12824e+11
6.8e-10	6.48042e+11	7.8406e+11	1.52933e+11	2.70493e+11	3.49285e+11	-3.77013e+11	1.07455e+11	-3.13789e+11	-1.11124e+11	9.26265e+10	-1.87848e+11	2.0115e+11	5.43183e+10	1.02113e+11	2.37759e+11
6.85e-10	3.97148e+11	2.71833e+11	-3.53898e+11	4.24077e+11	2.1763e+11	-7.62394e+11	1.58677e+11	-4.03162e+11	5.24545e+10	1.44067e+11	6.73885e+09	5.00264e+11	1.06622e+11	3.3134e+11	1.39603e+11
6.9e-10	5.09149e+11	2.82248e+11	-5.07253e+11	2.92159e+11	-3.24356e+11	-4.6414e+11	2.27395e+11	-4.36102e+11	2.97881e+11	1.81603e+11	2.1307e+11	4.73316e+11	1.61441e+11	4.01512e+11	-5.07411e+11
6.95e-10	4.34615e+11	-4.91659e+10	-5.00392e+11	3.16664e+11	-4.61004e+11	-3.4385e+11	2.63381e+11	-1.50197e+11	4.71528e+11	1.01376e+11	2.62495e+11	1.99342e+11	1.61082e+10	-5.12648e+09	-8.63901e+10
7e-10	5.16826e+11	-4.76623e+11	-3.24291e+11	2.96288e+11	-4.52543e+11	1.93796e+11	2.22809e+11	1.76101e+11	5.17479e+11	1.03445e+11	3.40566e+11	-6.1806e+09	3.00513e+10	-5.43679e+11	-2.00322e+11
7.05e-10	5.03208e+11	-5.55667e+11	-2.17637e+11	3.20464e+11	-4.79191e+11	2.61362e+11	9.94048e+10	1.34923e+10	2.45021e+11	7.84981e+10	1.57817e+11	-1.38709e+11	6.29429e+10	-1.90359e+11	-2.57056e+11
7.1e-10	4.72148e+11	-5.30562e+11	-5.63384e+10	3.45119e+11	-8.66833e+10	5.41188e+11	1.34599e+11	2.77553e+11	-3.56919e+10	1.78794e+10	2.17866e+11	5.90684e+10	1.18244e+11	-4.06836e+11	-2.251e+11
7.15e-10	5.85692e+11	-4.83468e+11	4.23486e+11	3.33288e+11	-8.16031e+10	5.49187e+11	2.26987e+11	4.65473e+11	-8.95713e+10	2.5762e+11	-2.18524e+10	-6.63918e+11	1.98435e+10	-1.53991e+11	-2.51436e+10
7.2e-10	3.27668e+11	-7.38482e+10	3.36094e+11	3.15224e+11	2.73155e+11	4.32685e+11	2.19209e+11	3.54566e+11	-2.59933e+11	1.91264e+11	-3.4653e+11	-5.2098e+11	8.92818e+10	-1.70589e+11	2.72306e+11
7.25e-10	5.87883e+11	2.35949e+11	6.56607e+11	2.14337e+11	3.42139e+11	-3.55967e+10	2.01054e+11	7.73732e+10	-4.95716e+11	9.11285e+10	-3.07835e+11	8.52849e+10	2.50692e+10	3.05209e+11	1.17417e+11
7.3e-10	2.67845e+11	3.59488e+11	1.20638e+11	2.30197e+11	4.6838e+11	5.5175e+10	2.65126e+11	-3.20732e+11	-4.0332e+11	1.47504e+11	-4.21295e+11	1.56916e+11	1.01384e+11	8.79818e+10	4.01552e+11
7.35e-10	3.48751e+11	4.24305e+11	1.27269e+10	2.29634e+11	1.87716e+11	-3.40352e+11	1.53148e+11	-2.20022e+11	-2.96893e+11	9.77811e+10	-2.06705e+11	3.63557e+11	8.10861e+10	1.0676e+11	4.61534e+11
7.4e-10	5.10187e+11	5.47025e+11	-2.66956e+11	4.25618e+11	2.04639e+11	-6.61047e+11	1.1137e+11	-2.42625e+11	-4.34692e+10	1.15077e+11	-2.63709e+11	2.23402e+11	1.04086e+11	3.39773e+11	4.66193e+10
7.45e-10	4.01372e+11	2.99808e+11	-3.27895e+11	1.87348e+11	-1.71599e+11	-2.87493e+11	2.62891e+11	-4.16451e+11	3.4614e+11	2.07913e+11	1.36114e+11	6.00401e+11	8.93926e+10	4.60581e+11	-3.67175e+10
7.5e-10	3.9969e+11	-1.23013e+11	-4.0141e+11	3.45437e+11	-4.95616e+11	-4.17124e+11	2.49498e+11	-3.2775e+11	5.16774e+11	9.18972e+10	2.42598e+11	2.11909e+11	1.08394e+11	-1.06034e+11	-4.77176e+11
7.55e-10	3.47686e+11	-2.53082e+11	-4.01855e+11	1.4727e+11	-2.5439e+11	-5.7606e+09	2.56043e+11	3.41558e+10	5.05671e+11	1.41715e+11	4.70244e+11	-8.99469e+10	3.14547e+10	-7.43377e+10	-1.35694e+11
7.6e-10	4.4655e+11	-5.06198e+11	-9.22957e+10	3.69688e+11	-5.97998e+11	3.21281e+11	2.6071e+11	3.56331e+11	4.14409e+11	1.23653e+11	3.81927e+11	-1.37281e+11	9.66437e+10	-2.4998e+11	-3.78283e+11
7.65e-10	5.08033e+11	-5.95399e+11	1.05567e+10	2.75194e+11	-1.98571e+11	4.25467e+11	1.9637e+11	4.12612e+11	1.61812e+10	8.97258e+10	2.70217e+11	-1.77364e+11	7.41407e+10	-2.84381e+11	-1.2385e+11
7.7e-10	5.3113e+11	-3.34948e+11	4.69169e+11	4.21819e+11	1.05186e+11	6.85236e+11	2.06787e+11	5.1994e+11	-1.19877e+11	1.42316e+11	-4.63465e+10	-4.59728e+11	1.49172e+10	-5.62546e+10	4.35015e+10
7.75e-10	5.81085e+11	-4.22641e+10	6.68998e+11	3.85891e+11	3.58297e+11	4.44994e+11	1.85898e+11	3.43308e+11	-2.544e+11	1.17562e+11	-1.87383e+11	-2.92664e+11	-1.58144e+09	2.72945e+10	9.18976e+10
7.8e-10	5.01155e+11	1.90169e+11	5.24769e+11	2.74113e+11	3.22015e+11	3.93103e+11	2.46182e+11	-4.20046e+10	-5.51695e+11	5.23746e+10	-1.72716e+11	-1.02872e+11	7.72529e+10	-3.82858e+10	2.5555e+11
7.85e-10	5.30568e+11	5.74293e+11	4.07508e+11	2.19471e+11	3.27295e+11	-3.87035e+11	2.31866e+11	-1.32988e+11	-3.92415e+11	1.47139e+11	-4.63337e+11	2.74672e+11	9.71421e+10	1.95429e+11	3.35363e+11
7.9e-10	3.9757e+11	4.64599e+11	-5.65775e+10	2.48696e+11	4.43498e+11	-2.92595e+11	2.00775e+11	-4.05017e+11	-1.69036e+11	1.65924e+11	-3.4444e+11	1.57314e+11	1.21647e+11	4.7086e+11	-1.06094e+11
7.95e-10	4.94713e+11	5.16914e+11	-2.39377e+11	3.17145e+11	-1.97415e+10	-5.4643e+11	1.9566e+11	-3.84437e+11	-5.38777e+10	5.66084e+10	-1.38206e+11	9.29598e+10	6.36998e+10	2.25946e+11	2.14731e+10
8e-10	5.55476e+11	5.01729e+11	-5.30197e+11	2.62419e+11	-3.07947e+11	-3.52244e+11	3.07328e+11	-4.71624e+11	4.39595e+11	1.05841e+11	1.65133e+11	3.51778e+11	1.0152e+11	3.8491e+11	-2.54674e+11
8.05e-10	5.4732e+11	-2.76635e+11	-5.56765e+11	1.00712e+11	-2.31215e+11	-1.24274e+11	2.47392e+11	-1.9539e+11	4.44163e+11	1.14269e+11	2.45119e+11	3.09316e+11	9.89348e+10	1.51712e+11	-3.84252e+11
8.1e-10	6.10181e+11	-4.07725e+11	-6.39609e+11	3.41527e+11	-5.20687e+11	-2.66448e+11	1.98249e+11	2.79084e+10	3.7373e+11	1.04394e+11	2.13861e+11	1.58079e+11	3.72922e+10	9.89135e+10	-2.08605e+11
8.15e-10	3.9046e+11	-4.81593e+11	-2.30285e+11	3.12144e+11	-5.11882e+11	2.85312e+11	2.65763e+11	4.1968e+11	3.47462e+11	1.05837e+11	2.69344e+11	-3.36116e+11	7.72174e+10	-1.44491e+11	-3.45882e+11
8.2e-10	4.0761e+11	-5.4262e+11	8.14371e+09	1.83081e+11	-2.8311e+11	3.00263e+11	2.43041e+11	4.72361e+11	8.41477e+10	1.50285e+11	4.97302e+11	-3.17288e+11	6.34741e+10	-3.72495e+11	-1.77928e+11
8.25e-10	4.80103e+11	-4.84853e+11	3.37117e+11	3.14382e+11	8.21921e+10	5.91167e+11	2.79593e+11	6.19364e+11	4.88898e+09	2.31451e+11	1.2537e+11	-5.51994e+11	6.76462e+10	-2.90831e+11	-1.36015e+11
8.3e-10	5.99732e+11	-5.8698e+10	6.97064e+11	2.49946e+11	1.92927e+11	5.26411e+11	1.90536e+11	3.82865e+11	-2.40624e+11	1.58837e+11	-1.73795e+11	-3.42028e+11	7.6495e+10	-1.06333e+11	2.59135e+11
8.35e-10	2.38371e+11	8.80869e+09	3.39775e+11	3.734e+11	6.09591e+11	2.58196e+11	3.22923e+11	4.80379e+10	-7.64374e+11	1.16615e+11	-3.93236e+11	-2.54571e+11	6.06341e+10	1.23723e+11	3.38983e+11
8.4e-10	3.73315e+11	2.69297e+11	4.4626e+11	3.71864e+11	6.45496e+11	-1.4468e+11	1.75098e+11	-7.81763e+08	-4.19183e+11	1.64791e+11	-4.88375e+11	3.87964e+10	6.57352e+10	2.41861e+11	1.679e+11
8.45e-10	5.58302e+11	6.67108e+11	-5.53311e+10	2.52623e+11	4.12656e+11	-3.95372e+11	2.6444e+11	-4.33042e+11	-3.14232e+11	9.6214e+10	-1.54906e+11	3.10824e+11	5.11994e+10	2.70709e+11	6.65851e+10
8.5e-10	4.85273e+11	5.38276e+11	-2.35974e+11	1.85918e+11	1.60987e+11	-2.86718e+11	2.19861e+11	-5.02168e+11	-1.72166e+11	1.59219e+11	-3.25779e+11	2.41231e+11	9.42974e+09	-4.86565e+08	-2.06958e+11
8.55e-10	4.78333e+11	3.52033e+11	-5.05571e+11	3.18501e+11	-1.75195e+11	-5.53741e+11	3.04683e+11	-6.46557e+11	5.98301e+11	1.03941e+11	3.19096e+10	3.13854e+11	1.12573e+11	3.08341e+11	-2.95206e+11
8.6e-10	2.44111e+11	-1.03139e+11	-3.28826e+11	1.79311e+11	-2.35742e+11	-2.52083e+11	1.89223e+11	-3.28983e+11	2.6559e+11	1.17698e+11	3.29438e+11	1.81231e+11	1.45203e+11	-1.35687e+11	-7.70633e+11
8.65e-10	2.25645e+11	-7.38062e+10	-3.38597e+11	2.89957e+11	-5.42511e+11	2.15774e+11	2.69526e+11	1.10268e+11	6.35435e+11	1.30044e+11	4.02852e+11	1.14303e+11	9.97915e+10	-1.32207e+11	-3.46292e+11
8.7e-10	5.07696e+11	-7.1643e+11	-6.08839e+10	3.53563e+11	-5.8229e+11	3.54488e+11	1.84276e+11	1.12776e+11	4.04914e+11	6.16955e+10	2.28122e+11	8.84413e+10	6.19243e+10	-2.10029e+11	-2.86383e+11
8.75e-10	4.34366e+11	-4.60323e+11	2.36149e+11	2.4862e+11	-1.47315e+11	5.67052e+11	1.31473e+11	2.88151e+11	3.29696e+11	2.30412e+11	4.53511e+11	-4.18855e+11	8.9471e+10	-3.49046e+11	-2.57518e+11
8.8e-10	5.06421e+11	-4.56776e+11	5.05982e+11	3.2929e+11	1.01252e+11	6.42723e+11	1.45709e+11	3.64237e+11	-5.73633e+10	1.74107e+11	6.23405e+10	-4.26126e+11	7.8106e+10	-3.14192e+11	-7.62278e+10
8.85e-10	4.36227e+11	2.01686e+11	6.18781e+11	1.49427e+11	2.93034e+11	1.79029e+11	1.95791e+11	4.55632e+11	-1.88726e+11	1.823e+11	-2.16392e+11	-4.72203e+11	4.18581e+10	-2.21217e+11	4.85357e+10
8.9e-10	5.34715e+11	4.11231e+11	6.70171e+11	1.9203e+11	3.94427e+11	1.05309e+11	1.06667e+11	8.90423e+10	-2.38536e+11	8.92017e+10	-1.66628e+11	-4.2134e+11	4.89772e+10	1.29665e+11	1.80121e+11
8.95e-10	4.06812e+11	5.54021e+11	2.03449e+11	3.21503e+11	6.93234e+11	-7.3505e+10	1.60954e+11	-2.46999e+11	-2.94354e+11	1.06528e+11	-3.06956e+11	6.0621e+10	6.70227e+10	8.59291e+09	3.06819e+11
9e-10	5.40084e+11	5.73113e+11	8.41154e+10	2.0366e+11	1.33652e+11	-5.2357e+11	1.68482e+11	-3.28607e+11	-2.65345e+11	7.54242e+10	-1.93096e+11	1.2692e+11	1.13502e+11	4.37031e+11	2.86091e+11
9.05e-10	4.00537e+11	5.40308e+11	-2.05226e+11	1.84779e+11	3.47551e+10	-3.32615e+11	1.69233e+11	-4.60864e+11	-8.46597e+10	1.26366e+10	-3.71132e+11	-3.04441e+08	-1.45525e+10	-6.43557e+10	1.21091e+11
9.1e-10	4.33882e+11	-3.05054e+10	-6.95019e+11	3.12867e+11	-1.24571e+11	-5.91845e+11	1.63311e+11	-2.98246e+11	2.71264e+11	1.4336e+11	2.79192e+11	4.16546e+11	5.48171e+10	1.34353e+11	-2.09591e+11
9.15e-10	3.75191e+11	-2.07262e+11	-4.33327e+11	4.06754e+11	-4.50802e+11	-6.41201e+11	1.1889e+11	-2.92516e+11	1.9458e+11	7.46055e+10	3.41855e+11	7.69111e+10	7.58111e+10	1.90409e+11	-2.73842e+11
9.2e-10	3.74617e+11	-4.09083e+11	-2.3946e+11	4.53973e+11	-7.45641e+11	8.14721e+10	1.4926e+11	-2.20637e+11	3.51797e+11	5.59135e+10	2.31184e+11	-1.81529e+11	3.73006e+10	-1.81144e+11	-9.89957e+10
9.25e-10	4.9588e+11	-6.69773e+11	8.87225e+10	2.62326e+11	-3.45206e+11	2.75891e+11	1.64e+11	1.20082e+11	3.29229e+11	6.45823e+10	1.57728e+11	-3.84769e+11	-3.35312e+09	1.18465e+11	-1.02551e+11
9.3e-10	3.53483e+11	-3.69689e+11	2.43802e+11	2.44117e+11	-1.15025e+11	4.07676e+11	1.52679e+11	3.57359e+11	5.44115e+10	7.33871e+10	4.18668e+11	-9.64301e+09	4.19227e+09	-1.37519e+11	1.60474e+11
9.35e-10	2.6216e+11	-2.22425e+11	3.37739e+11	2.82442e+11	1.23974e+11	4.87254e+11	1.5142e+11	3.73555e+11	1.12981e+11	1.25695e+11	-5.79612e+10	-3.92169e+11	2.40464e+10	-1.69878e+11	1.94874e+11
9.4e-10	1.40617e+11	5.56973e+10	2.49437e+11	2.58831e+11	2.35513e+11	4.54525e+11	3.12064e+11	3.17657e+11	-4.42268e+11	9.68464e+10	-1.212e+11	-3.02355e+11	3.28926e+10	-2.29426e+11	2.77834e+11
9.45e-10	3.18495e+11	3.38539e+11	2.56551e+11	2.80599e+11	6.36512e+11	3.57766e+10	9.35673e+10	2.00219e+11	-2.34722e+11	1.55866e+11	-3.53974e+11	-1.43549e+11	4.39881e+10	-2.87614e+10	2.13038e+11
9.5e-10	3.20427e+11	4.83618e+11	8.53899e+10	3.05892e+11	4.97213e+11	-1.87728e+11	1.01796e+11	-8.49222e+10	-3.51709e+11	5.71952e+10	-1.84012e+11	8.24996e+10	1.19354e+11	-4.38599e+09	4.90967e+11
9.55e-10	5.03737e+11	7.09784e+11	-7.833e+10	3.15301e+11	1.48625e+11	-6.62109e+11	1.18523e+11	-2.7473e+11	-1.86002e+11	9.23826e+10	-2.36548e+11	2.13605e+11	1.89605e+10	7.66227e+10	1.26365e+11
9.6e-10	4.03896e+11	3.3162e+11	-3.70081e+11	1.77124e+11	-5.73667e+10	-4.33895e+11	2.66686e+11	-5.92172e+11	-2.30266e+11	1.28058e+11	-1.47624e+10	4.29994e+11	7.58262e+10	5.41356e+11	-1.70603e+11
9.65e-10	3.08714e+11	4.14938e+10	-4.41952e+11	2.9872e+11	-2.7064e+11	-5.58738e+11	1.45196e+11	-2.54028e+11	3.864e+11	1.25549e+11	2.17364e+11	3.88759e+11	5.74801e+10	3.03513e+11	-8.73506e+10
9.7e-10	3.18887e+11	1.48312e+09	-4.23809e+11	2.49569e+11	-4.74103e+11	2.71594e+10	1.40469e+11	1.01846e+11	4.2598e+11	9.82885e+10	2.97575e+11	-3.11677e+10	1.07254e+11	2.11121e+10	-3.96029e+11
9.75e-10	2.85602e+11	-2.64556e+11	-2.73906e+11	2.14416e+11	-4.65543e+11	1.81206e+11	1.88123e+11	2.61632e+11	5.15348e+11	1.33581e+11	4.58588e+11	4.5182e+10	9.36441e+10	-2.16644e+11	-3.26214e+11
9.8e-10	1.63073e+11	-2.45282e+11	5.4862e+10	1.81808e+11	-1.62233e+11	3.01822e+11	1.56318e+11	4.58206e+11	1.41317e+11	2.08906e+10	1.27819e+11	-1.83713e+11	-9.76764e+09	3.84208e+10	-1.81842e+10
9.85e-10	3.06415e+11	-3.35379e+11	2.96423e+11	1.69809e+11	-1.72774e+11	3.19071e+11	1.35669e+11	3.27976e+11	-1.16197e+11	7.68955e+10	1.83658e+11	-2.54288e+11	-1.04218e+09	-2.91948e+10	1.36976e+10
9.9e-10	3.67023e+11	-2.80967e+11	4.3462e+11	1.59786e+11	-1.23601e+11	4.96664e+11	6.30505e+10	1.3982e+11	-1.4254e+11	8.29783e+10	-4.93718e+10	-2.86742e+11	3.82574e+10	-1.48001e+11	9.91251e+09
9.95e-10	3.69708e+11	2.86761e+11	5.51363e+11	3.33585e+11	6.15397e+11	2.91848e+11	1.83929e+11	2.90084e+11	-4.36157e+11	1.71929e+11	-4.4949e+11	-2.36586e+11	6.81417e+10	-4.32625e+11	1.53967e+11
1e-09	4.48388e+11	4.87548e+11	4.76574e+11	1.77764e+11	4.05845e+11	3.56283e+11	2.09396e+11	-3.4514e+10	-5.24397e+11	8.16862e+10	-2.74172e+11	2.66963e+10	6.12278e+10	1.01238e+11	2.05169e+11
