Tue Oct 22 17:03:18 2024

<base> : Rectangle : 0m, 0m, 0m; 7um, 50nm, 5nm. Cells : 1400, 10, 1. Cellsize : 5nm, 5nm, 5nm
<supermesh> : Rectangle : 0m, 0m, 0m; 7um, 50nm, 5nm. Cells : 1400, 10, 1. Cellsize : 5nm, 5nm, 5nm

Saved data (dataname (unit) <meshname> (cells_rectangle)) : 

time (s)	<mxdmdt> (1/s) <base> (3.6um, 0m, 0m; 3.61um, 50nm, 5nm)			<mxdmdt> (1/s) <base> (4um, 0m, 0m; 4.01um, 50nm, 5nm)			<mxdmdt> (1/s) <base> (4.5um, 0m, 0m; 4.51um, 50nm, 5nm)			<mxdmdt> (1/s) <base> (5.5um, 0m, 0m; 5.51um, 50nm, 5nm)			<mxdmdt> (1/s) <base> (6.5um, 0m, 0m; 6.51um, 50nm, 5nm)			

0	51595.9	-22223.4	560498	18077.1	1.10166e+06	-470926	36288.3	679197	553155	7991.6	255455	-925803	9613.39	-189311	-190667
5e-12	1.59292e+10	8.26442e+10	1.59855e+11	5.94338e+08	2.47067e+10	1.0158e+11	-2.33363e+09	-2.7512e+11	-1.93333e+10	-1.34824e+10	8.84581e+10	1.09196e+11	5.75007e+09	2.09015e+11	1.47683e+11
1e-11	-9.16318e+09	1.87747e+11	2.51483e+10	2.12689e+09	-2.90201e+09	1.82442e+11	-8.83711e+09	6.04593e+10	-1.65282e+10	-4.94617e+09	-1.49748e+11	1.20154e+11	1.14929e+10	2.07691e+10	-1.46825e+11
1.5e-11	2.47956e+10	1.88526e+11	-2.03467e+11	2.02682e+10	1.29238e+11	-6.60332e+10	-4.49402e+09	1.33237e+11	-6.27926e+10	-5.43627e+09	-7.82289e+10	1.12344e+10	2.48473e+09	1.11588e+10	-3.03568e+11
2e-11	-2.59213e+09	3.27034e+11	-2.48927e+10	-1.77281e+10	-1.98855e+11	1.74006e+11	-2.03673e+09	2.9254e+11	9.98605e+10	-1.41404e+09	4.241e+10	-7.93088e+10	-3.45278e+09	1.65148e+11	1.5011e+09
2.5e-11	1.00562e+10	-4.53476e+10	4.71175e+11	-1.37581e+10	-1.5219e+11	1.43637e+11	-1.61485e+10	1.93523e+11	5.92348e+10	-2.62203e+10	8.23383e+10	-1.70966e+11	1.79737e+10	1.35938e+11	-1.25222e+10
3e-11	-3.03221e+09	-2.49129e+10	-6.38242e+10	-2.66793e+09	-1.48975e+11	3.79218e+08	7.39689e+09	-1.44677e+11	1.52807e+11	1.67517e+09	-2.82478e+11	1.66412e+11	-2.8035e+10	-2.00779e+11	-1.07033e+11
3.5e-11	-4.30615e+09	-5.31546e+10	9.70084e+10	1.02055e+09	-1.94289e+11	1.13765e+11	-1.45263e+10	-3.6537e+10	-4.19194e+10	-2.20773e+10	1.70756e+11	1.76578e+11	-1.70735e+10	-1.50155e+11	-1.17819e+11
4e-11	1.22369e+10	-1.75595e+11	1.79817e+11	-2.57809e+10	-1.93092e+11	3.61842e+11	2.91441e+09	-3.79195e+10	5.8724e+10	8.04572e+09	6.84213e+10	8.63927e+10	-3.57507e+09	-1.16185e+11	1.44448e+11
4.5e-11	9.15131e+09	1.1243e+11	-1.27621e+09	-1.35866e+10	-5.15769e+10	-7.60321e+10	-4.98522e+09	-5.56188e+10	-7.94864e+10	-2.66958e+10	-1.63265e+11	1.6314e+11	1.61548e+10	1.89566e+11	-2.59842e+11
5e-11	1.67157e+10	-9.95494e+10	3.08194e+11	1.13152e+10	-1.9959e+11	1.07896e+11	-7.19315e+09	-6.65034e+10	3.02857e+10	-1.6704e+10	-6.42478e+10	7.37853e+10	-2.15549e+09	1.13211e+09	5.8113e+10
5.5e-11	2.46416e+10	-4.70564e+10	2.05716e+11	1.53278e+10	-2.40593e+11	-7.07293e+10	-4.66887e+09	1.42887e+11	-1.19053e+11	-2.4008e+09	-1.61445e+11	1.52226e+11	1.4412e+09	-1.56227e+11	8.90183e+10
6e-11	4.22659e+10	1.14817e+11	1.50675e+11	-8.48164e+09	-5.63054e+09	-6.84758e+10	4.22685e+09	-1.5572e+11	-3.15098e+10	3.45685e+09	9.94929e+10	2.99281e+11	2.3203e+10	2.01457e+11	-1.42852e+11
6.5e-11	6.28204e+10	2.96002e+11	1.66316e+11	-1.26782e+10	1.73124e+11	-3.3219e+10	-1.69328e+10	1.43664e+11	2.0134e+11	-4.31052e+09	-3.163e+10	-3.03886e+11	1.15553e+10	-1.89067e+11	-1.73405e+11
7e-11	8.80809e+10	4.80562e+11	2.67948e+11	-5.2467e+10	2.34742e+11	-2.17362e+09	9.13596e+08	-3.11637e+09	-1.251e+11	1.122e+09	1.86998e+11	1.85947e+10	6.40142e+09	-3.50053e+11	-9.47314e+10
7.5e-11	5.78051e+10	2.87902e+11	1.35423e+11	-1.70874e+10	7.84149e+10	6.03386e+10	-2.05989e+10	-1.78135e+11	-7.38511e+10	-5.45747e+09	2.06269e+11	-4.73045e+10	6.05486e+09	2.60944e+11	6.77689e+10
8e-11	5.47521e+10	2.90456e+11	-5.81382e+10	1.92761e+09	-1.92032e+11	-6.9707e+10	1.26606e+10	-3.02434e+11	-4.44893e+10	-1.96972e+10	-9.3022e+10	1.63475e+11	6.24024e+09	-2.19166e+11	-7.21667e+10
8.5e-11	2.24226e+10	6.65121e+10	-9.87335e+10	2.23826e+10	6.8886e+10	3.06207e+11	6.58745e+09	-3.116e+10	-1.66347e+11	-2.04345e+10	6.47797e+10	2.6007e+11	-7.26293e+08	-3.48105e+10	1.47078e+11
9e-11	5.6381e+10	3.20755e+11	-1.36234e+11	4.17634e+10	-3.04353e+11	2.36597e+11	-6.14785e+09	4.68387e+10	-8.68097e+10	-1.26013e+09	-2.22348e+11	3.12791e+11	-2.72086e+08	6.87438e+10	-5.51764e+10
9.5e-11	1.19751e+11	3.24876e+11	-4.3713e+11	-1.82153e+10	1.46337e+11	-1.75e+11	9.12547e+09	-4.97206e+10	2.67169e+10	-2.5785e+08	1.23321e+11	1.46141e+10	9.97709e+09	1.78619e+11	1.31177e+10
1e-10	-8.30431e+08	1.09798e+10	-5.53538e+10	-6.38982e+09	-1.58994e+11	1.41086e+11	1.00035e+10	-1.67319e+11	-2.24306e+11	-5.02609e+09	3.08138e+11	1.69269e+11	-3.72278e+09	1.62379e+11	-2.79853e+11
1.05e-10	1.25556e+10	-6.91607e+10	-1.94063e+11	-9.09092e+08	2.03338e+11	-1.1519e+11	-5.12753e+09	-3.50572e+10	-7.44284e+10	-2.14966e+10	-1.12667e+11	9.15218e+09	7.74052e+09	1.53579e+11	-2.72636e+10
1.1e-10	-8.94584e+09	-3.67275e+11	1.01032e+11	2.53267e+10	9.33507e+10	4.65258e+11	-3.65178e+08	1.73509e+10	-3.87749e+10	-3.40007e+09	5.55367e+10	2.17903e+11	4.98756e+09	1.99386e+11	-6.67526e+10
1.15e-10	-6.18943e+09	-2.16241e+10	2.36815e+09	9.7645e+09	2.46471e+11	1.62502e+11	3.89448e+09	-5.54861e+10	1.03729e+11	-9.26625e+09	-1.96393e+11	9.69068e+10	-3.35304e+08	-8.56336e+10	-1.03409e+11
1.2e-10	-6.87156e+09	-6.54433e+10	2.32071e+11	2.72024e+09	2.39811e+10	1.91862e+11	5.45907e+08	-9.62491e+10	1.80086e+11	1.07263e+10	8.94611e+09	-2.86053e+11	-1.14725e+10	1.19524e+11	-1.79801e+11
1.25e-10	1.08157e+10	-1.33705e+11	1.17325e+11	-3.9807e+09	3.68176e+10	-6.14308e+10	1.68586e+10	-1.35692e+11	2.2565e+11	-7.06494e+09	-6.67458e+10	-8.78769e+10	1.49769e+10	1.27583e+11	3.13535e+10
1.3e-10	2.25556e+10	-1.71862e+11	-4.62862e+10	-7.61159e+09	-1.49818e+11	-2.59498e+11	8.19963e+09	3.84108e+10	2.34958e+11	5.05649e+07	-2.05862e+11	8.6451e+10	-1.78061e+09	-1.177e+11	3.10046e+11
1.35e-10	1.65978e+10	-2.8667e+11	-4.28051e+09	-3.83925e+08	3.55476e+11	-2.44895e+11	2.86602e+07	-3.13992e+10	-2.84461e+10	-2.52211e+10	-2.46729e+11	-2.12769e+11	9.78703e+09	9.91124e+10	-5.52338e+10
1.4e-10	3.34681e+10	-2.12359e+11	-2.14759e+11	-1.3012e+09	-5.21718e+10	-7.03665e+10	-1.6012e+10	1.16172e+11	-1.06048e+11	-5.02611e+09	1.906e+11	5.28695e+09	-7.61666e+09	8.41599e+10	7.24842e+10
1.45e-10	4.78124e+10	-1.99211e+11	7.29169e+09	-2.42896e+10	-5.42932e+09	6.24765e+10	7.27235e+09	2.31494e+10	1.02359e+11	-1.64362e+10	2.53401e+11	5.68081e+10	8.07035e+09	1.3978e+11	8.71304e+10
1.5e-10	2.70382e+10	-1.60796e+11	3.00018e+11	-3.30882e+10	1.84856e+11	2.83399e+11	1.32181e+10	1.75665e+11	-4.26196e+10	7.59549e+09	-1.13564e+11	1.38377e+11	1.53215e+10	2.1748e+11	1.01139e+10
1.55e-10	4.87598e+09	-8.59054e+10	4.26134e+10	3.81709e+09	-2.51295e+11	-3.7812e+11	-2.96156e+08	1.77969e+10	9.96298e+10	1.40343e+10	7.76344e+10	1.99325e+11	-1.55124e+10	-2.00285e+11	7.66408e+09
1.6e-10	3.20569e+10	-1.50223e+11	6.20145e+10	-1.98951e+09	5.60553e+10	-9.79298e+10	1.45638e+10	1.25264e+11	-2.73905e+10	1.17089e+10	-2.178e+11	1.94477e+11	7.942e+09	-1.42313e+11	-2.85105e+10
1.65e-10	4.87072e+09	-7.48287e+10	1.52046e+11	-3.31026e+09	-4.4331e+10	1.48749e+11	2.91778e+10	6.54458e+10	-2.3551e+11	-6.79765e+09	1.04511e+11	-2.45931e+10	1.50229e+09	-4.82279e+10	-6.49411e+10
1.7e-10	-1.77866e+10	6.11033e+10	-1.27216e+11	5.1167e+10	-3.16772e+11	-2.6312e+11	-2.1625e+10	2.35651e+10	5.02917e+10	-1.49823e+10	-2.12804e+11	2.12112e+11	2.45733e+09	-2.49658e+11	1.05257e+11
1.75e-10	-8.36154e+09	1.16187e+11	3.01991e+10	1.44831e+10	-4.24525e+11	1.02961e+11	-2.01053e+10	-1.51458e+11	-1.99487e+11	-6.08688e+08	-4.60896e+10	2.59417e+10	-9.86696e+09	3.1583e+10	-3.61399e+10
1.8e-10	-2.43581e+09	-7.69342e+10	1.71358e+11	1.97729e+10	-2.29622e+11	-4.79862e+10	1.20525e+10	1.07352e+11	-1.22912e+11	-2.26665e+09	2.50549e+10	1.65708e+10	-8.51182e+09	1.81729e+11	-8.64941e+10
1.85e-10	8.52858e+09	9.09414e+10	2.04327e+11	1.05591e+10	-2.36717e+11	-1.29501e+11	-2.21938e+09	1.85678e+11	-2.26197e+11	2.53323e+09	1.56401e+11	7.50172e+10	-1.7634e+10	9.99473e+10	-4.06842e+10
1.9e-10	2.0848e+10	-1.36967e+11	1.42864e+11	7.59664e+09	-1.68096e+11	-5.89474e+10	-2.91175e+09	-1.02029e+11	-9.80733e+10	-9.89481e+07	2.91531e+10	1.45238e+11	7.74828e+09	2.77772e+11	1.71887e+11
1.95e-10	4.9287e+10	1.07777e+11	1.95717e+11	4.79076e+09	-2.62407e+11	8.48182e+10	-4.63013e+09	-1.45425e+11	1.14516e+11	-8.72892e+09	-8.78364e+10	-5.70171e+10	-1.69863e+10	-1.16807e+11	-5.29147e+09
2e-10	9.17469e+10	2.57876e+11	5.40647e+11	-2.73233e+08	-1.07214e+11	5.07876e+09	-3.96898e+09	7.30205e+10	5.10205e+10	-5.62389e+09	6.72827e+10	5.1996e+10	-1.4146e+10	1.44934e+11	-8.25447e+10
2.05e-10	9.26545e+10	7.15391e+10	3.48703e+11	-1.05372e+10	5.0676e+10	-1.11413e+11	2.487e+10	-1.47432e+11	-6.73426e+10	1.11113e+09	-1.46769e+11	7.51514e+10	-1.06073e+10	1.68206e+11	-1.21673e+11
2.1e-10	1.42401e+11	2.69172e+11	3.37413e+11	2.44345e+10	-3.05642e+11	-8.08171e+10	-9.62289e+09	-6.2798e+10	1.22876e+11	-4.11131e+09	2.7633e+11	-1.91429e+11	-9.75466e+09	-1.20977e+10	-6.42329e+10
2.15e-10	7.13015e+10	2.17052e+11	1.6918e+11	8.31496e+09	-2.00414e+11	-8.01925e+10	6.3221e+09	-9.02043e+10	-1.18981e+11	-1.35239e+10	-1.82947e+11	1.13979e+09	-3.45829e+09	-5.31984e+10	1.5744e+10
2.2e-10	1.11571e+11	4.70381e+11	-1.65121e+11	3.90749e+10	-3.06581e+11	-2.92501e+11	-1.48804e+09	-2.09564e+11	4.40969e+10	-7.98835e+09	-1.15691e+11	4.73056e+10	1.595e+10	2.31284e+10	-2.66954e+11
2.25e-10	9.81623e+10	2.97207e+11	2.16221e+11	4.86145e+10	-2.13252e+11	1.4767e+11	-1.08848e+09	-2.24152e+10	1.23245e+11	-1.73895e+10	2.74189e+11	1.21935e+11	-8.10881e+07	1.41783e+09	1.44592e+11
2.3e-10	-1.78384e+09	-4.25492e+10	5.26525e+10	4.78861e+10	-3.00764e+11	1.16234e+11	-6.25144e+09	-2.45715e+11	1.41758e+11	-1.9088e+10	-3.53989e+10	1.33238e+11	4.81316e+09	-4.13236e+10	-2.47943e+11
2.35e-10	6.53387e+10	2.75737e+11	7.44399e+10	5.03336e+10	-1.96365e+11	3.36393e+11	7.91992e+09	-2.36286e+11	1.04063e+11	-9.31962e+09	-1.4257e+11	-1.98657e+11	-2.08273e+09	1.58845e+10	-7.80747e+10
2.4e-10	4.79052e+09	1.09856e+11	3.26751e+10	3.03982e+10	-2.01445e+11	1.01824e+11	-7.61663e+08	-3.42081e+11	-1.89734e+10	3.69994e+09	1.25065e+11	-1.24793e+11	-1.92853e+10	-2.25239e+11	9.17883e+10
2.45e-10	8.58361e+10	2.98266e+11	1.02625e+10	5.75621e+10	-1.6737e+11	1.57387e+11	-6.64268e+09	-9.54628e+10	1.04818e+11	1.66493e+10	-8.61389e+10	-1.52462e+11	1.1355e+10	2.34847e+10	-1.94308e+11
2.5e-10	5.2742e+10	2.65928e+11	1.29475e+10	-2.52359e+10	6.31694e+10	-3.93823e+10	1.7499e+09	3.59095e+10	2.2199e+10	3.00879e+09	9.70744e+10	-8.27815e+10	-7.80348e+09	6.70851e+10	7.7903e+10
2.55e-10	4.89555e+10	1.69387e+11	2.51268e+11	2.68611e+10	-3.63513e+10	3.80728e+11	3.82177e+10	-2.32094e+11	6.23265e+10	-1.43432e+10	-2.19058e+11	-2.14761e+11	4.55556e+09	-2.23985e+11	-2.78417e+11
2.6e-10	9.1002e+09	1.88856e+11	7.18558e+10	1.89535e+10	-2.70066e+11	1.18781e+11	2.82476e+10	-2.54605e+11	3.05173e+10	-5.49714e+09	-4.87377e+10	-2.14998e+10	-3.89282e+09	-3.3805e+10	-2.53853e+10
2.65e-10	2.60186e+10	1.34732e+11	2.29301e+10	-3.63062e+09	5.57788e+10	2.45445e+11	-1.82266e+10	2.1732e+11	1.32165e+11	1.1946e+10	-1.11806e+11	1.46854e+11	-1.0567e+10	-1.12574e+11	6.44024e+10
2.7e-10	6.13886e+10	2.97181e+11	-1.22832e+11	3.16301e+10	-3.95985e+11	1.49033e+11	1.14795e+10	1.16811e+11	1.70187e+11	-2.64985e+10	8.43516e+10	1.76716e+11	-1.34668e+10	7.44316e+10	-1.08686e+11
2.75e-10	5.78842e+10	2.95442e+11	-5.14264e+09	3.97664e+08	6.82652e+10	1.80447e+11	4.67792e+10	-3.08106e+11	-1.54829e+09	-2.53447e+10	-3.94217e+10	-3.66406e+11	-1.18635e+10	8.841e+10	-1.59209e+11
2.8e-10	4.85232e+10	4.35587e+10	-2.57104e+11	6.07594e+10	7.92708e+10	4.17493e+11	-1.96559e+10	5.17573e+10	5.96769e+10	-1.56011e+10	-2.30169e+11	2.23811e+10	-1.09566e+10	-1.04331e+11	1.79424e+11
2.85e-10	8.0924e+10	2.31878e+11	-3.31327e+11	2.27472e+10	-5.70276e+10	3.36389e+11	3.11243e+09	-6.63905e+10	-1.53764e+11	-5.2477e+09	-4.71486e+10	-2.16601e+11	-4.53643e+09	1.27842e+11	-1.80402e+11
2.9e-10	5.09617e+10	-2.72923e+11	-1.7683e+11	-5.10363e+09	1.54277e+11	7.36532e+10	2.40619e+08	-1.13752e+10	-6.28917e+10	2.29229e+09	1.16696e+11	-9.55346e+10	-4.82675e+09	1.5061e+11	9.05821e+10
2.95e-10	1.03129e+11	-1.16015e+11	-3.95032e+11	3.96324e+08	7.35204e+10	-1.71631e+11	-2.90769e+09	5.79245e+09	8.35248e+10	3.59851e+10	-2.56406e+11	-1.67773e+11	-8.87862e+09	-4.49469e+10	2.2899e+11
3e-10	1.38478e+11	-9.58493e+09	-5.3384e+11	1.05019e+10	1.04328e+11	9.32231e+10	1.50787e+10	-3.04511e+11	1.76965e+11	6.44869e+09	6.48574e+10	-2.04332e+10	-1.76531e+10	-5.58534e+10	-3.10461e+11
3.05e-10	1.23365e+11	-2.23684e+11	-2.69858e+11	3.96012e+09	8.18672e+10	2.75727e+09	1.92157e+10	-1.14468e+11	2.28432e+11	-1.36747e+10	2.07462e+11	-7.85387e+10	-1.39865e+10	2.2291e+11	2.21574e+11
3.1e-10	9.17845e+09	-1.22875e+11	2.46247e+11	5.59954e+10	1.52906e+11	-2.30776e+11	-1.43688e+09	-2.84037e+11	3.28636e+10	-1.55587e+09	6.57181e+10	-2.18009e+10	-1.18935e+10	-1.06268e+11	1.05155e+10
3.15e-10	1.19562e+11	-3.25874e+11	1.41969e+11	7.88002e+10	2.15606e+11	-1.94511e+11	9.60681e+09	2.55077e+11	1.22086e+11	-2.01337e+10	-2.84566e+11	1.07162e+11	1.73847e+09	-1.24987e+11	-1.18912e+11
3.2e-10	1.92213e+11	-5.18765e+11	1.87138e+10	1.87216e+10	-4.44037e+09	-1.8302e+11	1.3364e+10	-1.09425e+08	8.57083e+10	-6.01669e+09	-1.89805e+11	5.95019e+10	-1.74375e+09	-3.82573e+10	2.66525e+11
3.25e-10	1.39825e+11	-1.6217e+11	3.03116e+11	6.30307e+10	1.29433e+11	-2.72919e+11	4.22567e+10	2.50345e+11	2.25772e+11	1.22445e+09	-1.50973e+11	-6.23047e+09	1.23048e+09	7.15027e+10	5.91344e+10
3.3e-10	3.07823e+11	-3.28673e+11	7.32733e+11	6.57763e+10	-5.51016e+10	-3.13781e+11	-9.59939e+09	-3.78071e+10	3.13644e+10	7.08685e+09	-2.82265e+11	8.67266e+10	-3.10233e+09	1.06028e+11	5.44224e+09
3.35e-10	2.25425e+11	-8.8032e+10	6.04913e+11	8.65135e+10	-1.84911e+11	-2.44818e+11	1.74365e+10	1.67343e+11	7.6973e+10	-1.22884e+10	-9.04787e+10	-4.6623e+10	-3.51129e+09	2.57394e+10	-4.50998e+10
3.4e-10	1.6947e+11	-2.31904e+11	2.96044e+11	6.12756e+10	-1.06113e+11	-8.29423e+10	9.12498e+10	4.05788e+11	-3.27622e+11	-1.55458e+09	-3.73461e+11	-2.77264e+11	-9.73297e+09	2.27028e+10	3.62429e+10
3.45e-10	3.29043e+11	-1.00947e+11	4.83931e+11	8.86861e+10	-1.55094e+11	-2.47151e+11	4.5897e+09	-5.69372e+10	-8.30028e+09	-2.85535e+08	9.32531e+09	4.82205e+10	-2.13012e+10	-1.10714e+11	-2.55667e+11
3.5e-10	2.84702e+11	-2.48877e+10	4.62673e+11	1.89876e+11	-3.5494e+11	-4.33993e+11	4.43159e+10	2.69172e+11	-2.85285e+11	-1.61229e+08	1.83284e+11	-1.1713e+11	-5.71067e+09	-8.79721e+10	5.98568e+10
3.55e-10	2.14791e+11	2.23883e+11	3.27238e+11	3.48891e+10	-6.09932e+10	-2.00408e+11	2.93932e+10	4.0736e+09	-2.22308e+11	-2.2687e+10	-8.60694e+10	-2.03768e+11	-1.51596e+10	3.34814e+11	1.49488e+11
3.6e-10	3.28451e+11	1.46673e+11	5.05929e+11	1.24155e+11	-3.01593e+11	-2.26476e+11	2.59662e+10	-3.09985e+11	-1.15513e+11	-1.08272e+10	-1.33436e+11	-1.77965e+11	-2.23025e+10	-2.36117e+10	1.69554e+11
3.65e-10	2.37553e+11	1.76849e+11	5.14041e+11	1.48923e+11	-4.03889e+11	-4.80913e+10	5.97479e+10	1.41784e+09	-4.02593e+11	-2.83282e+10	-1.41247e+11	5.32295e+10	-3.85378e+09	3.00661e+10	-1.18909e+11
3.7e-10	2.8356e+11	4.59859e+11	2.16278e+11	2.19293e+11	-5.27381e+11	1.51004e+10	4.16189e+10	3.10661e+10	-2.51165e+11	-8.85608e+09	-1.60503e+11	-3.22135e+10	-4.43728e+09	-1.59958e+10	-1.14296e+11
3.75e-10	2.68436e+11	4.51342e+11	6.94324e+10	3.82534e+10	-1.85998e+11	-4.47973e+10	8.04774e+10	-2.38215e+10	-2.45925e+11	1.31637e+10	3.70964e+11	6.77183e+10	-1.1926e+10	-2.4088e+10	-3.64965e+10
3.8e-10	3.23515e+11	4.62261e+11	1.54311e+11	2.23564e+11	-3.54635e+11	5.41e+11	4.71628e+10	-1.91428e+10	-3.83157e+11	-5.92949e+09	-2.07061e+11	-5.21247e+10	-2.10269e+10	-2.74739e+10	2.61017e+11
3.85e-10	2.79314e+11	4.78812e+11	6.36784e+10	1.32685e+11	-9.43804e+10	3.62644e+11	1.9954e+10	-2.09388e+11	1.70462e+11	8.58866e+09	1.75369e+11	-2.28266e+11	1.10586e+10	9.21878e+10	5.69243e+10
3.9e-10	3.38173e+11	5.17192e+11	-2.6512e+11	1.61493e+11	1.89982e+10	5.42339e+11	3.01129e+10	-1.7837e+11	-1.13822e+11	9.04567e+09	1.825e+11	-2.00045e+09	4.61519e+08	-1.40946e+11	9.97559e+10
3.95e-10	2.78686e+11	4.63274e+11	-2.10115e+11	9.94603e+10	8.67141e+10	3.02556e+11	1.03436e+11	-3.40458e+11	3.12186e+11	-3.71324e+10	-5.41123e+10	2.79266e+11	-1.0744e+10	3.60216e+11	1.4905e+11
4e-10	3.62164e+11	4.52103e+11	-2.61544e+11	2.84047e+11	1.09155e+10	7.08223e+11	3.45088e+10	-1.31242e+11	8.67976e+10	-1.88541e+09	1.41318e+11	4.04391e+10	-2.43318e+09	-5.17442e+10	-7.45715e+10
4.05e-10	2.98174e+11	4.97335e+11	-1.4164e+11	9.36543e+10	-2.67212e+11	2.37954e+11	-4.86659e+09	-4.99427e+10	6.2651e+09	-3.1857e+10	-2.69337e+11	1.98787e+11	-1.47332e+10	-9.9595e+10	-1.4699e+11
4.1e-10	3.71178e+11	4.84127e+11	-5.50272e+11	2.00509e+11	3.25406e+11	4.16222e+11	1.20183e+11	-3.71211e+11	2.18934e+11	1.41437e+10	2.00797e+11	-1.72744e+11	2.62556e+09	-2.88608e+09	6.08222e+10
4.15e-10	1.50269e+11	3.30895e+11	-1.64986e+11	1.11943e+11	3.73558e+11	1.81842e+11	2.78466e+10	6.17791e+09	2.41778e+11	2.28104e+09	1.27533e+11	8.60847e+10	-1.63886e+10	-6.2995e+10	9.77149e+10
4.2e-10	1.35429e+11	5.40799e+10	-3.73507e+11	1.35115e+11	8.61505e+10	3.96864e+11	1.14511e+11	-3.69607e+11	4.27231e+11	1.86916e+10	-1.40647e+11	-9.57051e+10	-2.04296e+09	-1.11986e+11	1.64671e+11
4.25e-10	1.30677e+11	3.94203e+10	-3.36919e+11	1.84993e+11	4.33087e+11	5.23806e+11	4.29417e+10	-2.26084e+11	2.31771e+11	8.38793e+09	9.83961e+10	-1.31832e+11	2.02381e+09	1.68642e+11	1.36694e+11
4.3e-10	1.68555e+11	2.23002e+11	-3.92136e+11	9.43252e+10	1.66378e+11	3.84977e+11	6.46723e+10	-3.01092e+11	3.16573e+11	6.67633e+08	-1.69582e+11	-1.59923e+09	-5.67751e+09	-1.12482e+10	1.30469e+11
4.35e-10	1.48549e+11	-2.04296e+11	-3.94512e+11	1.29897e+11	2.49143e+11	4.49463e+11	5.62223e+10	-3.42884e+10	3.2632e+11	-1.62817e+10	3.27634e+11	-5.91526e+10	-3.98307e+09	2.33453e+11	-1.86122e+11
4.4e-10	1.2599e+11	-1.12012e+11	-3.61662e+11	4.42041e+10	7.4326e+10	2.18267e+11	-4.32482e+09	-1.33732e+11	1.25399e+11	9.17031e+09	-1.5298e+11	4.20643e+10	-8.48397e+09	-5.50423e+10	2.94778e+11
4.45e-10	6.53873e+10	-1.03177e+11	-1.32852e+11	2.84337e+10	1.30834e+11	2.60143e+10	9.06434e+09	2.44439e+11	6.46567e+10	-6.45379e+08	2.92788e+10	-1.22297e+11	-4.03269e+10	-1.04142e+11	5.21911e+11
4.5e-10	2.79074e+10	-5.17569e+10	-1.16632e+11	1.35007e+11	4.0253e+11	1.68142e+11	6.35668e+10	1.47903e+11	2.64671e+11	3.95774e+10	-3.53427e+11	-2.56189e+10	-1.04718e+10	-1.6949e+11	2.2852e+10
4.55e-10	1.29365e+11	-2.62019e+11	-2.4418e+11	1.04465e+11	4.64766e+11	-1.49022e+11	8.94494e+09	5.36744e+09	2.02153e+10	-2.53742e+10	1.42248e+11	1.21252e+11	-1.98055e+10	-1.3304e+11	-2.28128e+11
4.6e-10	6.96721e+10	-2.87909e+11	-1.38081e+10	2.28151e+08	8.58144e+10	2.13998e+10	8.80612e+09	-2.86924e+10	1.97032e+11	-7.80036e+09	-1.93091e+11	2.01748e+11	2.18294e+10	1.75887e+11	-9.19984e+09
4.65e-10	3.92574e+10	-2.90418e+11	1.85502e+11	5.52668e+10	3.03236e+11	5.05437e+09	1.54523e+10	9.41492e+10	1.29204e+11	-1.7041e+10	1.40776e+11	2.79021e+11	1.05265e+10	7.57376e+10	-4.15635e+10
4.7e-10	1.91773e+11	-4.799e+11	-3.56527e+11	8.50239e+10	2.71785e+11	-3.60667e+11	-9.84932e+09	-4.01403e+10	4.23368e+10	-7.77479e+09	-2.74957e+11	-8.4887e+09	7.58432e+09	-3.50339e+11	-9.06308e+10
4.75e-10	7.4339e+10	-3.50229e+11	-8.43204e+10	4.87666e+10	3.42858e+11	-1.62151e+11	5.75512e+09	-4.79372e+10	2.50885e+11	-3.7085e+09	-1.50701e+11	1.91833e+11	-1.96941e+10	1.61517e+10	2.61239e+10
4.8e-10	8.55891e+10	-2.56778e+11	1.11947e+11	4.56328e+09	-9.12846e+09	-1.02485e+11	-2.24585e+09	-1.05671e+11	1.72091e+11	3.28777e+09	-2.37298e+10	1.96022e+11	-1.33327e+10	-6.04229e+10	1.23628e+11
4.85e-10	7.53903e+10	-2.84525e+11	1.79822e+11	6.80233e+09	6.47911e+10	-4.45636e+10	-1.40192e+09	6.85693e+10	3.38242e+11	8.57957e+09	-2.28991e+11	1.51027e+10	5.04996e+08	-3.35519e+09	-2.02001e+11
4.9e-10	7.47839e+10	-1.30193e+11	1.79417e+11	3.81648e+10	2.94981e+10	-2.26101e+11	7.81843e+09	-3.37078e+09	-2.93972e+11	4.96013e+10	-2.67178e+11	2.81635e+11	-2.23627e+10	1.98726e+11	1.3021e+11
4.95e-10	1.49078e+11	-3.7708e+11	2.61675e+11	1.56332e+10	-2.5921e+10	-8.81399e+10	1.03342e+10	3.52503e+11	-1.02816e+11	2.00621e+09	9.45937e+10	-2.86796e+10	-8.08099e+09	4.74133e+08	-2.10709e+11
5e-10	1.59742e+11	-7.93677e+10	5.7022e+11	8.61732e+10	-3.53949e+11	-2.97651e+11	-1.04386e+09	2.77321e+11	-2.61907e+11	1.62048e+10	1.53312e+11	2.51768e+11	-2.15148e+09	-2.72338e+10	-1.54996e+11
5.05e-10	1.17763e+11	3.55281e+09	4.32074e+11	1.19056e+10	2.11811e+09	-1.75769e+11	-1.64584e+10	-7.44639e+09	2.19559e+10	-5.78832e+09	2.13202e+10	2.59431e+10	1.98949e+10	-3.81902e+11	-5.45036e+10
5.1e-10	8.06825e+10	-5.22263e+10	3.56774e+11	7.73105e+10	-4.4654e+11	-1.10355e+11	4.65913e+08	2.84603e+11	1.96015e+09	5.48539e+09	-1.20327e+10	2.06486e+11	-1.07232e+09	-1.41258e+11	-2.34137e+09
5.15e-10	2.91483e+10	1.522e+11	4.05858e+10	6.79066e+10	-3.90565e+11	-2.69443e+10	5.01977e+10	2.83234e+11	-3.15767e+11	2.77484e+09	-7.76782e+10	1.3186e+11	-9.67194e+09	9.41891e+10	-1.41484e+11
5.2e-10	7.62552e+10	3.37841e+11	-3.32299e+10	3.55959e+09	-1.22773e+10	-2.36795e+10	7.45462e+10	1.1197e+11	-5.25521e+11	-7.25715e+09	6.0833e+10	-1.1494e+11	8.63158e+09	1.4161e+11	1.48127e+11
5.25e-10	9.95196e+10	2.33856e+11	3.51128e+10	3.0754e+10	-1.33889e+11	1.1812e+11	2.65486e+10	4.34539e+10	-2.32625e+11	-1.13111e+10	3.28012e+10	-5.06149e+10	-3.57819e+09	1.51673e+11	1.151e+11
5.3e-10	1.56784e+11	4.42239e+11	-7.53658e+10	5.77683e+10	-3.81798e+11	2.37293e+09	6.72336e+09	-4.4349e+10	3.32044e+10	7.95262e+09	1.32229e+11	1.50842e+11	-1.26902e+10	-2.19057e+11	1.13834e+11
5.35e-10	1.65878e+11	5.44124e+11	6.3457e+10	5.94789e+10	-6.31156e+10	3.60409e+11	4.62529e+09	-1.81673e+11	-3.00285e+10	-1.14132e+08	2.34321e+11	1.17315e+11	-1.27611e+10	9.64714e+10	3.13465e+10
5.4e-10	1.05854e+11	2.85798e+11	-2.30773e+11	9.50839e+10	-2.9164e+11	3.20244e+11	2.58329e+09	-5.66805e+10	-1.95956e+11	-1.76368e+10	-1.27367e+10	2.32948e+11	-1.31693e+10	6.89662e+10	3.60778e+10
5.45e-10	8.28139e+10	9.00439e+10	-3.53628e+11	4.11189e+10	1.77617e+10	1.42595e+11	1.35036e+10	-1.17274e+11	1.42455e+11	-1.73728e+08	4.29282e+10	1.15785e+11	-1.60556e+10	3.83871e+11	-2.97057e+10
5.5e-10	1.84236e+11	3.49328e+11	-3.05335e+11	6.90771e+10	-1.37686e+11	4.04422e+11	-7.1001e+09	5.96034e+10	5.6515e+10	-4.93197e+09	-9.88524e+10	-4.77359e+10	-1.23092e+10	-1.16252e+11	1.44145e+10
5.55e-10	2.35194e+11	4.21668e+11	-3.35743e+11	1.38949e+11	1.70436e+11	5.20705e+11	-7.08794e+09	2.63378e+11	2.92765e+11	1.58673e+09	3.32374e+11	-6.34935e+10	1.39932e+09	-2.35562e+11	1.2774e+11
5.6e-10	1.81983e+11	3.75828e+11	-3.1211e+11	3.19614e+10	-2.14202e+09	1.35838e+11	1.03293e+10	-2.22868e+11	2.63676e+10	-8.05937e+09	-7.10516e+10	2.24967e+10	-1.15934e+10	1.88483e+10	-1.34677e+10
5.65e-10	1.58433e+11	2.41506e+11	-3.50774e+11	3.10919e+10	9.53095e+10	7.62008e+10	2.07589e+10	-8.18235e+10	9.14599e+10	-1.29949e+10	-4.31773e+10	-1.33728e+11	-6.60975e+08	2.70639e+10	-2.97961e+11
5.7e-10	1.68576e+11	2.68041e+09	-4.73897e+11	8.40527e+10	7.03639e+10	2.82155e+11	2.02479e+10	1.13898e+11	2.24693e+11	2.95346e+09	1.0338e+11	1.04262e+11	-8.34781e+09	-6.82903e+10	6.89745e+10
5.75e-10	2.01395e+11	1.17187e+11	-4.64513e+11	5.16622e+09	1.33857e+11	-5.01429e+10	3.76087e+10	-5.7537e+10	2.14159e+11	4.25405e+09	-6.91798e+10	3.88032e+10	-1.75702e+09	-2.75907e+06	1.24155e+11
5.8e-10	1.60484e+11	5.38356e+10	-3.05005e+11	5.78237e+10	-1.1626e+11	4.66333e+11	9.36203e+09	3.95905e+10	1.35307e+11	1.31443e+10	-2.37365e+10	-4.78442e+10	-1.87785e+10	-2.87273e+11	-1.36639e+11
5.85e-10	1.90449e+11	-2.33469e+11	-3.21252e+11	1.01793e+11	4.37841e+11	9.55357e+10	-1.0782e+10	6.67439e+10	-4.29087e+10	1.63428e+10	1.93689e+11	-1.9489e+11	-3.05786e+09	-9.74515e+10	-1.98087e+11
5.9e-10	2.66276e+11	-1.45763e+11	-4.66016e+11	5.42893e+10	9.34219e+10	5.87492e+11	5.9433e+10	-1.37485e+11	4.24201e+11	-8.15191e+09	-8.72629e+10	-3.16643e+10	2.58032e+09	-1.47757e+11	-3.63156e+10
5.95e-10	2.06484e+11	-1.99901e+11	-3.01455e+11	2.25307e+11	6.17821e+11	-1.67376e+10	9.18381e+10	1.34137e+11	4.15114e+11	7.01751e+07	1.67341e+10	5.3221e+10	-7.12706e+09	-2.47341e+10	-3.63276e+10
6e-10	4.87936e+11	-4.15205e+11	-6.13516e+11	2.14827e+11	5.22317e+11	-2.77257e+11	6.97776e+10	2.03412e+11	2.99106e+11	-1.23896e+10	-2.18102e+10	-3.08343e+11	-3.05807e+10	-1.92567e+11	1.72574e+11
6.05e-10	3.25966e+11	-3.94442e+11	-4.22527e+11	1.32385e+11	3.94804e+11	-1.6022e+11	7.84787e+10	9.38015e+09	3.8411e+11	-9.86611e+09	-1.23247e+11	2.37296e+11	1.92331e+10	1.58787e+11	3.35677e+11
6.1e-10	5.58659e+11	-8.74151e+11	-3.94858e+11	1.46411e+11	4.35325e+11	-1.53481e+11	7.53772e+10	3.06599e+11	2.0251e+11	-1.64254e+09	-9.35144e+10	2.31221e+11	-7.02082e+09	-1.4181e+10	-1.19163e+11
6.15e-10	4.24022e+11	-7.2611e+11	-1.27207e+10	1.08183e+11	3.01071e+11	-1.57109e+11	8.3643e+10	2.79584e+11	3.04571e+11	1.54273e+10	-1.17277e+11	2.06938e+11	2.35585e+09	9.85209e+10	-4.81065e+10
6.2e-10	2.34207e+11	-3.89047e+11	-4.48598e+10	1.41222e+11	4.07219e+11	-2.34747e+11	3.94529e+10	1.00799e+11	2.65737e+11	4.31391e+09	-1.22437e+11	-1.34938e+11	-9.64982e+09	9.09294e+10	2.96308e+10
6.25e-10	2.05383e+11	-3.84487e+11	-1.29532e+09	1.36001e+11	2.67614e+11	-4.39369e+11	4.62909e+09	7.50312e+10	1.96382e+11	-7.02434e+09	1.22554e+11	2.27799e+11	-1.99308e+10	1.29945e+11	3.2264e+11
6.3e-10	2.76491e+11	-4.17232e+11	3.27353e+11	1.22449e+11	4.90653e+10	-3.26548e+11	8.15477e+10	3.47079e+11	3.17089e+10	-1.44972e+10	-3.41239e+10	5.11729e+10	-1.42143e+10	-1.61914e+11	-1.26755e+11
6.35e-10	2.91102e+11	-3.72106e+11	4.33578e+11	1.15399e+11	1.62666e+11	-3.44384e+11	-3.46811e+09	1.71717e+10	5.8063e+10	1.24012e+10	2.36297e+11	2.90061e+11	4.44473e+09	-2.36087e+11	-1.56875e+11
6.4e-10	3.39746e+11	-5.67725e+11	3.20604e+11	1.30762e+11	-2.88004e+11	-2.83647e+11	6.4082e+10	-5.89249e+10	-5.62142e+11	5.65004e+09	4.11767e+10	3.24738e+11	-1.48464e+10	1.0826e+11	-1.71218e+11
6.45e-10	2.53518e+11	-2.68798e+11	5.32286e+11	7.62591e+10	5.64419e+10	-2.28495e+11	6.85594e+10	9.8385e+10	-4.21287e+11	-8.21109e+09	1.67565e+11	2.87718e+11	-6.4362e+08	-4.25407e+10	-6.10096e+10
6.5e-10	3.24321e+11	-1.19973e+11	7.39491e+11	1.02141e+11	-1.65278e+11	-1.76363e+11	3.51063e+10	1.48545e+11	-1.52744e+11	-1.18916e+10	-1.34445e+11	5.56655e+10	-1.91844e+10	5.746e+10	-2.41476e+11
6.55e-10	1.91258e+11	-4.98902e+10	4.19095e+11	1.11955e+11	-2.73866e+10	-3.80127e+11	4.91769e+10	1.62242e+11	-2.32138e+11	-2.18505e+10	-2.28287e+11	-2.98285e+10	-5.892e+09	1.35483e+10	-1.26702e+11
6.6e-10	2.17431e+11	-2.99227e+11	4.16475e+11	3.91238e+10	-6.78528e+10	-1.80271e+11	6.64937e+10	8.66122e+09	-2.37246e+11	7.13988e+09	-7.37568e+09	3.23385e+11	-1.99005e+09	-3.24853e+10	-7.35638e+09
6.65e-10	3.4266e+11	-1.2833e+11	5.65983e+11	1.1368e+11	-3.45698e+11	-2.84965e+11	1.19459e+11	2.87501e+11	-4.1849e+11	-3.31915e+10	-1.12672e+11	-1.49513e+11	-4.53165e+09	-1.99028e+11	-4.44491e+11
6.7e-10	3.67226e+11	2.10782e+11	7.25953e+11	7.6956e+10	-3.40788e+11	1.82892e+10	6.86925e+10	-1.388e+11	-3.05655e+11	1.67894e+10	-2.89337e+10	2.61404e+11	-1.0685e+10	4.48508e+10	8.90156e+10
6.75e-10	2.81606e+11	3.33213e+10	5.2825e+11	1.11468e+11	-3.392e+11	-8.99406e+10	4.53265e+10	-3.28173e+11	-2.3163e+11	8.36007e+08	3.93149e+09	-1.43254e+11	1.79101e+10	-2.97545e+11	-2.22814e+11
6.8e-10	1.31374e+11	1.82781e+11	2.18268e+11	1.10668e+11	-3.42401e+11	-4.65446e+10	7.8024e+10	-2.33554e+11	-2.01971e+11	1.37094e+10	1.0306e+11	8.35834e+09	1.85517e+09	-8.11568e+10	-9.79162e+10
6.85e-10	3.31229e+11	4.05818e+11	4.38213e+11	1.18683e+11	-4.41232e+11	2.43186e+11	4.38031e+09	-1.30617e+10	-8.09882e+10	-5.85051e+09	1.29023e+11	-1.38971e+11	-6.16884e+08	-1.46075e+11	1.92652e+10
6.9e-10	3.40218e+11	6.00165e+11	1.46085e+11	1.18236e+11	-5.08363e+11	-9.96697e+10	6.34248e+10	-3.45112e+11	-5.04817e+10	-1.72282e+10	-1.07865e+11	-9.41009e+10	7.92948e+08	-3.77899e+10	1.41945e+11
6.95e-10	3.93463e+11	5.9698e+11	2.96982e+11	1.43969e+11	-4.29578e+11	2.05282e+11	-8.06311e+09	1.35063e+11	-3.96342e+11	-5.59165e+09	3.31633e+10	-2.183e+10	-3.65655e+09	-1.16486e+11	-6.33723e+10
7e-10	5.20034e+11	7.03119e+11	-9.90185e+10	1.00755e+11	-4.48969e+11	-2.48532e+09	2.78247e+10	-2.31942e+11	-1.04031e+11	-1.3501e+10	9.24151e+10	1.93303e+11	2.57678e+09	-2.0893e+11	1.03442e+11
7.05e-10	3.42368e+11	5.27488e+11	2.42102e+11	1.68973e+11	-1.74573e+11	4.30689e+11	8.06778e+10	-4.46402e+11	-1.96969e+11	4.79852e+09	2.64791e+11	-1.98302e+11	-3.36715e+09	1.29109e+10	1.32437e+11
7.1e-10	3.05259e+11	4.35081e+11	-6.6687e+10	8.27904e+10	-1.40016e+11	1.46347e+11	7.39652e+10	-4.30494e+11	1.92266e+11	1.21603e+10	-5.57573e+10	-3.50779e+11	1.1715e+09	6.98509e+09	-7.83362e+10
7.15e-10	4.70477e+11	5.76694e+11	-1.38499e+11	2.29259e+11	6.4292e+10	5.22319e+11	9.87377e+10	-3.89473e+11	-3.63073e+09	-5.97348e+09	3.77528e+10	-2.25016e+10	-1.99387e+10	-3.4021e+10	5.57156e+10
7.2e-10	3.10096e+11	3.43948e+11	-3.69893e+11	1.61136e+11	1.05036e+11	4.3487e+11	6.92988e+10	-3.47164e+11	8.21549e+10	-1.83822e+10	-3.14185e+10	2.75132e+10	-2.74432e+08	-3.90957e+10	-4.34532e+10
7.25e-10	3.64775e+11	3.10523e+11	-3.99847e+11	2.58249e+11	5.48881e+10	5.62746e+11	4.95971e+10	-2.31945e+11	1.47147e+11	6.60445e+09	-2.67775e+10	-1.97461e+11	8.36696e+08	6.06016e+10	-2.2951e+11
7.3e-10	5.02514e+11	1.73852e+11	-7.26923e+11	1.3721e+11	1.95036e+11	3.11657e+11	7.29117e+10	-2.64535e+11	1.83251e+11	2.62981e+10	7.24977e+10	-2.03056e+11	-6.61896e+09	2.71528e+10	1.38287e+11
7.35e-10	5.52413e+11	1.3094e+11	-5.84775e+11	1.5559e+11	3.95115e+11	2.26234e+11	1.43744e+11	-2.2726e+11	4.66907e+11	7.49459e+09	3.68965e+10	-2.49925e+11	5.04758e+09	-1.46833e+11	1.20216e+11
7.4e-10	6.20827e+11	2.63668e+11	-7.03967e+11	2.18699e+11	4.43459e+11	2.89206e+11	3.37585e+10	-1.31219e+11	1.01023e+11	8.05053e+09	-2.3953e+11	-9.60927e+10	-9.91478e+09	1.96563e+10	-8.40475e+10
7.45e-10	4.64401e+11	-7.31874e+10	-6.10503e+11	2.19479e+11	3.23468e+11	3.61221e+11	3.40088e+10	6.01031e+10	1.28128e+11	9.05397e+09	-7.79594e+10	-1.84097e+11	-9.90143e+09	-1.61221e+11	-3.29632e+10
7.5e-10	5.48982e+11	-1.80857e+11	-7.55234e+11	5.04322e+09	2.24607e+10	-3.3727e+10	9.20308e+10	1.28367e+11	4.44668e+11	3.46749e+10	-3.66733e+10	-2.957e+11	-1.33842e+10	1.75566e+11	8.22456e+10
7.55e-10	4.42604e+11	-4.63604e+11	-5.45938e+11	1.91064e+11	3.62706e+11	4.70395e+11	4.06176e+10	-6.69968e+10	3.0263e+11	4.35451e+08	-6.69168e+10	-4.39429e+10	-3.54298e+09	-5.46672e+10	-1.80604e+11
7.6e-10	3.31396e+11	-1.39467e+11	-5.68838e+11	1.80749e+11	3.89002e+11	-1.00935e+11	8.94536e+10	1.43188e+11	3.57797e+11	-1.25182e+10	1.68369e+11	-1.06509e+11	-4.79413e+09	-3.21986e+10	1.89457e+10
7.65e-10	3.82504e+11	-3.95031e+11	-4.93003e+11	1.33124e+11	2.73316e+11	-1.3455e+11	6.11247e+10	2.54349e+11	-1.04891e+10	3.63771e+10	-1.29588e+11	-1.37394e+11	7.68671e+09	-1.0782e+11	7.97845e+10
7.7e-10	4.36288e+11	-7.63086e+11	1.4563e+11	2.15495e+11	6.01649e+11	-1.89167e+11	1.23159e+11	3.29269e+11	1.18763e+11	1.08416e+10	-1.73044e+11	4.56224e+10	-3.26178e+09	2.57985e+10	1.66819e+10
7.75e-10	2.35033e+11	-4.60792e+11	-3.77788e+11	1.47989e+11	3.55189e+11	-2.42137e+11	4.46333e+10	2.4566e+11	2.24336e+11	-9.3109e+08	9.43025e+09	1.0014e+11	-5.66047e+09	-1.59083e+11	-1.18913e+11
7.8e-10	1.52767e+11	-3.40401e+11	-9.34654e+10	6.16426e+10	8.65468e+10	-1.12048e+11	6.82772e+10	2.74748e+11	3.13856e+11	5.68667e+09	-1.01341e+11	6.11815e+10	-2.24306e+10	1.33469e+11	1.78127e+11
7.85e-10	3.02014e+11	-5.9651e+11	-1.81366e+10	7.29922e+10	3.18466e+11	-7.87538e+10	1.00357e+11	3.6113e+11	1.29937e+10	1.7497e+10	-3.44927e+11	-7.71241e+10	-1.28616e+09	-1.87608e+11	-1.07826e+11
7.9e-10	2.53907e+11	-5.67064e+11	3.33055e+11	1.68433e+11	1.99685e+11	-5.17635e+11	1.04017e+11	4.07432e+11	1.27993e+11	4.18041e+09	1.60755e+10	2.37115e+11	1.34934e+09	1.67576e+11	9.47663e+10
7.95e-10	2.7954e+11	-4.95178e+11	4.26929e+11	1.47572e+11	6.46099e+10	-5.4179e+11	1.2222e+11	4.54649e+11	-2.17072e+11	2.54231e+10	-3.65988e+11	1.6826e+11	6.22486e+09	-1.4686e+11	4.77711e+10
8e-10	1.1615e+11	-1.25412e+11	2.13161e+11	9.01275e+10	-1.72012e+11	-3.04986e+11	-1.56271e+10	-8.19695e+10	-2.37781e+10	8.50062e+09	-6.69968e+10	1.30805e+11	-3.62721e+09	9.67939e+10	-9.25261e+10
8.05e-10	1.72089e+11	-2.47924e+11	3.0736e+11	1.03335e+11	-6.38357e+10	-3.15739e+11	4.03464e+10	2.93924e+11	-1.40059e+11	4.10909e+10	-7.6166e+10	2.68699e+11	4.58184e+09	1.98237e+11	-3.93525e+10
8.1e-10	1.4188e+11	-2.10238e+11	3.7294e+11	1.22641e+11	-2.02762e+11	-2.76808e+11	2.90378e+10	1.67785e+11	-1.55729e+11	2.19582e+10	-3.51825e+10	1.47236e+11	-4.83181e+09	2.11167e+11	4.48962e+10
8.15e-10	1.51384e+11	-2.2304e+11	3.70478e+11	1.64389e+11	-3.95394e+11	-2.47176e+11	7.48966e+10	3.66566e+10	-3.26622e+11	2.18932e+10	-1.22069e+11	1.00138e+11	2.0062e+10	5.42032e+10	-1.75469e+11
8.2e-10	1.42011e+11	1.63572e+11	2.4406e+11	8.90688e+10	-4.95006e+11	1.69644e+11	2.27784e+10	-2.1988e+10	-1.41025e+11	7.35338e+09	2.07023e+11	1.87226e+11	3.94292e+10	-2.32946e+11	-2.45441e+11
8.25e-10	2.43515e+11	6.24762e+10	4.43371e+11	8.36251e+10	-4.71922e+11	1.84372e+11	7.73305e+10	-6.35146e+10	-2.79023e+11	-8.37675e+09	-1.07439e+10	-1.00753e+11	-1.47293e+10	1.76289e+11	-2.17784e+10
8.3e-10	3.27009e+11	4.66789e+11	4.53795e+11	6.02951e+10	-2.73299e+11	1.13542e+11	1.5096e+10	1.97495e+11	-1.47746e+11	1.91143e+09	-1.81e+10	1.43077e+11	-1.01623e+10	-4.68728e+10	5.76388e+10
8.35e-10	2.27177e+11	3.9302e+11	2.57516e+11	4.2363e+10	-1.81661e+11	4.04113e+10	2.18888e+10	-1.66891e+11	-8.61109e+10	1.97262e+10	1.1889e+11	1.76534e+11	8.10829e+09	-9.88318e+10	-1.21648e+11
8.4e-10	2.65731e+11	4.73134e+11	4.40123e+11	8.22344e+10	-2.65561e+11	6.59655e+10	3.61156e+10	-2.27988e+11	-1.96091e+11	3.91194e+10	2.70403e+11	9.45303e+10	-1.47887e+10	-9.21253e+10	-7.18416e+10
8.45e-10	3.04207e+11	4.93151e+11	2.12549e+11	1.29507e+11	-3.33715e+11	1.90492e+11	2.74293e+10	-1.64312e+11	-1.34083e+11	2.33346e+10	3.2404e+11	1.68285e+11	3.98832e+09	-2.2235e+11	2.8724e+11
8.5e-10	1.92398e+11	2.91447e+11	3.74384e+11	1.29044e+11	-1.77031e+11	3.19062e+11	5.336e+10	-3.88041e+11	-1.80163e+11	1.85809e+09	8.11277e+10	-8.71469e+10	-2.50557e+09	1.10795e+11	1.29921e+10
8.55e-10	1.42464e+11	2.50748e+11	-4.85952e+10	9.75038e+10	-1.0147e+11	2.05005e+11	5.8993e+10	-2.93946e+11	-7.11695e+10	-8.5066e+09	-4.75697e+09	1.66406e+11	-2.57589e+10	-2.53081e+11	-1.6015e+11
8.6e-10	3.47857e+11	5.59538e+11	-1.84884e+11	1.40498e+11	-4.3352e+11	3.07708e+11	7.54747e+09	-8.57108e+10	6.29528e+10	-1.00485e+10	1.73357e+11	3.94193e+11	-5.6224e+09	8.73173e+10	4.28111e+10
8.65e-10	2.72491e+11	5.4336e+11	-4.38378e+10	1.96339e+11	-2.47663e+11	5.18337e+11	2.29034e+10	-1.98593e+10	-2.43082e+11	2.4998e+10	2.28374e+11	-8.21325e+10	1.88848e+10	-4.33126e+11	-2.15367e+11
8.7e-10	2.76868e+11	3.33473e+11	-4.10866e+11	1.63374e+11	-2.77979e+11	3.5194e+11	8.288e+10	-3.90973e+11	1.75685e+11	1.6302e+10	1.29337e+11	-3.89838e+10	-1.52101e+10	-1.60315e+11	7.30815e+10
8.75e-10	3.72667e+11	5.49167e+11	-4.76533e+11	1.20433e+11	1.18396e+10	3.78047e+11	8.04213e+10	-4.93027e+11	8.53817e+10	3.54605e+10	2.54109e+11	-2.17593e+11	6.36738e+09	-1.49028e+11	9.91343e+10
8.8e-10	2.31702e+11	8.61932e+10	-4.76618e+11	2.11637e+11	-3.48615e+10	5.93263e+11	4.26961e+10	-1.53063e+11	1.64792e+11	-6.21192e+09	1.62389e+11	2.88932e+10	-1.97638e+10	-3.97622e+10	-3.52949e+11
8.85e-10	3.09272e+11	2.1127e+11	-5.42589e+11	1.66656e+11	1.52015e+11	6.11629e+11	6.40891e+10	-2.07866e+11	2.13088e+11	2.15844e+10	1.49329e+11	-2.34007e+11	-5.19561e+09	-1.3092e+11	2.13363e+11
8.9e-10	2.38484e+11	1.41607e+11	-5.1074e+11	2.81398e+11	2.36661e+11	6.58773e+11	4.50413e+10	-1.76343e+11	1.18802e+11	1.02535e+10	-2.8365e+11	-2.60488e+11	-8.75275e+09	-5.82339e+10	8.47838e+10
8.95e-10	4.41307e+11	-4.86739e+10	-6.70423e+11	5.66037e+10	9.54718e+10	1.65205e+11	-1.25445e+10	2.78618e+10	-4.06358e+10	1.15716e+10	-1.54668e+11	-1.75307e+11	2.50336e+10	1.8086e+11	2.46854e+09
9e-10	3.0553e+11	-1.52658e+09	-5.4681e+11	2.61503e+11	6.54205e+11	1.53251e+10	4.02576e+10	6.28502e+10	2.77553e+11	-1.82179e+10	-7.45586e+10	8.94261e+10	-6.06655e+08	-5.04982e+10	1.06868e+11
9.05e-10	3.14339e+11	1.57986e+11	-6.72639e+11	9.73713e+10	2.70334e+11	-3.74264e+10	3.30098e+10	-3.52383e+11	2.36873e+11	6.40953e+09	-2.44966e+11	-8.2134e+09	-2.06762e+10	-1.46353e+11	-1.03602e+11
9.1e-10	2.87576e+11	-2.94748e+11	-4.51908e+11	1.54212e+11	4.07028e+11	-6.91874e+10	5.86709e+10	8.68097e+10	3.28112e+11	-1.18287e+10	1.60399e+10	-3.23998e+10	-1.50325e+10	9.39976e+09	-1.40674e+11
9.15e-10	3.55456e+11	-5.96218e+11	-2.71848e+11	1.62973e+11	4.0785e+11	8.07946e+10	6.46073e+10	8.34798e+09	4.03565e+11	-4.72357e+09	-2.28777e+10	-7.38228e+10	7.12936e+09	2.13247e+11	-1.47016e+11
9.2e-10	2.95655e+11	-5.4227e+11	-1.30092e+11	8.00049e+10	2.38436e+11	-2.01855e+10	7.44816e+10	2.30051e+11	2.90976e+11	-1.08598e+10	3.23521e+10	2.42844e+11	-8.55938e+09	1.69306e+11	-3.75802e+11
9.25e-10	1.95548e+11	-3.88958e+11	-2.14383e+11	1.32943e+11	3.0089e+11	-2.66109e+11	1.22108e+10	-1.03101e+08	8.11752e+10	-8.20648e+09	4.98561e+10	2.83183e+11	-1.27725e+10	-1.44834e+11	-1.04082e+11
9.3e-10	2.5102e+11	-4.79378e+11	-1.29619e+11	1.976e+11	4.64717e+11	-2.6418e+11	2.09605e+10	2.43833e+11	-8.19774e+10	-9.2581e+09	-1.15145e+11	-6.75071e+10	-1.60118e+10	1.21725e+11	-8.5247e+10
9.35e-10	2.25197e+11	-4.51755e+11	7.65513e+10	1.4453e+11	1.09618e+11	-4.1015e+11	8.80793e+09	1.38204e+11	-1.80757e+11	1.41649e+10	-2.12587e+11	2.39696e+11	-8.24296e+09	-1.11078e+11	1.93096e+11
9.4e-10	3.8118e+11	-5.1977e+11	5.13038e+11	4.35787e+10	-3.78883e+08	-1.65577e+11	-2.40709e+10	-2.78534e+10	1.01999e+11	4.798e+09	-2.23711e+11	-1.29535e+10	1.38379e+07	-3.38811e+10	-8.68103e+09
9.45e-10	2.25824e+11	-4.01153e+11	2.86232e+11	-3.22201e+08	8.2837e+10	-1.193e+10	-2.56025e+10	-2.61035e+10	1.11271e+11	-5.93375e+09	-1.71621e+10	1.03968e+11	5.38896e+08	2.05559e+11	1.54344e+11
9.5e-10	1.71809e+11	-1.88542e+11	3.69409e+11	1.32229e+11	-4.38468e+10	-3.93576e+11	6.10516e+10	2.76722e+11	-6.66155e+10	-1.98029e+10	1.40248e+11	1.93258e+11	-5.95489e+09	2.33017e+11	4.68812e+10
9.55e-10	1.44561e+11	-4.25907e+11	2.57862e+11	3.93062e+10	9.19612e+10	-1.92227e+11	3.50424e+10	2.09734e+11	1.19681e+11	8.29243e+09	-1.34263e+11	3.12128e+10	-1.43467e+10	-2.06555e+10	2.54591e+10
9.6e-10	1.53651e+11	1.25118e+11	4.32542e+11	4.15626e+10	-1.41485e+11	-4.96857e+10	3.70405e+10	8.75089e+10	-2.2426e+11	4.57893e+09	1.78609e+10	1.2746e+11	1.28735e+10	-6.33246e+10	-1.97856e+11
9.65e-10	1.76596e+11	1.1558e+11	5.01515e+11	2.60612e+10	-1.44779e+11	-2.47762e+10	4.67136e+10	1.24423e+11	-2.0066e+11	2.4902e+10	-2.17487e+11	1.78619e+11	-5.37404e+09	8.57396e+10	2.29873e+10
9.7e-10	1.17993e+11	3.19932e+11	1.38174e+11	2.59128e+10	-2.87859e+11	2.27841e+11	-9.2423e+09	-6.02396e+10	3.94426e+10	-5.50477e+09	5.55495e+10	-2.3652e+10	-1.99646e+10	3.94145e+11	-1.1096e+11
9.75e-10	2.27373e+11	1.30784e+11	5.39778e+11	1.6839e+10	-1.34852e+11	-1.7368e+11	1.05127e+10	1.50721e+11	-5.53921e+10	-1.99003e+10	1.61835e+11	-1.11812e+11	-6.19086e+09	-5.12153e+10	6.11832e+10
9.8e-10	1.20666e+11	1.69854e+11	2.93878e+11	1.21808e+11	-3.71264e+11	7.99698e+10	5.48787e+10	-7.83825e+10	-2.66962e+11	-6.70805e+08	-1.41077e+11	7.63925e+10	-8.17305e+09	5.5074e+10	2.05396e+11
9.85e-10	1.36123e+11	3.78132e+11	1.72287e+10	9.48587e+10	-3.51196e+11	8.99357e+10	3.32838e+10	-4.77038e+10	-3.12393e+11	5.77224e+09	2.24744e+11	-9.11645e+10	-2.00102e+10	1.40744e+11	-3.16971e+11
9.9e-10	2.18335e+11	5.82107e+11	-7.6383e+10	6.89115e+10	-3.11199e+11	9.88996e+10	8.85998e+09	-1.73073e+10	-3.78612e+09	1.14816e+10	1.01497e+11	2.36888e+11	7.1083e+09	-1.52083e+11	-1.79421e+11
9.95e-10	1.88289e+11	5.00169e+11	-2.54748e+10	7.75426e+10	-6.93767e+10	3.64778e+11	2.07661e+10	-2.52205e+11	2.28468e+10	2.05362e+10	1.47938e+11	7.27585e+09	1.44716e+09	-6.58677e+09	-1.79217e+11
1e-09	7.63975e+10	3.44801e+11	1.31787e+11	3.37797e+10	-2.71136e+11	-2.28764e+10	3.60557e+10	-1.02007e+11	-1.92681e+11	-9.81442e+09	-3.39258e+10	1.86363e+11	-3.20811e+07	-1.45582e+11	2.58262e+11
1.005e-09	1.71107e+11	3.99767e+11	-2.55572e+11	6.18308e+10	-2.57014e+11	3.97018e+11	3.71524e+10	-1.39915e+11	-5.3109e+10	1.91659e+10	1.41996e+11	-7.40898e+08	3.18908e+10	-5.26219e+11	6.10109e+10
1.01e-09	1.97325e+11	4.25791e+11	-4.70178e+11	3.01132e+10	9.45136e+10	8.91624e+10	-5.52326e+09	-4.83388e+10	-1.35443e+11	-7.95608e+09	4.24908e+10	4.1572e+10	-1.10575e+10	-1.43392e+10	7.43121e+10
1.015e-09	1.41003e+11	5.77775e+09	-3.17283e+11	8.21925e+10	-1.84762e+11	3.65487e+11	-3.04438e+10	9.22378e+10	-1.29599e+11	2.34195e+09	7.6767e+10	-1.56299e+11	-6.95891e+09	-7.14562e+10	1.14507e+09
1.02e-09	1.58729e+11	-1.28912e+11	-4.97211e+11	5.01351e+10	2.90593e+11	5.86533e+10	2.80259e+10	-9.36362e+10	4.94039e+10	6.64304e+09	2.5199e+11	-3.38801e+10	8.57426e+08	-2.3766e+10	2.91548e+11
1.025e-09	1.71214e+11	-1.37148e+11	-4.01383e+11	2.84824e+10	-2.5222e+10	3.20395e+11	5.0063e+10	-2.54967e+10	2.95314e+11	8.68611e+09	1.76458e+09	-6.53084e+10	5.30817e+09	2.51183e+11	3.69659e+10
1.03e-09	2.08104e+11	-8.28612e+10	-4.59425e+11	6.98957e+10	2.85076e+11	2.22949e+11	5.1927e+09	-2.18351e+11	2.31939e+11	-3.60526e+10	-1.22382e+11	1.21561e+11	2.56855e+09	-7.28834e+10	4.28341e+10
1.035e-09	2.04946e+11	-1.52707e+11	-4.30567e+11	9.38043e+10	2.92018e+11	4.12898e+10	1.94257e+10	4.94591e+10	1.8208e+11	-2.0325e+10	-7.54051e+10	1.62656e+11	-8.48472e+09	9.62083e+10	-4.01958e+10
1.04e-09	1.73396e+11	-2.51979e+11	-4.00124e+11	1.0487e+11	3.46295e+11	1.98512e+11	1.26331e+10	8.43512e+10	6.40594e+10	-1.07133e+09	-1.48283e+11	1.19143e+11	-1.79669e+10	9.51831e+10	-1.77745e+11
1.045e-09	2.8492e+11	-1.24757e+11	-6.08184e+11	1.54511e+11	6.35302e+11	8.99303e+10	9.19811e+09	-1.39771e+11	2.35283e+11	-2.83047e+09	2.94477e+10	1.00231e+11	-9.7687e+09	-3.29582e+10	5.92125e+10
1.05e-09	2.11694e+11	-2.49743e+11	-4.50532e+11	9.81979e+10	4.3788e+11	-9.85482e+10	-9.42258e+09	-1.2438e+11	2.01532e+10	6.42674e+09	-8.91226e+10	1.12319e+11	3.28557e+09	-2.32246e+11	-8.534e+10
1.055e-09	2.14024e+11	-4.63844e+11	-3.74936e+11	4.55836e+10	2.2342e+11	9.31119e+10	4.78839e+10	3.06133e+11	7.02434e+10	2.81858e+10	-3.36032e+11	-8.38698e+10	2.60599e+09	-1.5594e+10	-1.79485e+11
1.06e-09	2.65954e+11	-7.33068e+11	-6.44655e+10	6.48421e+10	2.73821e+11	5.32849e+10	3.23746e+10	9.7371e+10	1.55331e+11	-2.29681e+10	2.44854e+10	-6.86015e+10	1.43362e+10	-7.74504e+10	-4.17146e+10
1.065e-09	1.71807e+11	-3.62211e+11	3.15434e+09	3.63855e+10	1.36584e+11	-1.45933e+11	1.68753e+10	-3.24959e+10	2.38315e+11	-2.67093e+10	1.88928e+11	-1.81871e+11	-1.85955e+10	1.56446e+11	-1.08295e+10
1.07e-09	2.2878e+11	-3.9679e+11	-4.00469e+10	1.46579e+11	4.3682e+11	-2.83883e+11	1.26468e+10	4.77266e+11	-2.13825e+11	4.39923e+09	-1.03637e+11	2.85299e+09	-6.25103e+08	4.082e+11	-4.99974e+10
1.075e-09	3.72949e+11	-6.26682e+11	1.86045e+11	1.04254e+11	1.91395e+11	-2.30669e+11	3.38546e+10	2.22046e+11	-1.42122e+11	-2.32348e+10	1.73871e+11	9.61105e+10	-2.5582e+09	-1.65225e+11	-1.39441e+11
1.08e-09	1.39522e+11	-2.58713e+11	1.15467e+11	8.16599e+10	7.0843e+10	-2.89068e+11	2.25102e+10	2.44871e+11	-2.56126e+11	6.72687e+09	-2.12971e+10	1.70701e+11	-4.89027e+09	-5.39342e+10	7.8874e+10
1.085e-09	3.86327e+11	-5.89747e+11	2.39567e+11	7.91712e+10	-1.06138e+11	-2.75738e+11	-4.1984e+10	-1.87822e+11	3.08853e+09	8.37481e+09	1.11208e+11	2.83828e+11	-2.25641e+10	5.35917e+10	-3.90378e+10
1.09e-09	2.63827e+11	-4.21223e+11	3.09696e+10	1.67225e+11	-1.41523e+11	-5.14376e+11	7.21342e+10	3.83182e+11	-2.12943e+11	-2.56807e+09	-1.19023e+11	-1.26519e+11	-1.1204e+10	-2.2979e+11	-3.82607e+09
1.095e-09	3.15234e+11	-5.29599e+11	2.03771e+11	2.00958e+11	-1.5955e+11	-5.83496e+11	5.0175e+10	2.30108e+11	-5.44439e+10	-9.68897e+09	-4.36265e+10	5.72685e+10	-1.33242e+10	8.03652e+10	-1.32385e+11
1.1e-09	3.04116e+11	-3.56476e+11	3.12186e+11	1.18162e+11	-1.366e+11	-3.31445e+11	-1.75446e+09	2.53449e+11	9.42405e+10	-8.28577e+09	6.66252e+10	-1.38115e+10	2.80725e+09	7.60478e+10	2.8272e+11
1.105e-09	3.05519e+11	-5.29972e+11	3.09241e+11	2.53783e+11	6.45689e+10	-6.37109e+11	2.94707e+09	-2.17165e+11	-1.70739e+11	-7.13798e+09	-9.40646e+10	2.84325e+11	-2.75802e+10	1.5748e+11	-1.90805e+11
1.11e-09	3.4254e+11	-1.37195e+11	5.82072e+11	1.32032e+11	-1.77922e+11	-2.52154e+11	8.68775e+09	-1.93435e+11	-2.05882e+11	1.27318e+10	-1.74795e+11	4.27199e+10	-6.45275e+09	-6.20172e+10	3.48018e+10
1.115e-09	2.48818e+11	8.59275e+10	4.81423e+11	1.72635e+11	-3.97653e+11	-2.60781e+11	1.51466e+10	-5.58735e+10	-7.83044e+10	-1.46431e+10	-1.91006e+11	9.20541e+10	-5.07785e+10	2.71114e+11	2.9253e+11
1.12e-09	2.31797e+11	4.63322e+10	4.28517e+11	2.27067e+11	-6.28478e+11	-2.04127e+11	-2.98134e+09	-2.83153e+10	-2.49217e+10	-2.54386e+10	-6.82417e+10	-7.58669e+10	-7.65323e+08	-3.24706e+10	1.08661e+11
1.125e-09	4.26972e+11	1.10768e+11	6.41716e+11	1.37624e+11	-2.31885e+11	-3.33863e+11	2.92465e+10	4.32447e+10	-1.50563e+11	3.29063e+09	1.1536e+11	1.26651e+11	-6.55834e+09	-1.57783e+11	-2.00602e+11
1.13e-09	1.89145e+11	2.72204e+11	2.12462e+11	1.93507e+11	-5.98531e+11	1.14491e+11	8.04024e+10	-1.97485e+11	-2.64182e+11	-7.14396e+09	-1.60875e+10	1.23137e+11	-2.26092e+09	-1.90841e+11	1.21039e+11
1.135e-09	3.17859e+11	2.01625e+11	4.68445e+11	1.46438e+11	-4.77754e+11	1.97655e+11	1.01522e+11	-1.86989e+11	-2.892e+11	-3.47498e+09	-1.61775e+11	3.46556e+10	-1.86013e+10	3.92689e+10	-3.39025e+10
1.14e-09	2.3369e+11	2.59671e+11	3.90995e+11	8.83656e+10	-3.15859e+11	1.16347e+11	8.2389e+10	-2.14808e+11	-2.26211e+11	-6.15148e+09	-6.5282e+10	-5.69547e+10	-3.56391e+09	-2.13928e+11	5.07218e+10
1.145e-09	4.05337e+11	6.46079e+11	1.19806e+11	1.61248e+11	-4.45616e+11	1.39931e+11	1.47039e+11	-4.14163e+11	-2.9036e+11	2.03519e+10	8.91009e+10	-3.13734e+11	1.10567e+10	-5.35565e+10	-2.2477e+11
1.15e-09	4.02263e+11	6.79455e+11	-1.91976e+10	1.67735e+11	-1.8128e+11	5.22794e+11	-4.08157e+09	-4.72434e+10	7.21272e+09	2.11389e+10	1.90846e+11	-2.20479e+11	8.58407e+09	2.14643e+11	-2.03023e+11
1.155e-09	5.56105e+11	9.2251e+11	2.39385e+11	1.95763e+11	-2.474e+11	4.70272e+11	6.0502e+10	-3.87662e+11	8.54946e+09	-8.89782e+09	2.59229e+10	-1.4243e+11	7.79461e+09	-9.24725e+10	-9.38185e+10
1.16e-09	3.51406e+11	6.11687e+11	-1.77102e+11	1.33555e+11	-7.91298e+08	3.7413e+11	5.29831e+10	-4.20489e+11	5.34028e+10	2.1634e+10	1.00241e+11	-1.51259e+11	-5.27851e+09	-3.33238e+11	2.32293e+11
1.165e-09	2.44834e+11	2.82537e+11	-3.05807e+11	1.06676e+11	1.69865e+10	3.22974e+11	4.97461e+10	-2.61385e+11	-1.62385e+11	8.28061e+09	-2.14665e+10	-1.1955e+11	-1.81438e+09	5.55945e+10	2.17367e+09
1.17e-09	2.0303e+11	3.77879e+11	-8.24282e+10	1.70912e+11	9.87297e+10	4.21969e+11	-5.62093e+10	1.37211e+11	-7.35898e+10	6.74743e+09	1.68509e+11	-1.0652e+11	-7.49823e+09	2.619e+11	-6.11261e+10
1.175e-09	2.86582e+11	5.05965e+11	-2.58007e+11	5.2983e+10	-2.86114e+11	2.35181e+11	5.12379e+10	-1.53059e+11	1.73833e+11	5.74197e+09	-2.86246e+11	-1.9337e+11	1.08595e+10	-2.10483e+09	2.23341e+11
1.18e-09	2.87568e+11	3.56744e+11	-3.32344e+11	1.14096e+11	-2.37399e+10	3.56078e+11	6.62476e+10	-1.86238e+11	2.75146e+11	-1.39382e+10	2.16082e+11	5.14262e+10	1.40601e+10	2.52802e+11	1.95885e+11
1.185e-09	2.14219e+11	6.72567e+10	-5.02743e+11	1.22717e+11	4.60044e+11	1.6218e+11	5.19656e+10	9.27932e+10	2.83176e+11	-6.68974e+09	-2.66406e+11	-3.56068e+10	8.65289e+09	4.92317e+10	-5.25727e+10
1.19e-09	9.39973e+10	1.46752e+11	-1.99194e+11	9.30031e+10	1.57765e+11	2.39825e+11	4.63493e+10	-1.26307e+11	2.40353e+11	1.15454e+10	2.71902e+11	-2.32504e+11	9.37289e+09	-6.77479e+10	2.47216e+11
1.195e-09	1.21389e+11	-1.43984e+10	-3.25466e+11	1.20957e+11	1.33324e+11	3.84358e+11	4.89203e+10	-8.91381e+10	4.05914e+11	1.19783e+10	3.34502e+11	-2.32042e+11	-1.75459e+10	-3.87493e+11	-8.54061e+10
1.2e-09	9.56699e+10	-9.25813e+10	-3.01868e+11	1.15173e+11	1.30115e+11	3.52091e+11	3.72496e+10	-2.97711e+11	1.55827e+11	2.17338e+10	7.90053e+10	-2.53047e+11	2.01023e+10	-1.63392e+11	2.73288e+11
1.205e-09	5.98414e+10	-7.54196e+10	-2.56957e+11	1.4698e+11	5.96247e+11	8.05762e+10	4.9773e+10	-1.48858e+11	2.63764e+11	-2.59699e+10	6.23304e+10	1.54077e+11	1.23332e+09	1.51151e+11	1.261e+11
1.21e-09	8.6246e+10	-1.18487e+10	-3.02383e+11	1.17921e+11	5.05581e+11	5.0588e+09	4.09489e+10	3.45295e+10	1.45948e+11	3.43149e+10	-3.59741e+11	-3.24455e+11	-2.62782e+09	-2.08335e+11	-1.33711e+11
1.215e-09	1.61989e+11	-2.78623e+11	-3.63563e+11	2.5881e+10	1.18828e+11	9.23723e+10	3.63891e+10	1.20454e+11	9.8599e+10	-2.51155e+10	1.51832e+11	3.34778e+09	6.84536e+09	1.30499e+11	-3.5896e+11
1.22e-09	1.67926e+11	-3.60427e+11	-3.08573e+11	4.99213e+10	1.63609e+11	-2.39398e+11	5.57138e+10	4.31842e+11	2.07484e+11	7.42033e+09	-4.51175e+10	-6.91548e+10	-1.5507e+07	1.54819e+11	-9.65147e+09
1.225e-09	2.60384e+11	-5.20864e+11	-1.51306e+11	1.33236e+11	1.89526e+11	-5.0614e+11	1.87555e+10	1.9963e+11	3.24395e+11	3.84371e+09	-1.31484e+11	-1.15141e+11	-2.93911e+10	-5.93801e+09	1.01697e+11
1.23e-09	2.40898e+11	-5.47145e+11	1.42347e+10	4.41961e+10	2.35738e+11	-1.18442e+11	1.00468e+10	2.68173e+11	-2.57706e+11	9.32645e+09	5.14558e+09	-1.6746e+11	-8.86504e+08	-1.64477e+11	-2.28349e+10
1.235e-09	4.09274e+11	-7.1167e+11	9.37141e+10	6.08916e+10	1.47282e+11	-2.16886e+11	4.35911e+10	2.13812e+11	-1.64266e+11	2.55516e+10	-2.07266e+11	1.69427e+11	-3.95721e+09	-3.14813e+10	8.97679e+08
1.24e-09	4.36568e+11	-5.65379e+11	1.29473e+11	8.8321e+10	2.31808e+11	-3.01253e+11	2.97451e+10	1.09033e+11	-1.14766e+11	-1.17473e+09	-2.97754e+11	4.6621e+10	6.21775e+09	2.23826e+10	-4.47918e+10
1.245e-09	4.54242e+11	-4.99977e+11	2.15717e+11	8.7146e+10	-7.3551e+10	-2.48805e+11	3.0316e+10	1.97816e+11	-2.4275e+11	-9.71084e+08	1.49269e+11	4.72517e+10	2.01667e+09	-1.14597e+10	-2.2039e+11
1.25e-09	3.50561e+11	-4.1626e+11	3.9506e+11	1.12399e+11	-2.31541e+10	-2.7164e+11	3.29235e+10	2.95654e+11	-1.29678e+11	6.01988e+09	-1.71835e+10	9.87247e+10	-1.31119e+10	-1.8752e+10	1.34251e+11
1.255e-09	4.38269e+11	-5.30637e+11	5.69317e+11	1.96404e+11	-3.33414e+11	-4.35057e+11	-1.63523e+10	5.73838e+10	1.08065e+11	-9.57184e+09	-1.8814e+11	-5.62528e+10	-1.69238e+09	-2.84672e+10	-4.14285e+10
1.26e-09	3.40044e+11	6.36504e+10	5.95593e+11	2.73498e+11	-3.5097e+11	-6.08389e+11	3.04563e+10	1.77407e+11	-4.43413e+10	3.0163e+09	-7.57235e+10	5.63773e+10	-1.24625e+09	1.43945e+11	7.57828e+10
1.265e-09	2.9681e+11	4.47606e+10	5.1073e+11	1.6413e+11	-3.10522e+11	-3.9747e+11	1.33901e+10	1.74227e+10	-1.12091e+11	-1.10976e+10	-2.23907e+11	-1.64999e+11	-1.1425e+10	1.81754e+11	-2.55894e+10
1.27e-09	2.5613e+11	-2.95982e+11	3.40922e+11	5.38053e+10	3.19565e+10	-3.15897e+11	1.13697e+11	3.10001e+11	-2.29887e+11	-1.68137e+10	4.93663e+10	-1.05946e+11	-8.82747e+09	-1.00443e+11	-5.2182e+10
1.275e-09	3.36757e+11	7.78643e+10	4.80791e+11	1.77963e+11	-4.51086e+11	-1.09258e+11	1.08916e+11	-1.85023e+11	-5.31879e+11	8.5078e+07	-1.35332e+11	-1.96272e+10	-1.95097e+10	3.68236e+11	-3.2546e+11
1.28e-09	2.83915e+11	2.39558e+10	4.75701e+11	1.55846e+11	-3.56819e+11	-2.80891e+11	4.88626e+10	-3.69462e+11	-1.9643e+11	-2.80814e+10	-2.95025e+10	9.86347e+10	-8.49915e+08	-6.55142e+10	-1.50847e+11
1.285e-09	3.34656e+11	1.40715e+11	5.47178e+11	1.59147e+11	-3.83966e+11	-1.43922e+11	-1.19768e+10	4.4391e+10	3.82524e+10	7.21788e+09	2.67547e+11	-1.35109e+11	-2.97663e+09	8.63263e+10	-1.06074e+11
1.29e-09	2.4174e+11	3.00442e+11	3.03976e+11	2.78104e+11	-7.22896e+11	-1.06741e+11	-6.06759e+08	-1.17207e+11	2.30127e+10	-2.64918e+09	1.20056e+10	-1.03319e+10	-1.01737e+10	-3.31434e+10	2.72681e+10
1.295e-09	2.89313e+11	3.05088e+11	4.20585e+11	2.26791e+11	-7.12174e+11	5.07746e+10	4.04632e+10	-2.78274e+11	-8.3727e+10	6.05196e+09	-2.45112e+10	1.28039e+11	-9.61862e+09	-6.383e+10	-2.73626e+11
1.3e-09	2.93747e+11	3.34732e+11	3.40051e+11	1.46164e+11	-3.73946e+11	1.37615e+10	1.20819e+11	-3.68553e+11	-3.48101e+11	-3.59815e+09	-4.60248e+10	-1.30288e+11	-8.16041e+09	1.02702e+10	1.43121e+11
1.305e-09	3.97415e+11	5.70726e+11	2.43602e+11	1.84538e+11	-4.72301e+11	1.97208e+11	3.90718e+10	-2.5518e+11	-2.23183e+10	-2.31608e+10	-1.03607e+11	-2.19681e+10	-8.7295e+09	-3.46525e+11	6.73018e+10
1.31e-09	1.96098e+11	2.38681e+11	3.32351e+11	2.19697e+11	-4.51508e+11	3.29554e+11	4.4327e+10	-1.16862e+11	-1.15393e+11	1.86599e+10	2.64191e+11	-5.46874e+10	2.79387e+08	9.98511e+10	2.76182e+11
1.315e-09	3.24838e+11	6.02461e+11	-5.45997e+10	1.35724e+11	-4.47714e+11	1.00995e+11	7.72276e+10	-3.48327e+11	6.51936e+10	-1.89633e+10	-1.72463e+11	-2.67975e+11	-8.16793e+09	-6.99271e+10	-9.99913e+09
1.32e-09	2.82585e+11	4.59061e+11	-1.03669e+11	1.17861e+11	-1.89487e+11	3.32516e+11	-2.27027e+09	-4.34128e+10	7.64379e+10	6.48274e+09	-5.13078e+09	-1.16623e+11	-1.09593e+10	3.53672e+08	1.25294e+11
1.325e-09	2.30499e+11	4.21372e+11	-1.44653e+11	1.27485e+11	-1.78021e+11	3.43071e+11	6.17829e+10	-3.13245e+11	-4.13444e+11	6.19588e+09	5.24388e+10	-2.07124e+09	-8.21354e+09	-1.95368e+10	-1.41177e+11
1.33e-09	2.64754e+11	4.33216e+11	-2.02634e+11	1.42467e+11	-2.41612e+11	3.50906e+11	7.22696e+10	-5.35539e+11	1.48857e+11	-1.10961e+10	-1.89453e+11	3.05715e+10	-9.54427e+09	-2.44965e+11	-1.40822e+11
1.335e-09	3.73648e+11	4.58437e+11	-6.11128e+11	1.94647e+11	-4.12826e+09	5.07788e+11	2.7269e+10	-1.78919e+11	5.04433e+10	-2.21535e+10	5.30903e+10	1.27938e+11	4.71692e+09	2.31508e+11	9.81746e+10
1.34e-09	3.24778e+11	2.25202e+11	-5.22971e+11	1.80092e+11	4.09013e+11	4.48974e+11	5.01349e+10	-1.74555e+11	1.9218e+11	-2.50019e+10	1.23448e+11	2.14498e+11	-1.27803e+10	-1.3298e+09	3.30143e+11
1.345e-09	3.17941e+11	3.23391e+11	-5.14209e+11	1.15781e+11	1.9213e+11	3.76494e+11	5.34067e+10	-1.26834e+11	4.05587e+11	1.92778e+10	5.50811e+10	-2.09708e+11	-4.92078e+09	4.0358e+10	-1.35822e+11
1.35e-09	3.80175e+11	2.06275e+11	-5.11652e+11	1.34845e+11	3.806e+11	1.2333e+11	1.01262e+11	-3.79179e+11	4.10142e+11	1.18125e+10	-2.26913e+10	-1.80115e+11	-1.20075e+10	-1.28856e+11	2.53987e+11
1.355e-09	3.44898e+11	-2.62664e+11	-5.68353e+11	6.41693e+10	1.46443e+11	2.24729e+11	-5.70745e+09	-1.11799e+11	-4.41276e+10	4.41238e+09	-1.64457e+10	-1.90205e+11	-1.37444e+10	2.00072e+09	-1.17739e+11
1.36e-09	2.55331e+11	-2.6553e+11	-4.00967e+11	1.21967e+11	3.43552e+11	4.48922e+10	6.75546e+10	-8.31948e+10	2.84157e+11	1.29048e+10	4.40547e+10	-1.62468e+11	-2.92225e+10	-2.05817e+11	2.14425e+11
1.365e-09	1.86947e+11	-4.79859e+11	-1.25613e+11	1.07563e+11	2.93999e+11	2.65696e+11	4.16804e+10	-3.07528e+10	1.75133e+11	-1.78541e+10	1.54277e+11	-1.06507e+10	-2.99684e+09	1.09961e+11	-2.10902e+11
1.37e-09	2.87193e+11	-3.6599e+11	-3.71003e+11	1.78776e+11	4.18444e+11	5.20658e+10	8.39981e+10	3.20461e+11	3.2174e+11	5.2487e+09	-1.1247e+11	-4.10646e+10	9.45135e+09	1.23503e+11	-1.4345e+11
1.375e-09	3.98293e+11	-6.24805e+11	-3.37936e+11	1.78692e+11	4.55877e+11	-4.48123e+10	-9.28507e+09	2.06449e+11	-2.05327e+11	1.03409e+09	3.08312e+10	-2.62718e+10	1.01032e+08	1.49281e+11	-6.93791e+10
1.38e-09	2.71465e+11	-3.74815e+11	-1.80326e+11	1.09627e+11	3.54042e+11	-2.49798e+11	9.51062e+10	2.36121e+11	2.22845e+11	5.13606e+09	-9.65436e+10	-1.39178e+10	-9.9973e+08	-8.3409e+10	-9.80481e+10
1.385e-09	4.10962e+11	-6.60202e+11	-3.18078e+11	1.86621e+11	4.29442e+11	-2.43343e+11	4.50681e+10	1.01597e+11	1.89194e+11	-7.43192e+08	-3.25707e+11	-2.1679e+11	-1.1787e+09	-1.60137e+11	-1.12607e+11
1.39e-09	4.6307e+11	-6.43065e+11	9.84899e+10	1.66772e+11	2.42336e+11	-4.35059e+11	2.84294e+10	1.37595e+11	7.89069e+10	-1.98235e+09	-2.25245e+11	1.21555e+11	5.04253e+09	-2.64826e+11	1.11252e+11
1.395e-09	2.90044e+11	-3.97745e+11	2.46852e+11	1.68942e+11	3.83415e+11	-2.24757e+11	6.10531e+10	2.34709e+11	7.39985e+08	4.36978e+09	-4.71587e+10	5.86655e+10	2.23818e+10	2.63057e+11	9.61454e+10
1.4e-09	3.37531e+11	-5.74514e+11	9.69316e+10	1.99848e+11	1.4743e+11	-4.20373e+11	1.07623e+11	3.62314e+11	-1.33799e+11	9.65418e+09	-6.46552e+10	1.12168e+11	1.24308e+09	-9.13542e+09	3.01766e+11
1.405e-09	3.25845e+11	-6.43818e+11	9.64127e+10	8.62535e+10	-4.3546e+10	-2.63328e+11	9.84055e+10	3.71961e+11	1.00244e+11	-4.46857e+09	-2.25587e+11	-9.9281e+10	-2.93819e+10	4.26267e+10	-1.3683e+11
1.41e-09	3.71272e+11	-3.52679e+11	5.43252e+11	1.7127e+11	-3.93236e+11	-3.48598e+11	5.45007e+10	2.52729e+11	-8.70016e+10	-1.46244e+10	-1.13263e+11	5.92821e+10	-2.52961e+09	2.40866e+11	-1.07336e+11
1.415e-09	2.1956e+11	-9.98923e+09	5.06271e+11	1.88487e+11	-3.98785e+11	-3.38452e+11	8.42467e+10	4.79172e+11	-2.65562e+11	2.62597e+10	1.11082e+09	3.57277e+11	2.19324e+09	1.31624e+11	-3.82744e+10
1.42e-09	2.67975e+11	-1.86465e+11	5.0996e+11	1.86972e+11	-2.71657e+11	-3.33239e+11	5.43444e+10	1.7362e+11	-1.25528e+11	5.91984e+09	-3.32797e+11	2.74952e+11	-3.73038e+10	3.00262e+11	-1.40585e+11
1.425e-09	7.57761e+10	1.97227e+11	1.9502e+11	2.23107e+11	-3.53879e+11	-3.8887e+11	2.62431e+10	1.2958e+11	-1.30486e+11	-1.34568e+10	1.51264e+11	1.64653e+11	1.72777e+09	-2.73657e+10	4.79698e+10
1.43e-09	1.08217e+11	-3.82102e+10	2.33527e+11	1.22055e+11	-3.27367e+11	-2.56976e+11	5.84396e+10	-2.26957e+11	-2.76854e+11	7.44961e+09	2.17329e+11	2.98469e+11	-2.75835e+09	-4.95554e+10	-1.04192e+11
1.435e-09	1.74449e+11	1.88264e+11	3.56057e+11	1.58536e+11	-4.68647e+11	-3.52153e+11	7.64611e+10	1.01686e+10	-3.54671e+11	1.42228e+10	3.28072e+11	5.23099e+11	-1.31617e+08	5.2439e+10	7.23446e+10
1.44e-09	1.03541e+11	-1.40306e+11	3.87842e+11	1.58346e+11	-4.88821e+11	-2.38863e+11	8.99504e+10	6.84767e+10	-3.93172e+11	9.35167e+09	1.21674e+11	5.88524e+10	8.08644e+09	-2.1362e+10	2.23871e+11
1.445e-09	1.56948e+11	2.69959e+11	1.40841e+11	1.02812e+11	-3.96242e+11	-7.06279e+10	1.83702e+10	-8.0167e+10	-1.29986e+11	4.95858e+10	1.71358e+11	1.48485e+11	-1.03655e+10	4.16011e+11	-1.16997e+11
1.45e-09	3.44249e+11	4.23359e+11	5.10249e+11	-2.16549e+09	-6.69353e+10	2.5714e+11	1.6555e+10	-1.71969e+11	-1.09258e+11	-5.30412e+09	-6.67806e+10	7.99561e+10	9.56892e+08	1.16407e+11	-2.20471e+11
1.455e-09	5.12451e+11	7.04667e+11	1.64721e+11	1.09582e+11	-3.82361e+11	1.84925e+11	-5.35831e+10	-3.03399e+11	2.92565e+11	2.37946e+09	-4.86139e+09	4.37504e+10	-2.03708e+10	-2.63786e+10	5.44637e+10
1.46e-09	4.9123e+11	6.00019e+11	-1.18398e+11	1.48222e+11	-4.43895e+11	2.50018e+11	-1.41962e+10	1.19606e+11	-5.44059e+10	-4.93205e+09	6.65991e+10	-7.80364e+10	2.17298e+10	-2.24423e+11	-1.08037e+11
1.465e-09	6.20615e+11	7.97388e+11	-4.37282e+10	2.01641e+11	-1.43169e+10	5.42372e+11	8.26355e+10	-4.77567e+11	-1.71059e+10	1.48977e+09	7.56819e+10	-3.85545e+10	-9.84343e+09	-3.20586e+11	7.02937e+10
1.47e-09	4.03574e+11	5.59297e+11	-3.76984e+10	2.42845e+11	1.26021e+11	5.71449e+11	2.32368e+10	-2.05839e+11	-2.69951e+11	1.26583e+10	6.72174e+10	-1.10438e+11	-1.5479e+10	-2.44335e+11	1.0386e+11
1.475e-09	3.54648e+11	2.88252e+11	-3.57027e+11	2.1066e+11	-2.33896e+11	4.82668e+11	6.75301e+10	-3.43994e+11	3.67675e+10	-2.91091e+10	7.77949e+10	2.47795e+11	9.40432e+08	1.83136e+11	2.46646e+10
1.48e-09	3.71964e+11	3.62259e+11	-4.09609e+11	3.22707e+11	3.17798e+11	6.9002e+11	1.03206e+11	-3.77504e+11	3.40338e+11	-1.13259e+10	2.69949e+11	-2.23875e+10	1.16139e+10	-8.75427e+08	-7.45778e+10
1.485e-09	3.3553e+11	1.89317e+11	-4.80348e+11	2.08988e+11	1.15478e+11	5.25612e+11	1.63755e+11	-4.66976e+11	2.24037e+11	-7.72786e+09	6.34621e+09	-1.66616e+11	-2.67865e+09	-1.39906e+11	-1.61707e+11
1.49e-09	4.12587e+11	2.83242e+11	-5.75828e+11	1.91618e+11	3.4048e+11	3.4983e+11	1.14702e+11	-9.55441e+10	4.36991e+11	2.05476e+09	-1.42839e+11	-5.76632e+10	-1.14052e+10	-3.68389e+11	3.0993e+11
1.495e-09	2.60986e+11	-7.24996e+09	-3.68376e+11	1.84499e+11	2.98876e+11	2.92863e+11	8.52027e+10	-3.60883e+11	1.80848e+11	-2.01547e+09	-2.84899e+10	-2.5495e+11	-4.21508e+09	-3.35419e+10	4.85495e+10
1.5e-09	3.24651e+11	-1.36757e+11	-4.54421e+11	1.66907e+11	5.5523e+11	1.0722e+10	1.20508e+11	-2.2316e+11	3.92823e+11	1.32592e+10	-2.61307e+11	-2.41462e+11	1.25344e+10	-2.46479e+09	2.09034e+11
