Thu Oct 17 23:20:54 2024

<base> : Rectangle : 0m, 0m, 0m; 1.5um, 50nm, 5nm. Cells : 300, 10, 1. Cellsize : 5nm, 5nm, 5nm
<supermesh> : Rectangle : 0m, 0m, 0m; 1.5um, 50nm, 5nm. Cells : 300, 10, 1. Cellsize : 5nm, 5nm, 5nm

Saved data (dataname (unit) <meshname> (cells_rectangle)) : 

time (s)	<mxdmdt> (1/s) <base> (300nm, 0m, 0m; 310nm, 50nm, 5nm)			<mxdmdt> (1/s) <base> (500nm, 0m, 0m; 510nm, 50nm, 5nm)			<mxdmdt> (1/s) <base> (700nm, 0m, 0m; 710nm, 50nm, 5nm)			<mxdmdt> (1/s) <base> (900nm, 0m, 0m; 910nm, 50nm, 5nm)			<mxdmdt> (1/s) <base> (1.1um, 0m, 0m; 1.11um, 50nm, 5nm)			

0	-17596.8	709988	809920	100904	-293118	1.84345e+06	24048.8	-589832	-757049	-52972.6	131640	-520642	523472	3.37247e+06	-3.49259e+06
5e-12	1.14861e+10	-4.34226e+10	3.79076e+10	-1.5352e+10	6.74724e+10	-7.21343e+10	1.41143e+10	1.42585e+11	1.6509e+11	6.90138e+09	3.3275e+11	2.18897e+11	-3.54491e+10	7.59595e+10	1.33459e+11
1e-11	-4.98185e+09	-2.73276e+11	-2.94016e+11	-9.06886e+08	1.2757e+11	-4.96692e+10	-1.05088e+10	1.00028e+11	-2.43571e+11	-5.26239e+09	-7.71409e+10	1.22153e+11	8.85454e+09	-8.1905e+10	1.63671e+11
1.5e-11	6.64516e+09	-2.58928e+11	-2.96104e+10	-1.45133e+10	-6.94288e+10	-2.96267e+11	3.43211e+10	1.79037e+11	-4.39849e+11	-7.35125e+09	2.60198e+11	-3.52405e+11	-2.19984e+10	-2.07849e+11	8.25492e+10
2e-11	-1.39812e+09	-3.95714e+10	-2.42314e+11	3.65836e+09	-3.1622e+10	1.44698e+11	-5.00919e+10	1.99365e+11	1.54184e+11	9.30368e+09	2.83439e+11	-2.47663e+11	-1.36394e+10	-8.34987e+10	1.53775e+10
2.5e-11	1.48529e+10	1.05415e+11	5.5016e+11	-1.50912e+10	1.33542e+11	1.47756e+11	-8.64317e+09	-2.73848e+10	-1.47556e+10	-5.91343e+09	-1.30981e+11	-4.74481e+10	-2.24091e+10	-1.05342e+10	1.35997e+11
3e-11	-9.80307e+09	2.57294e+11	2.4901e+11	-5.75954e+09	2.7607e+11	-4.42004e+10	-7.59917e+09	1.64653e+11	-5.78162e+10	1.73448e+10	-1.80379e+11	1.60695e+11	4.49342e+09	-8.8691e+10	9.97171e+10
3.5e-11	-2.42862e+10	-1.09106e+11	-1.17508e+11	-6.29029e+09	-8.07036e+10	-2.35853e+11	-9.91762e+09	9.3701e+10	8.5886e+10	-2.44473e+10	-8.41081e+10	-7.32397e+10	-1.59726e+10	-1.81457e+11	-2.37435e+11
4e-11	-3.12058e+09	-3.6475e+10	-2.39303e+11	1.46527e+10	2.45522e+11	1.5795e+10	-1.74892e+10	-1.37392e+11	-1.86556e+11	-1.31214e+10	-3.53084e+10	-5.26704e+10	1.81737e+09	1.60987e+11	1.91327e+10
4.5e-11	-2.88475e+10	2.99022e+10	-1.75688e+11	-9.0694e+09	-2.47021e+10	1.66185e+09	3.22969e+09	1.33665e+11	-1.49572e+11	-2.33513e+10	1.12659e+11	-7.92992e+10	1.20963e+10	2.53085e+11	2.87457e+10
5e-11	-9.89581e+09	1.07537e+11	-9.9732e+10	-9.02887e+08	-1.88346e+10	-9.7463e+10	7.69194e+09	1.82871e+11	-4.6442e+10	5.15426e+09	-7.83305e+10	4.94463e+09	-3.94844e+09	4.95317e+09	-5.12967e+10
5.5e-11	1.95428e+08	-3.66098e+10	3.61516e+11	2.73538e+09	-1.77071e+11	-2.65928e+11	-1.33917e+10	1.10532e+11	-9.0887e+10	-2.76181e+10	4.63113e+10	1.47791e+11	-1.09683e+10	7.86796e+10	-6.26249e+10
6e-11	7.24978e+08	1.88458e+11	-5.37122e+09	-2.7959e+09	1.31667e+11	-2.00618e+10	-1.62354e+10	-1.57607e+11	1.01631e+11	1.03254e+10	-2.20658e+11	7.35898e+10	1.96126e+10	-6.51578e+10	-2.14948e+11
6.5e-11	7.16084e+09	2.60059e+11	-1.2655e+11	-9.43974e+09	-5.4201e+10	-3.68797e+10	-1.24959e+10	-3.32715e+10	-1.26701e+11	-3.17193e+09	5.82947e+10	-3.70209e+09	5.23799e+09	1.97758e+10	9.22465e+08
7e-11	-8.37284e+09	-2.78941e+11	-1.27254e+11	-2.25796e+09	1.25729e+11	-1.42744e+11	6.74943e+09	-1.5189e+11	5.95462e+10	3.49606e+09	-7.11283e+10	9.01886e+10	-8.73421e+09	-1.65174e+11	5.85484e+10
7.5e-11	-1.11597e+10	2.49147e+11	2.67466e+10	-9.75268e+09	1.24217e+11	2.63149e+10	-3.49958e+09	-2.06941e+11	-1.65231e+11	8.27548e+09	-1.86878e+11	3.40586e+10	-1.02236e+10	-7.62594e+10	-2.13841e+10
8e-11	-2.64517e+09	-9.30174e+09	1.12292e+11	-6.90634e+09	-6.55082e+10	1.39847e+11	-3.86124e+09	-4.22474e+10	-3.46933e+10	8.56827e+08	5.862e+10	-1.16101e+11	-5.1196e+09	-8.43562e+10	-1.47744e+08
8.5e-11	-1.23293e+10	9.40694e+09	7.17153e+10	-8.16678e+09	-9.03264e+09	1.77916e+11	-1.2958e+10	1.06781e+11	1.21518e+11	-8.6503e+09	-1.1134e+11	1.79289e+11	2.11852e+10	1.8413e+11	-2.03572e+11
9e-11	2.702e+09	-3.50032e+10	-9.49961e+10	-2.89704e+10	2.971e+10	2.84743e+11	-3.31993e+09	1.6632e+09	1.1733e+11	8.31881e+08	-7.60946e+10	-5.32128e+10	-6.72972e+09	7.83316e+09	-1.02741e+11
9.5e-11	-2.21099e+10	6.35344e+10	-1.17308e+11	-2.08848e+10	-1.44596e+11	-1.31074e+10	4.69507e+08	4.46937e+10	-1.58867e+10	-1.30534e+10	-1.33057e+11	-1.54049e+11	-3.53829e+07	-1.44312e+11	-1.54608e+11
1e-10	-3.83377e+10	-2.90528e+11	-5.36248e+10	-8.75433e+09	-1.31283e+10	5.5481e+10	-4.38455e+09	1.02496e+11	-1.20031e+11	2.90823e+09	-1.49722e+11	-6.35022e+10	-2.09331e+10	1.49263e+11	-7.63392e+09
1.05e-10	5.28135e+09	7.62418e+10	1.2134e+11	-7.20298e+09	-1.57826e+11	4.80702e+10	-1.57753e+10	-2.14985e+11	1.8785e+11	-9.78442e+09	1.8561e+11	1.28083e+11	-1.60854e+10	2.57559e+10	1.05564e+11
1.1e-10	-1.6536e+10	7.97334e+10	4.05349e+10	-2.86904e+10	2.21882e+11	3.48594e+11	-2.37772e+09	4.41071e+11	-7.15957e+10	2.76333e+09	1.14246e+11	1.73792e+11	-2.2349e+10	3.91e+10	1.12607e+11
1.15e-10	6.44192e+08	-2.76329e+11	2.32503e+10	-1.38395e+10	-5.34724e+10	-1.13915e+11	-1.93294e+10	-1.65674e+11	2.27533e+11	-1.39835e+10	-1.10636e+11	-2.44935e+10	-9.98654e+09	7.87863e+10	4.96708e+09
1.2e-10	4.24828e+08	-2.12749e+11	3.14648e+11	-6.14076e+09	-2.90392e+10	9.03391e+10	-1.66923e+10	1.41811e+11	1.23804e+11	-6.53285e+09	-2.31107e+11	5.29321e+10	-2.09028e+10	-3.5594e+11	-7.7418e+10
1.25e-10	-9.97073e+09	-1.28047e+10	1.99433e+11	-1.57655e+10	-3.4235e+11	-1.406e+10	-6.03566e+09	-1.74811e+11	1.71792e+11	-1.23266e+10	-4.78292e+10	-1.07063e+11	-1.25031e+10	-1.62093e+11	-7.30455e+09
1.3e-10	-1.53996e+10	4.57916e+10	-4.92301e+10	1.10147e+10	-8.42017e+10	1.60677e+11	-1.60084e+10	1.52526e+11	-5.5535e+10	-1.62904e+09	1.61904e+11	-2.38526e+11	1.2754e+10	5.97178e+11	8.60162e+10
1.35e-10	1.47625e+09	-4.56605e+10	9.02753e+10	-1.60229e+10	1.28319e+11	1.16714e+11	9.68901e+08	8.97414e+10	-1.88227e+11	-1.30038e+10	1.10671e+11	1.9515e+11	-9.74376e+09	1.0767e+11	-1.23508e+11
1.4e-10	1.23321e+09	8.26138e+10	2.32407e+11	-2.52834e+09	-1.33815e+11	6.51434e+10	-4.133e+09	-3.81597e+10	3.50493e+10	-1.22962e+10	-2.15948e+11	-5.34624e+09	-1.02094e+10	-6.09755e+10	2.82601e+10
1.45e-10	2.57e+09	-1.90063e+11	-2.26283e+11	-2.12892e+09	-1.46254e+10	1.25233e+11	-2.23885e+10	-1.66113e+11	2.00082e+11	-1.09087e+10	-1.34208e+10	5.27591e+10	1.53186e+10	-1.92513e+11	1.98816e+11
1.5e-10	-1.47817e+10	-4.71479e+10	-2.09416e+11	-1.25263e+10	8.37045e+10	5.8999e+10	-3.98884e+09	3.55601e+10	-1.90362e+11	-2.59221e+10	6.62736e+10	-3.13893e+11	-1.57073e+10	-1.41507e+10	2.61483e+11
1.55e-10	6.10069e+09	1.67938e+11	-8.68027e+10	-1.6644e+10	-3.20272e+11	-9.6739e+10	-9.21131e+09	5.87613e+10	-2.36988e+10	2.198e+10	1.47154e+11	4.31261e+11	-4.87785e+09	1.31803e+11	-2.29471e+11
1.6e-10	-1.58351e+10	1.16026e+11	-1.33543e+11	-1.83922e+10	-1.37177e+10	-5.10248e+11	-3.29878e+09	7.35689e+09	1.10657e+11	-7.69063e+09	-5.97572e+10	6.75505e+10	-1.15312e+10	3.09323e+10	1.83407e+11
1.65e-10	2.69298e+09	-2.09708e+11	1.90652e+11	-3.77504e+09	1.9946e+11	-2.75693e+10	-5.66033e+09	1.49967e+10	5.88928e+10	-4.15487e+09	6.6513e+10	1.08598e+11	-1.44663e+10	1.34633e+11	-2.17754e+10
1.7e-10	1.73913e+10	-2.28383e+11	-1.7956e+11	2.29227e+09	1.00591e+11	1.51699e+11	4.53451e+08	2.87811e+11	9.41929e+10	7.10048e+09	-8.84296e+10	-9.28229e+10	-1.14738e+10	4.46628e+10	-1.34001e+11
1.75e-10	-2.73676e+10	1.49688e+11	-9.5089e+10	1.80302e+09	-1.65442e+11	-7.53502e+10	-1.16606e+10	-1.77726e+11	1.84253e+11	-7.50253e+09	-3.83884e+10	-5.7885e+10	-8.02971e+09	1.14972e+10	7.82846e+10
1.8e-10	-5.16679e+09	1.25325e+11	-7.78192e+10	1.49935e+10	-2.25301e+10	1.69055e+11	-2.93426e+09	-8.12899e+10	1.68884e+11	-7.51742e+09	1.24136e+10	1.98793e+11	-7.20978e+09	-8.95971e+10	-5.70009e+10
1.85e-10	3.34914e+09	1.20299e+11	1.92126e+10	-1.14185e+10	-1.42062e+11	-1.22726e+11	-7.23811e+09	-1.48404e+10	1.09019e+10	5.90335e+09	3.36779e+10	-3.21675e+10	-6.18398e+09	-3.2579e+10	2.02311e+11
1.9e-10	-7.33427e+09	2.32747e+11	9.38839e+10	-2.54131e+10	-9.14882e+10	-8.95188e+10	-3.33193e+09	-1.02118e+11	4.7736e+10	-7.5984e+08	-1.50095e+11	5.98002e+10	-1.1129e+10	1.10667e+11	-1.97477e+10
1.95e-10	-1.40219e+10	-4.70662e+10	1.29024e+11	-9.51351e+09	1.87774e+08	-2.34334e+11	1.56104e+10	-6.56358e+10	4.25334e+11	-1.61304e+10	-6.49161e+10	1.55517e+10	-3.32594e+09	4.72134e+11	1.85975e+10
2e-10	-1.73758e+10	-6.22848e+10	-1.51995e+11	-5.51132e+09	-2.51501e+11	-4.13478e+10	-5.52571e+09	-1.44517e+11	-1.27699e+11	1.086e+10	-8.75136e+09	-8.43158e+10	-6.27801e+09	3.3206e+10	3.82485e+09
2.05e-10	1.18874e+09	2.20887e+11	1.5499e+11	1.29025e+10	-7.72005e+09	-2.54627e+11	-2.17724e+10	2.08229e+11	-2.68637e+11	3.12939e+09	5.85491e+10	-7.26182e+10	-5.1898e+09	6.72711e+10	3.37829e+11
2.1e-10	-2.26263e+10	-4.82358e+11	-2.48649e+09	-1.17961e+10	1.01047e+11	-2.36365e+10	5.82141e+09	-3.78922e+10	-2.45077e+11	-2.95155e+10	-3.47058e+11	1.06e+11	-3.3372e+09	1.00268e+11	-2.5664e+10
2.15e-10	7.40498e+09	-6.23043e+09	1.38365e+11	-1.90303e+10	1.1532e+11	-2.72901e+11	-4.17375e+09	-9.77534e+10	-2.95805e+11	-4.44883e+09	-9.98546e+10	-3.76934e+10	-3.22327e+10	1.45913e+11	1.93201e+11
2.2e-10	-1.35418e+10	-5.70334e+08	-2.06498e+11	-3.33094e+09	-6.15637e+10	2.37763e+11	-8.67747e+08	-1.90184e+11	-8.38839e+10	2.00077e+09	-1.05951e+11	6.0006e+10	-1.7822e+10	1.38468e+11	-3.74774e+10
2.25e-10	-7.64105e+09	-6.66168e+10	-4.2066e+10	6.26862e+09	-1.53772e+11	1.87739e+11	-6.05326e+09	-7.33145e+10	8.20039e+09	-1.49222e+09	1.81461e+11	-4.60338e+09	9.27683e+08	-4.21036e+10	-9.42895e+10
2.3e-10	-2.10502e+10	1.30719e+11	2.4532e+10	-3.16482e+10	-2.11171e+11	7.57041e+10	-8.75421e+09	-3.84999e+10	2.79297e+11	-5.76869e+09	4.95034e+10	3.09053e+09	-1.0899e+10	-6.37661e+10	-7.10567e+10
2.35e-10	-1.78011e+10	-7.44576e+10	-2.8625e+11	2.7482e+09	-1.63604e+11	-2.7072e+10	-1.34104e+10	-1.13744e+11	1.36082e+10	-4.39755e+09	-1.79741e+11	7.67323e+10	-1.56024e+10	2.41216e+11	1.28095e+11
2.4e-10	-1.99273e+10	1.97591e+11	1.89094e+10	-1.45151e+10	2.83051e+10	-1.5725e+11	3.61479e+09	1.29572e+10	1.74418e+11	-1.31725e+10	-1.98742e+11	1.74441e+11	-1.61066e+10	1.29886e+11	-4.64571e+10
2.45e-10	2.5741e+09	-3.05639e+10	1.21792e+11	-1.68312e+10	1.67348e+11	-1.02497e+11	-5.99049e+09	5.94027e+10	1.8073e+11	-1.42194e+10	1.1646e+11	3.68598e+10	-1.09552e+10	-6.38305e+10	4.62782e+10
2.5e-10	-6.19385e+09	-5.89272e+10	-7.131e+10	-1.38358e+09	1.15544e+11	-1.68216e+10	-1.40192e+10	4.29961e+10	1.14804e+10	-5.55099e+09	1.09198e+11	-9.05648e+10	4.03789e+09	-2.47471e+11	2.549e+10
2.55e-10	-8.14077e+09	-3.41195e+10	8.22488e+10	-3.24583e+07	-2.51723e+10	2.73973e+11	-1.80614e+10	-1.88249e+11	-1.70347e+10	-1.21001e+10	1.42623e+11	-2.63799e+11	-1.81212e+09	-5.20885e+10	7.90924e+10
2.6e-10	-3.20769e+10	-3.31197e+11	-1.32116e+10	1.21719e+10	8.65072e+10	-1.35371e+09	-1.30415e+10	-1.49836e+11	-1.24733e+11	-4.305e+10	-3.82429e+11	-4.31279e+11	-2.66321e+10	1.72331e+11	1.47805e+11
2.65e-10	-7.65683e+09	1.67001e+11	-1.21104e+11	6.33065e+09	-2.14849e+11	-7.00404e+10	3.00553e+09	1.16942e+11	-2.55053e+11	3.79853e+09	-2.57685e+11	-8.37015e+10	-1.87906e+10	1.09294e+11	8.59619e+10
2.7e-10	7.28903e+09	-2.04307e+10	1.94959e+11	-1.541e+10	2.07831e+10	2.18282e+10	-6.10392e+09	1.41835e+11	-2.22376e+11	1.675e+10	-2.23882e+11	-2.09383e+11	-8.37723e+09	-5.36793e+10	1.69967e+11
2.75e-10	-4.28557e+09	1.9495e+11	-5.10814e+09	1.44868e+09	6.04452e+10	-1.61635e+11	-7.4538e+09	-5.41175e+10	1.41122e+11	-1.30835e+10	-2.38838e+10	-4.00271e+10	-1.94708e+10	-2.69058e+11	6.93882e+09
2.8e-10	1.86157e+09	1.53894e+11	6.2201e+10	-5.56214e+08	1.14662e+11	-2.4238e+10	-2.23266e+10	-2.25874e+11	2.16718e+11	-1.87109e+09	-8.44531e+10	2.11169e+10	-4.13221e+10	-4.07664e+11	4.29844e+10
2.85e-10	-1.61423e+10	3.51529e+10	4.94989e+11	-1.16749e+10	1.78603e+10	1.49252e+11	-1.66568e+10	1.91338e+11	-5.15886e+10	-1.77982e+10	-1.34415e+11	-1.9662e+11	1.2297e+10	1.02232e+11	-3.47243e+11
2.9e-10	1.68579e+09	1.6331e+11	7.77831e+10	9.27489e+09	-9.51995e+10	-7.40511e+10	-9.84164e+09	1.71927e+11	-1.40789e+11	-2.53521e+09	-1.25378e+11	-5.68307e+09	-2.64251e+10	-9.53602e+10	-6.04099e+10
2.95e-10	-2.64956e+09	6.79317e+10	1.7967e+11	5.48368e+08	-9.49552e+10	6.21766e+08	3.15681e+10	3.63858e+09	8.06359e+10	-1.32311e+10	-1.27855e+11	-2.63405e+11	8.19994e+09	-4.326e+10	-1.62694e+11
3e-10	-1.15441e+10	-8.64549e+10	2.75839e+10	-7.61218e+09	-1.20381e+11	-1.4986e+11	2.33062e+09	6.89e+10	-6.24924e+10	-5.71972e+09	-1.40202e+11	1.8497e+11	-1.90909e+09	-2.98491e+10	7.09032e+10
3.05e-10	6.90376e+09	1.06164e+11	2.1685e+11	-7.29515e+09	2.53646e+11	5.65338e+10	-7.70496e+09	-1.72835e+11	1.36137e+11	-7.9899e+09	-1.49808e+11	-4.22965e+10	4.73447e+09	-7.35385e+09	-8.75102e+10
3.1e-10	-9.34944e+09	5.15333e+10	-2.72557e+11	6.39286e+09	-4.00649e+10	-1.98316e+10	-1.34317e+10	-1.2113e+11	-2.02048e+10	-4.63801e+09	1.13142e+11	1.85976e+11	1.63026e+09	4.51799e+10	-1.14912e+11
3.15e-10	-1.16672e+10	8.27946e+10	8.83462e+10	-1.57794e+10	6.69677e+10	2.17767e+11	-1.74207e+10	3.42414e+10	-7.01042e+10	-4.1789e+09	-2.08718e+10	-2.2575e+11	-3.25111e+09	-1.67181e+09	2.74204e+11
3.2e-10	-2.83743e+10	-2.22531e+11	-1.04556e+11	-1.31696e+10	1.62268e+11	-1.6413e+11	-5.52769e+09	9.62424e+10	-2.02796e+10	-1.21659e+10	-2.941e+11	1.63247e+11	-5.56451e+09	-7.47298e+10	-1.55769e+11
3.25e-10	-1.61082e+10	-2.94316e+10	2.43881e+11	1.36872e+10	1.05824e+11	-2.73939e+11	-4.14359e+09	4.23461e+10	-2.03092e+11	7.35632e+09	-1.12366e+11	4.12539e+10	3.0991e+10	1.26565e+11	2.21975e+11
3.3e-10	1.15873e+10	-6.8283e+10	-2.35041e+11	-4.52943e+09	-1.65847e+11	-1.44351e+11	-9.0237e+09	1.52849e+11	3.6494e+10	-1.05829e+10	2.04686e+10	-3.1784e+10	-1.50794e+10	2.03209e+10	3.86353e+10
3.35e-10	-2.28891e+09	3.58344e+09	4.03679e+11	3.9132e+09	-4.50482e+10	-9.34995e+10	-6.7337e+09	1.6629e+11	-4.41793e+10	-1.34789e+10	-1.16705e+11	2.92976e+10	-2.3485e+10	-1.352e+10	-7.68308e+10
3.4e-10	-1.14786e+10	-1.62897e+10	-1.76414e+11	-1.08198e+09	2.62773e+11	2.14101e+10	8.36975e+09	2.05299e+11	1.21988e+11	-5.45639e+09	7.49799e+10	1.91045e+11	-1.25711e+10	-2.15368e+11	4.41186e+10
3.45e-10	-7.70714e+09	-1.88622e+11	4.57133e+10	-5.11315e+09	2.67404e+10	5.85243e+10	-4.08087e+09	7.16786e+10	-1.30498e+11	-9.61542e+08	-9.17345e+10	-1.38627e+11	-2.31224e+10	-9.01872e+10	2.03442e+10
3.5e-10	1.15024e+09	2.72037e+11	6.4257e+09	-1.25736e+10	-8.23057e+10	8.23262e+10	-1.33034e+10	-1.25002e+11	3.16303e+11	-1.3771e+10	-7.53542e+10	2.68138e+11	-1.6826e+10	-2.52504e+10	1.06365e+11
3.55e-10	-2.69372e+10	1.66438e+11	9.79983e+10	-1.13352e+10	1.55771e+11	4.38779e+10	-1.95376e+10	4.77471e+10	-1.33291e+11	-1.65587e+10	-7.96221e+10	7.99937e+10	-8.43996e+08	-5.38419e+10	-2.45968e+10
3.6e-10	-8.10695e+09	7.24089e+10	-3.76083e+11	1.79829e+08	-1.11383e+11	-9.55296e+10	1.06828e+09	-3.07386e+11	-2.27669e+10	3.22246e+08	-7.07056e+10	7.77108e+10	2.05469e+10	-1.41159e+11	2.60345e+11
3.65e-10	-9.20476e+09	-3.00132e+10	2.80275e+09	-8.40843e+09	-1.59451e+11	-3.42716e+10	-1.1723e+10	1.43532e+10	1.73419e+11	-1.22202e+10	2.41046e+11	-1.0794e+10	9.63886e+09	-6.22394e+10	-1.68488e+11
3.7e-10	-1.39486e+10	2.67583e+11	-6.27422e+10	-7.14316e+09	-1.82331e+11	-1.07989e+11	-9.40226e+09	1.51019e+11	3.16532e+11	7.79817e+09	1.97344e+11	1.61317e+11	8.3896e+09	-2.3329e+11	-8.3585e+10
3.75e-10	-9.03503e+09	4.93692e+10	1.69234e+11	-4.03623e+08	-1.99896e+11	-4.60085e+10	1.19505e+10	7.92869e+10	-1.47715e+11	-7.5187e+09	1.61081e+11	-3.74477e+11	-1.61502e+10	-2.84392e+09	-2.24211e+11
3.8e-10	-1.68237e+10	-3.54287e+10	4.44514e+10	-2.07141e+10	2.41711e+11	1.14213e+11	2.27146e+09	-2.90123e+10	1.83683e+11	2.64761e+09	-1.13779e+11	1.68667e+11	4.71451e+09	-2.73125e+11	-9.43534e+10
3.85e-10	1.55955e+10	-3.13809e+10	9.95026e+10	-3.57649e+09	-2.71825e+10	2.00791e+11	-3.0892e+09	7.17209e+09	-1.38535e+11	-1.12047e+10	-2.03796e+10	1.32508e+11	1.34012e+10	4.14934e+10	2.12663e+11
3.9e-10	-7.66253e+09	1.35934e+11	-4.63775e+10	6.53168e+09	9.04231e+10	-2.79185e+11	2.76714e+09	-2.42769e+10	1.01348e+11	-8.47783e+08	1.85789e+11	3.93527e+11	3.05656e+10	-2.1052e+10	3.2445e+11
3.95e-10	-1.43204e+10	3.80801e+11	7.6862e+10	1.23972e+10	1.31229e+11	-9.61027e+10	-2.02081e+09	-1.33223e+11	8.16612e+10	-2.77822e+10	2.99597e+10	1.338e+11	-2.58466e+07	5.54569e+10	1.32493e+11
4e-10	-8.12833e+09	-4.92671e+10	-1.88177e+11	5.83445e+09	1.20028e+11	-8.0267e+10	-3.06264e+10	-1.43018e+11	9.32009e+10	-3.85535e+09	-6.52129e+10	1.64834e+11	-1.51685e+10	-1.3231e+11	-8.11798e+10
4.05e-10	-3.65282e+09	-1.97166e+11	-4.80131e+10	-1.32977e+10	-3.54294e+10	-1.18934e+10	-2.43623e+10	-5.35772e+10	5.4333e+10	-1.60944e+10	-3.23357e+11	-1.219e+11	4.6299e+09	-3.10192e+10	-6.14203e+10
4.1e-10	-2.56774e+10	1.78486e+11	-9.34075e+10	-6.76738e+09	5.94721e+10	3.05481e+11	-7.82281e+09	-7.64291e+10	-2.53123e+11	-8.69749e+08	-2.36924e+11	-1.23967e+11	-1.70572e+10	2.98058e+10	-1.18869e+11
4.15e-10	-1.72242e+10	-2.18447e+11	7.41779e+09	-7.28855e+09	1.4465e+11	-3.04233e+11	-9.40704e+09	-1.27578e+11	2.33501e+10	-4.85859e+09	-2.97087e+10	1.34694e+11	-2.27897e+10	2.41167e+11	3.12651e+09
4.2e-10	5.38681e+09	1.91297e+10	-1.70136e+10	1.01495e+10	1.05242e+10	7.69906e+10	1.52693e+10	7.46783e+10	2.29909e+11	1.98853e+10	-1.21359e+11	-1.39924e+10	-2.73608e+09	-6.14722e+10	-4.40844e+10
4.25e-10	-1.59604e+10	-9.50459e+10	-2.27801e+10	-2.02579e+10	-2.03646e+11	7.04709e+10	1.90752e+09	-1.15202e+11	2.31962e+11	-1.29443e+10	-8.7549e+10	1.71957e+09	-8.95972e+09	1.50209e+11	9.16066e+10
4.3e-10	2.12483e+10	-1.50875e+11	-3.28666e+11	2.02468e+10	2.43223e+11	-1.73749e+11	-2.72403e+10	-2.771e+11	-2.85021e+10	-2.42637e+10	-1.64823e+11	-9.63301e+10	9.03162e+09	-7.35464e+10	-1.63468e+11
4.35e-10	-3.12764e+09	-2.23411e+11	-8.51342e+10	9.53818e+08	-1.45405e+11	2.93706e+11	-3.46254e+09	2.22521e+10	-1.90684e+11	-9.38974e+09	-7.86697e+10	-3.48857e+10	9.20965e+09	8.59498e+10	2.29035e+11
4.4e-10	1.37577e+10	-9.93114e+10	3.09624e+11	-1.09099e+10	-2.83315e+10	3.57638e+10	-1.06274e+10	9.56546e+10	-4.58606e+09	-1.38868e+10	-8.43288e+10	-3.35897e+11	-2.799e+10	1.91002e+11	-1.03809e+11
4.45e-10	-3.69562e+10	2.64283e+11	-2.17591e+11	-7.80948e+09	-1.22766e+11	4.74815e+10	-9.76412e+09	1.42954e+10	-6.95841e+10	-5.7408e+09	-1.87522e+10	-9.48987e+10	-1.33456e+10	1.01388e+11	4.96927e+10
4.5e-10	6.08883e+09	-1.62214e+11	1.85333e+11	-1.16128e+10	-5.97429e+10	-3.96671e+10	-3.11516e+09	-7.72351e+10	-1.05402e+11	-2.8664e+09	-2.78764e+10	-1.22957e+09	-6.26614e+09	-5.19718e+10	-6.41865e+10
4.55e-10	-6.74967e+09	-2.4087e+11	3.81599e+10	-7.93206e+09	-1.98977e+10	2.21442e+11	-3.4021e+09	3.46182e+11	-1.61027e+11	3.689e+09	8.05751e+10	-5.25175e+10	7.86062e+09	9.13105e+10	-2.93454e+10
4.6e-10	-2.25319e+10	-1.41665e+11	6.83725e+10	-2.18502e+10	8.50073e+09	-9.39629e+10	4.08649e+08	1.70939e+11	-8.68301e+10	-1.27518e+09	1.76644e+11	1.5108e+11	-2.78143e+09	-5.14365e+10	1.89465e+11
4.65e-10	-1.28245e+10	1.16361e+10	1.02294e+11	6.69366e+08	1.21427e+11	-2.00938e+11	-1.71067e+10	2.45618e+11	9.19196e+10	-1.58408e+09	1.09228e+11	-1.88645e+10	-1.05369e+10	-9.97603e+10	-7.62416e+09
4.7e-10	-1.0329e+10	2.12049e+11	-7.04066e+09	4.43173e+09	-5.34254e+10	-1.63981e+11	-1.21619e+09	-1.50573e+11	-3.24944e+11	-1.48944e+10	7.46962e+10	3.19939e+11	-2.49892e+09	-6.11854e+10	2.40138e+09
4.75e-10	2.21445e+09	-1.02151e+11	7.17671e+10	-2.82653e+09	1.48217e+11	-7.15549e+10	-1.84325e+10	-1.53044e+11	-1.53404e+11	2.43249e+09	5.44312e+10	7.1229e+09	-5.44167e+08	9.96171e+10	1.09922e+11
4.8e-10	1.96987e+10	-1.40337e+10	1.01993e+11	-2.53575e+09	-1.58675e+10	-1.18171e+11	-4.35113e+10	-3.32003e+11	-3.11146e+10	-1.4892e+10	2.40721e+10	3.57721e+11	-2.57722e+09	1.69149e+11	1.47624e+11
4.85e-10	-3.74257e+09	1.09874e+11	-1.01708e+11	1.78434e+09	-1.84257e+11	1.09657e+10	5.35536e+09	1.33143e+11	8.89839e+10	-8.77924e+09	1.03526e+10	-5.91671e+10	1.98472e+09	-5.76957e+10	2.59326e+10
4.9e-10	1.21097e+10	-3.34716e+11	7.3823e+10	-5.92905e+09	-2.91389e+10	1.01904e+11	1.35267e+09	-4.16218e+10	-1.81838e+11	-7.63007e+09	1.36186e+11	-1.8059e+11	-1.01319e+10	1.82108e+10	2.42911e+11
4.95e-10	9.21327e+09	-1.84847e+11	1.45653e+11	-5.00165e+09	-1.08304e+11	3.06569e+10	3.56063e+09	8.97807e+10	3.20611e+10	2.66063e+09	-1.0631e+11	-1.04817e+11	-6.02651e+09	3.01199e+10	-3.47677e+10
5e-10	-2.29415e+10	-1.47174e+11	-1.43568e+11	-1.67596e+10	1.63126e+11	2.45431e+11	-5.963e+09	-5.0481e+10	-2.24117e+10	-4.53994e+09	1.71256e+11	3.27579e+10	-2.42524e+10	8.8585e+10	1.93301e+11
5.05e-10	-4.25988e+09	-8.92207e+10	1.64017e+11	-2.39023e+10	2.93287e+11	-3.15935e+11	-2.08139e+09	-9.87009e+10	4.34209e+10	-1.83852e+10	-3.33603e+10	1.88759e+11	1.85317e+09	2.85583e+11	-1.47469e+11
5.1e-10	6.62954e+09	-2.45796e+11	-2.33599e+11	-4.9905e+09	8.39763e+10	2.60594e+10	-9.89754e+09	-5.97615e+10	2.9105e+10	-8.87109e+09	7.95848e+09	-1.32875e+11	-8.21972e+09	9.54941e+10	-2.77053e+11
5.15e-10	-1.80794e+10	5.22614e+08	-9.09621e+10	6.12305e+08	4.89089e+10	-2.21621e+11	-4.76494e+08	-3.34189e+10	1.54027e+11	-7.04934e+09	-1.84701e+11	9.90155e+09	5.80481e+09	-2.33987e+11	-1.91982e+10
5.2e-10	6.14018e+09	-1.14661e+11	2.25782e+11	-8.07675e+09	-3.72893e+09	-4.9824e+10	-1.56086e+10	2.72778e+10	6.86089e+10	9.51546e+09	1.69494e+11	2.66994e+11	2.49485e+09	-1.27943e+10	8.2372e+10
5.25e-10	1.24114e+09	-9.93347e+10	1.8748e+10	-1.7222e+08	-7.03986e+10	6.55183e+10	-1.33515e+10	1.07397e+11	3.04111e+10	-1.20486e+10	6.92528e+10	1.17784e+11	3.19507e+09	-6.73387e+10	7.16391e+10
5.3e-10	-7.89685e+09	1.38139e+11	1.26546e+10	-1.03861e+10	5.57466e+10	-9.44487e+10	-1.49548e+10	3.46733e+10	-1.80836e+09	-1.42858e+09	2.20885e+11	-9.36661e+10	4.02069e+09	9.48564e+10	-3.96613e+10
5.35e-10	-8.0429e+09	1.03339e+11	-2.06751e+11	-2.22394e+10	1.36118e+11	6.75065e+10	-8.92793e+09	-5.02978e+10	6.73484e+10	-7.41206e+08	-3.19614e+10	-6.70482e+10	-1.20309e+10	7.87295e+10	3.62217e+08
5.4e-10	-4.67301e+10	2.93713e+11	-1.82945e+11	3.08783e+09	-9.02741e+10	-2.79821e+11	-1.86118e+10	-2.78003e+11	-1.91923e+11	-6.40482e+09	1.72684e+11	-8.32212e+10	-1.24882e+10	-7.57686e+09	-6.15991e+09
5.45e-10	-2.24789e+10	1.20248e+11	1.29883e+11	-6.60352e+09	-2.7352e+11	2.50709e+11	5.41611e+09	-3.60957e+11	2.08326e+11	-4.15031e+09	-1.28974e+10	7.06901e+10	3.00006e+09	-1.4667e+11	-6.8225e+10
5.5e-10	-2.30098e+10	-1.32165e+11	1.9286e+11	7.37464e+09	7.27274e+10	1.7708e+11	-1.54168e+10	1.18747e+11	1.5434e+10	5.8569e+09	-2.85327e+10	3.09215e+10	-9.33616e+09	-2.22944e+11	4.84546e+10
5.55e-10	-8.33173e+09	2.78051e+11	-2.7617e+11	6.38252e+09	1.13382e+11	-4.06149e+10	-1.21815e+10	4.57997e+10	-7.6606e+10	-8.1729e+07	-1.51432e+11	5.57118e+10	3.79976e+08	-2.9943e+10	-1.26668e+11
5.6e-10	6.3919e+08	7.54393e+10	1.42093e+11	-1.88291e+09	-7.5373e+10	9.29939e+10	9.4694e+09	-3.01502e+09	1.87772e+11	-1.05818e+10	2.50222e+11	2.9102e+10	-1.01179e+10	-7.80429e+10	1.29024e+11
5.65e-10	2.53885e+10	2.22365e+11	-1.19718e+11	-6.26246e+09	2.06685e+11	6.99744e+10	-1.89926e+10	1.51366e+11	8.82448e+10	-1.56254e+09	-9.35542e+10	2.38125e+11	1.44191e+09	-1.6013e+11	-2.19805e+11
5.7e-10	-7.16706e+09	-2.02662e+11	2.61931e+10	-1.32639e+10	7.57685e+10	-1.22665e+11	-1.72162e+10	-2.05713e+11	-1.19937e+10	-1.28714e+10	8.09599e+10	9.20651e+10	-3.64764e+10	-1.40263e+11	-1.79734e+11
5.75e-10	4.93161e+09	6.75378e+10	-2.87268e+11	-3.25251e+08	3.59836e+10	5.55191e+10	5.30632e+09	1.73099e+11	1.04776e+11	-1.0575e+10	-1.05103e+11	2.1072e+10	-5.90386e+09	-1.89923e+11	-2.1633e+11
5.8e-10	-1.47302e+09	1.5694e+09	1.20221e+11	-1.0107e+09	6.07159e+10	-7.42667e+10	-9.3342e+09	1.21173e+09	-1.81187e+10	1.27591e+10	1.29445e+11	3.03507e+10	1.39585e+10	-1.36606e+11	3.29937e+11
5.85e-10	-2.6622e+10	1.71968e+11	2.13964e+11	-7.04283e+09	-8.35364e+10	-1.89219e+11	-6.57588e+09	1.97142e+11	3.89566e+10	-6.44214e+09	-1.82947e+11	-3.56782e+10	1.0867e+10	-4.69759e+10	2.29611e+11
5.9e-10	-3.10983e+10	1.83249e+11	-4.02497e+11	-1.01929e+10	1.7466e+10	-7.50978e+10	-5.26287e+09	1.37512e+11	1.59905e+11	8.38597e+08	-1.25864e+10	1.45355e+11	-4.29322e+09	3.9221e+10	2.8961e+10
5.95e-10	-4.15461e+09	-1.35272e+11	1.98435e+11	-7.50398e+09	2.75148e+11	-2.33847e+11	-6.51604e+09	-3.06835e+11	4.20853e+10	5.09852e+09	2.14216e+10	-1.6123e+11	1.33241e+10	5.50908e+10	2.1523e+11
6e-10	-2.70268e+09	-2.15568e+11	-7.56822e+10	-8.13787e+09	3.92567e+10	-1.4665e+10	-7.84393e+09	9.32174e+10	9.22511e+08	-6.06087e+09	-5.59265e+10	-2.73732e+10	-1.24604e+10	1.09698e+11	-1.28644e+11
6.05e-10	-2.38097e+10	5.9294e+10	2.7111e+11	1.96571e+09	1.73316e+11	6.81483e+10	-2.30169e+10	-1.05892e+11	6.15266e+10	-1.7367e+10	-2.55476e+11	-3.88868e+10	6.90289e+09	-2.14823e+10	8.15338e+10
6.1e-10	-9.52996e+09	1.34714e+11	-1.6383e+11	-2.58269e+09	4.07599e+10	3.17769e+10	1.8739e+09	-6.07009e+10	-5.04997e+10	-1.21129e+10	7.22318e+10	-6.01424e+10	-8.14927e+09	2.2256e+10	7.91681e+10
6.15e-10	-4.32977e+09	-4.43058e+10	-3.96084e+10	-1.61278e+10	6.00451e+10	1.20654e+10	-1.44611e+10	4.15554e+10	-1.48165e+11	1.69135e+10	-9.96804e+10	-2.3665e+11	-1.44753e+09	-3.04774e+11	1.92582e+11
6.2e-10	4.14997e+09	1.07931e+11	-1.3925e+11	-4.19386e+09	9.59805e+10	-8.64348e+10	8.09577e+09	-9.88952e+10	8.32173e+09	2.69753e+09	-2.71422e+10	2.89689e+10	-3.22693e+09	1.50888e+10	9.48451e+09
6.25e-10	-1.72821e+10	-9.57189e+09	-2.2285e+11	6.11476e+09	5.05678e+09	3.02033e+10	-8.062e+09	-2.00331e+11	-1.37678e+11	-9.89242e+09	5.21747e+10	1.09699e+11	-3.04206e+09	-3.71122e+10	4.74687e+10
6.3e-10	-2.14701e+10	-2.43136e+11	-1.45522e+11	-1.58726e+10	5.4278e+10	-8.88209e+10	-6.3495e+08	2.19297e+11	1.22422e+11	-2.72468e+10	6.63007e+10	-4.45428e+10	-2.73824e+09	4.62459e+09	-8.34562e+10
6.35e-10	-2.82581e+10	-2.85698e+10	4.3697e+10	-2.58191e+10	2.12578e+11	-8.41895e+10	-9.18217e+09	-1.22117e+11	1.54692e+11	-2.2164e+10	-6.23767e+10	-1.01897e+11	2.8239e+09	-2.30141e+11	-8.92208e+10
6.4e-10	-2.91592e+09	1.7464e+11	1.4297e+11	8.99246e+09	-3.75651e+10	2.65766e+11	5.00131e+08	1.34624e+11	-8.03314e+10	-1.53922e+10	-1.69698e+11	4.47188e+10	5.87397e+09	-1.2283e+11	2.5442e+10
6.45e-10	-8.79798e+09	2.71697e+11	-7.04399e+10	-1.04421e+10	-6.85359e+10	1.15524e+11	-3.1357e+09	6.17205e+10	9.89844e+10	5.449e+09	1.89079e+10	1.2259e+11	7.62903e+09	-3.5009e+10	-3.4605e+11
6.5e-10	-2.08911e+09	8.01148e+10	-9.10267e+10	3.76425e+09	-8.59706e+10	-1.4847e+11	-7.43992e+09	-1.27303e+11	1.52956e+11	1.34585e+10	-4.55165e+10	3.84615e+10	-2.35606e+10	1.37729e+11	-1.44316e+11
6.55e-10	5.78899e+09	-3.83521e+10	-9.06836e+10	2.08721e+09	-5.29153e+09	-1.4848e+11	9.44462e+09	-1.10762e+11	1.17775e+11	-5.11061e+09	-8.18997e+09	-5.01969e+10	-8.30176e+09	-7.59292e+10	4.14658e+10
6.6e-10	-1.48621e+10	2.21148e+11	2.33739e+11	-3.78664e+10	-3.1406e+11	3.70295e+09	1.13988e+10	1.45801e+11	6.1214e+09	4.30519e+09	-1.24304e+11	2.82745e+11	2.18927e+09	6.27379e+10	1.05211e+11
6.65e-10	-1.0732e+09	2.98e+10	-1.40059e+11	-8.84382e+09	-2.19229e+11	-2.93481e+11	-4.48608e+09	8.98384e+10	-5.68776e+10	-6.81071e+09	8.948e+10	9.14394e+10	-1.91116e+10	2.51947e+10	5.69261e+10
6.7e-10	-2.01963e+10	7.57467e+10	-2.15691e+11	-9.05819e+09	-2.61728e+11	2.89203e+11	5.85977e+09	2.28966e+11	1.44186e+10	1.49072e+10	-8.5169e+10	-3.30277e+11	2.13192e+10	1.38272e+10	-2.12346e+11
6.75e-10	-1.77675e+10	2.81812e+11	7.22486e+10	-6.35916e+09	-6.8221e+10	2.1189e+11	3.64839e+09	-1.51951e+11	1.57093e+11	-1.06969e+10	-1.05784e+11	-9.98488e+10	-8.6246e+09	2.40325e+11	-4.22923e+10
6.8e-10	1.31908e+10	9.2359e+10	2.1567e+11	6.64061e+08	1.35779e+11	-2.41545e+10	-1.65417e+09	1.46434e+09	-2.10296e+11	-1.10243e+10	2.94465e+09	-2.57737e+11	-2.63814e+10	-1.61181e+11	-1.66697e+11
6.85e-10	-3.3954e+08	-8.29322e+10	1.19481e+11	-7.625e+09	-2.95441e+11	-8.17656e+10	-7.60448e+09	-7.30616e+10	-1.24755e+11	1.02749e+09	7.46897e+10	-5.03493e+10	1.28533e+10	-1.09966e+11	1.00845e+11
6.9e-10	-1.66309e+09	-1.18261e+11	-7.37154e+09	-2.31101e+10	3.02425e+11	2.06657e+11	5.29983e+09	3.71141e+09	-9.10699e+10	-1.7359e+10	-6.24082e+10	-4.34338e+10	9.02264e+08	-1.10213e+11	-2.43745e+11
6.95e-10	-1.59799e+10	3.25521e+10	1.83347e+11	-1.19459e+10	2.00262e+11	4.35698e+10	-1.254e+10	3.80952e+11	-1.32357e+11	5.10065e+09	-1.78421e+11	1.84531e+11	6.43139e+09	-1.40479e+11	1.0588e+11
7e-10	5.81601e+09	4.03394e+10	1.10095e+11	1.85752e+08	-4.01154e+10	4.84724e+09	-4.96301e+09	1.37083e+11	-9.17172e+10	-2.9436e+10	-1.94649e+10	-1.8566e+11	-2.0216e+09	3.32164e+10	1.26249e+11
7.05e-10	1.09322e+10	1.01292e+10	-1.59305e+11	3.5087e+09	-7.49195e+10	2.1129e+11	-2.68833e+10	-4.49122e+10	-2.29364e+11	-8.92211e+09	9.35118e+10	-1.13046e+11	5.04926e+09	-6.4794e+10	-2.49569e+11
7.1e-10	1.04981e+08	-5.6546e+09	9.21753e+10	-1.94094e+10	5.02356e+10	1.6023e+11	-4.06915e+09	-1.09913e+11	-1.36515e+11	-9.69086e+09	6.06955e+10	5.23572e+10	-1.87348e+10	-1.29642e+11	-2.13754e+11
7.15e-10	-4.64142e+08	3.2367e+10	2.77612e+10	-1.41459e+10	1.25914e+11	1.89768e+10	-1.57871e+10	-8.25635e+10	1.1043e+11	-1.10093e+10	1.45272e+11	1.06645e+10	2.17303e+08	-2.21666e+11	-1.19743e+11
7.2e-10	-7.2669e+09	-7.59538e+10	-2.10015e+11	-2.6123e+09	-6.37854e+10	-1.53761e+11	-3.03159e+10	-2.14992e+11	2.4296e+11	1.81382e+09	2.41617e+11	9.76365e+10	2.58466e+08	-3.67638e+10	3.54416e+10
7.25e-10	1.27646e+09	-3.95061e+10	2.31673e+10	3.52921e+09	1.35604e+11	-1.49079e+10	-1.25575e+10	3.29551e+10	1.49311e+11	-6.762e+09	7.9295e+10	1.53725e+11	9.80085e+09	3.35419e+11	1.09738e+11
7.3e-10	-2.6948e+07	1.63125e+11	4.48958e+10	4.94212e+09	-1.43704e+09	3.94297e+10	-1.28979e+10	1.34718e+11	4.37348e+10	-2.51067e+09	-4.62679e+10	-1.2017e+10	1.58855e+09	6.52166e+09	2.78445e+09
7.35e-10	-3.77107e+09	1.80559e+09	-2.3172e+11	1.44536e+09	1.21955e+10	1.90933e+11	2.13985e+10	2.81455e+11	-4.20039e+10	8.09174e+09	-9.68799e+10	2.44095e+11	2.96072e+10	-8.95113e+10	-4.65741e+11
7.4e-10	-3.56116e+09	-2.07468e+11	-4.26533e+10	-1.94059e+10	1.9047e+10	-2.02494e+11	-2.00281e+09	-3.09956e+09	1.21105e+11	-4.96229e+09	-5.23551e+10	-9.58607e+10	-1.66958e+10	-3.3542e+10	2.40327e+11
7.45e-10	1.69889e+09	-1.87567e+11	-1.3501e+10	1.43841e+09	7.81941e+10	4.97067e+09	2.2782e+09	-6.65415e+10	1.6014e+11	-9.0666e+09	1.27039e+11	-7.18143e+10	1.97719e+09	-1.255e+11	2.00112e+11
7.5e-10	6.46961e+09	-1.89565e+11	1.35504e+11	-9.43123e+09	1.50788e+11	6.66606e+10	-5.30085e+08	1.3962e+11	-1.4843e+11	-4.18854e+09	-2.06022e+11	9.06295e+09	1.14734e+10	-2.47507e+11	1.00055e+11
7.55e-10	-1.74612e+10	1.13288e+11	4.53667e+10	-4.64994e+10	4.14064e+11	-8.76671e+10	-1.32204e+10	5.18062e+10	-2.64226e+10	1.55076e+10	-2.61951e+11	2.40693e+11	-3.6597e+09	7.44196e+10	1.045e+11
7.6e-10	-1.23513e+09	8.43748e+10	-8.23119e+09	-1.75224e+10	1.91996e+11	1.81727e+11	9.17339e+08	7.15464e+10	1.55894e+10	-2.36403e+10	6.97796e+10	-1.75909e+11	-1.3633e+10	9.41781e+09	1.32277e+11
7.65e-10	-2.2727e+08	1.72239e+11	1.33902e+11	9.56236e+09	1.34284e+11	-1.87807e+11	1.13587e+10	1.21004e+11	-1.05942e+11	-2.83995e+10	-6.80955e+10	-9.8804e+10	-1.40409e+10	-1.55675e+11	-8.75781e+10
7.7e-10	6.14472e+09	-1.63368e+11	1.88902e+11	-5.84987e+09	-3.91279e+10	-6.74039e+10	1.23043e+10	-1.14422e+11	1.58138e+10	-2.09688e+10	1.03871e+11	-1.52539e+11	-1.61842e+10	6.61473e+10	-5.31942e+10
7.75e-10	1.22049e+09	-2.20536e+11	5.66389e+10	6.05218e+09	2.2434e+11	-2.49537e+11	-8.79178e+09	-8.73461e+10	1.01683e+11	5.47764e+09	8.07645e+09	8.82772e+10	-1.17096e+10	-2.56682e+11	1.74248e+11
7.8e-10	-2.6039e+10	-1.79685e+11	2.58417e+10	-4.18186e+08	-9.47814e+10	1.20522e+10	-5.01248e+09	6.54707e+10	-1.01832e+11	-2.19816e+10	-1.22894e+11	-3.16919e+11	-8.61371e+09	8.30572e+10	-1.52801e+11
7.85e-10	-1.22371e+10	-5.47155e+09	-1.36788e+10	-8.35196e+08	-7.77154e+10	-1.79372e+11	-6.39041e+09	1.04736e+11	-1.65457e+11	-6.72352e+09	-1.16327e+11	-6.88224e+10	1.34808e+09	-2.18221e+11	-1.55171e+10
7.9e-10	-6.49593e+09	-2.09064e+11	-2.16213e+10	-8.15996e+09	4.62884e+10	3.97096e+09	-7.04606e+09	2.52714e+10	-2.85592e+10	-9.08987e+09	1.85281e+11	-1.03847e+11	6.58711e+09	-1.01497e+11	-2.39383e+10
7.95e-10	1.67539e+10	1.41921e+11	2.48061e+11	-1.3217e+10	2.46024e+11	6.00897e+10	-6.38009e+09	1.16119e+11	6.40449e+10	-2.15414e+10	1.08392e+10	-2.40482e+11	-8.56257e+09	-5.64227e+10	6.72835e+10
8e-10	-1.16939e+10	4.1271e+11	8.61732e+09	4.98751e+09	4.93894e+10	1.43622e+11	-5.66464e+09	-2.67923e+11	-1.89803e+11	-4.5311e+09	-2.42654e+11	2.55323e+11	-1.26598e+10	-8.62369e+10	1.95089e+11
8.05e-10	-2.80109e+09	2.86565e+10	9.68868e+10	1.04101e+09	7.07114e+10	6.35356e+09	-9.22012e+09	-1.73049e+11	-9.72834e+10	7.79039e+08	-5.02123e+10	2.11537e+10	-2.09123e+10	-1.91657e+11	-1.17877e+11
8.1e-10	-1.03285e+10	-1.06212e+11	2.68992e+11	-1.98219e+10	-4.80652e+09	-2.16124e+11	-2.41626e+10	1.60642e+11	-9.73689e+10	-8.7214e+09	1.22224e+11	-1.8126e+11	2.21441e+09	-1.5578e+11	-1.76782e+11
8.15e-10	3.22515e+09	-1.09289e+11	-2.25887e+11	1.43572e+10	1.74841e+11	1.91136e+11	-2.14496e+10	2.12978e+11	8.31005e+10	1.83955e+10	-4.43159e+10	-4.92993e+11	-1.07139e+10	-1.55147e+11	1.22828e+11
8.2e-10	-1.86667e+10	-1.48757e+11	1.03854e+10	2.11611e+09	-1.51906e+11	1.60124e+11	3.89832e+09	-5.27353e+10	-9.88974e+10	-2.91279e+09	-1.21542e+11	2.08357e+10	-7.53989e+09	-1.41922e+11	2.46658e+10
8.25e-10	-4.58925e+09	1.71464e+11	2.09072e+11	-1.44798e+10	-1.68319e+11	-2.36268e+10	-1.0096e+10	-1.13745e+11	1.51932e+11	-4.06463e+09	3.55957e+10	5.79635e+10	-9.66517e+09	9.0778e+10	-2.69851e+11
8.3e-10	-1.75782e+09	6.76517e+10	5.18179e+10	-1.25496e+10	-2.71979e+10	4.84317e+09	-2.59123e+10	-6.82034e+10	-7.06716e+10	3.88672e+09	1.37668e+09	3.90752e+10	-1.95096e+10	2.02634e+11	9.68668e+10
8.35e-10	8.07259e+09	3.374e+10	-1.57629e+11	-1.31014e+09	1.41511e+11	8.70134e+10	7.15687e+09	1.66362e+11	1.81712e+11	-3.56743e+08	-2.25189e+11	-1.41597e+11	-1.43368e+10	1.84688e+11	3.96817e+10
8.4e-10	-3.09705e+08	-2.15455e+11	7.57669e+10	-6.37812e+09	1.35246e+09	-1.33077e+10	-9.32496e+09	7.62722e+10	-6.50307e+10	1.38451e+10	4.73443e+10	-1.26464e+11	9.65773e+09	2.87985e+11	1.41683e+11
8.45e-10	-1.34627e+10	-7.59085e+10	8.24512e+10	1.45381e+10	-1.09599e+11	-1.33783e+11	2.67706e+08	-5.36294e+10	7.99921e+10	3.7346e+09	1.29888e+11	-4.14743e+10	1.37991e+09	-2.95325e+11	-2.29582e+11
8.5e-10	-1.52923e+10	8.95949e+10	-2.54369e+10	-1.16129e+10	-9.21469e+08	8.77661e+10	-1.71035e+10	-4.01861e+11	-5.37101e+10	-1.00639e+10	1.4681e+11	8.87499e+10	-2.29298e+10	-1.70643e+11	6.3663e+10
8.55e-10	5.08493e+09	-2.86488e+11	-3.8482e+10	-2.80407e+09	5.63662e+10	1.07958e+10	-5.61164e+09	-1.02298e+11	1.6855e+11	-9.07631e+09	1.19676e+11	-2.40062e+11	5.71403e+08	1.50918e+10	1.2018e+10
8.6e-10	3.43376e+09	1.31415e+11	-1.39453e+11	-2.28789e+10	2.08392e+11	-2.87346e+11	-6.34378e+09	1.42971e+11	2.64119e+09	5.9645e+09	-3.6741e+10	-3.52063e+10	-2.25529e+10	-1.67689e+11	-2.12064e+11
8.65e-10	1.1302e+09	2.77186e+11	1.44356e+11	-1.20884e+10	-6.87542e+10	-1.48319e+11	-2.65736e+09	-3.43541e+10	-9.75991e+10	-2.39532e+10	2.6571e+10	-2.05279e+11	2.27339e+09	-1.35943e+11	-1.37266e+11
8.7e-10	1.85695e+10	1.45685e+11	-1.76216e+11	-1.27802e+10	-1.95628e+11	-3.1749e+10	-1.52617e+10	2.20135e+11	-6.2465e+10	5.21878e+09	-4.84039e+09	9.48433e+10	-3.82665e+10	-3.45179e+11	1.13418e+11
8.75e-10	-1.384e+10	1.71751e+11	5.54816e+10	-1.13589e+10	-1.22252e+11	5.52428e+09	-1.26904e+10	-1.06388e+10	-2.11891e+11	-6.41646e+09	-1.96331e+11	4.97961e+10	-5.08218e+09	5.47173e+10	2.88445e+11
8.8e-10	-1.00449e+09	-8.13525e+10	-6.98519e+10	1.43576e+10	-6.36666e+10	-6.03285e+10	-6.92873e+09	7.02272e+10	-2.67666e+10	-2.52327e+10	1.32489e+11	1.86037e+11	3.65466e+09	-1.47089e+11	-9.31337e+10
8.85e-10	-1.69574e+10	-5.10001e+10	2.28187e+11	-3.11974e+09	-4.81311e+09	1.09549e+11	-4.78499e+09	5.39229e+10	-1.93752e+11	5.7527e+09	-2.05961e+11	2.46743e+11	-1.90324e+10	2.13576e+11	4.91876e+10
8.9e-10	-6.64726e+09	-6.32301e+10	-7.7362e+10	1.13523e+10	1.34125e+11	-4.75494e+10	-2.16703e+09	2.17451e+11	3.4999e+11	3.45798e+09	2.13445e+11	5.27242e+10	1.12e+10	-8.15493e+10	2.92419e+11
8.95e-10	-4.41402e+09	3.52615e+11	1.53495e+11	-1.58382e+10	2.09306e+11	-8.5623e+09	4.16527e+09	-2.47513e+10	1.52029e+11	-2.05887e+10	-6.96714e+10	1.24446e+10	-1.20466e+10	1.05257e+10	-5.22362e+10
9e-10	-1.57789e+08	-1.90776e+11	-1.9098e+11	-7.39881e+09	1.42639e+11	-4.00675e+10	9.11176e+09	-1.85642e+11	-1.21233e+11	-2.15618e+10	-2.17628e+11	-1.39914e+11	-2.09498e+10	6.68375e+10	-7.48673e+10
9.05e-10	-8.36471e+09	5.57892e+10	-6.50972e+10	6.55947e+09	-3.91963e+10	-2.96616e+11	-6.00797e+09	-5.35774e+10	2.68655e+08	-1.05504e+10	1.14809e+11	-8.99632e+10	-9.53478e+09	-1.02167e+11	-8.88212e+10
9.1e-10	8.56046e+09	2.76056e+11	1.27494e+11	-1.10862e+10	-3.28356e+11	-2.13138e+10	3.82884e+09	-1.78428e+11	6.54438e+10	-2.13348e+10	2.85277e+10	1.86371e+11	-8.87578e+09	-2.18076e+11	-9.04101e+10
9.15e-10	5.69301e+09	1.38805e+11	2.46313e+11	-3.53976e+09	-2.52399e+11	3.01836e+10	-1.1438e+10	-1.94958e+10	9.87318e+09	-1.18754e+10	-1.4593e+11	1.89394e+11	-4.55298e+10	-2.53446e+11	1.7285e+11
9.2e-10	4.20851e+09	-2.37284e+11	4.88442e+10	-1.57532e+10	1.05255e+11	-1.49647e+11	-1.50498e+10	-1.08665e+11	-5.60492e+10	-5.30817e+09	-7.35934e+10	-9.93582e+10	1.29086e+10	5.34209e+10	-1.93273e+11
9.25e-10	-2.57741e+08	-4.32795e+10	1.53042e+10	-7.69498e+09	3.49281e+11	-6.4876e+10	-1.05011e+10	-1.7446e+10	6.88679e+10	-1.97135e+10	-5.43813e+09	-2.40538e+11	-1.50603e+10	-9.01218e+10	-7.62875e+10
9.3e-10	9.47732e+08	-1.36069e+11	1.49135e+11	-9.54538e+09	-1.97614e+11	-1.55268e+11	-1.61749e+10	7.7894e+10	-6.81473e+10	-1.58929e+09	1.80531e+10	1.47577e+10	9.95758e+09	-1.33707e+11	-1.27176e+11
9.35e-10	-1.15671e+10	-1.14863e+11	1.86635e+11	-1.14959e+10	-6.37465e+10	6.2608e+10	-1.04227e+10	-8.61263e+10	4.66332e+10	8.00015e+08	7.6081e+10	6.45624e+10	1.82282e+10	-7.79887e+10	2.17981e+11
9.4e-10	-6.04035e+09	6.66565e+10	1.44715e+11	-3.29238e+10	-1.8465e+11	2.53896e+11	-8.95901e+09	1.25701e+11	-3.92731e+09	-6.83543e+09	5.61598e+10	-3.16431e+11	3.82326e+09	-4.33295e+10	1.88899e+10
9.45e-10	-1.85346e+10	-2.73691e+11	8.12725e+10	1.92456e+10	1.09792e+11	1.99908e+11	-2.20674e+10	-6.82256e+08	2.10225e+11	-4.40356e+09	8.42582e+10	-1.31586e+10	-5.74017e+09	-9.39059e+09	1.49528e+10
9.5e-10	6.68299e+09	-6.64755e+10	1.90459e+11	-5.00609e+09	-5.16167e+09	6.53878e+10	-1.27406e+10	3.43936e+10	6.01226e+10	-1.28205e+10	3.61854e+11	-8.06006e+10	-7.30781e+09	1.57554e+11	4.25984e+10
9.55e-10	-1.05062e+10	-5.62359e+10	-1.69225e+11	-3.88786e+09	2.09433e+11	3.23933e+09	1.48428e+10	4.66891e+10	-1.13122e+11	-8.46825e+09	2.91854e+11	-2.37725e+11	2.67179e+08	-3.19566e+10	5.61237e+08
9.6e-10	-1.27661e+10	-2.85838e+11	1.30285e+11	-7.96677e+09	-4.78549e+10	1.14021e+11	7.7742e+09	-9.04116e+10	-1.76317e+11	-2.64904e+10	-2.23232e+11	-2.78651e+11	-4.35987e+09	2.72103e+11	1.06179e+11
9.65e-10	1.19396e+10	7.14051e+10	1.92442e+11	-1.83544e+10	1.1066e+10	-1.40727e+11	-1.48497e+09	1.63967e+11	2.58654e+10	5.3992e+09	2.44692e+09	-7.25302e+10	-2.7167e+09	-1.34581e+10	2.01072e+11
9.7e-10	-6.56931e+09	9.8091e+10	-1.90686e+10	-2.02744e+10	-3.20101e+11	-1.15744e+11	3.47596e+09	2.80176e+11	5.82186e+10	-3.13634e+08	-1.37144e+10	-3.92624e+10	-1.67708e+10	2.04245e+11	-1.29313e+11
9.75e-10	6.25703e+09	-1.6921e+11	3.68439e+11	-9.27606e+09	1.11555e+11	-1.67475e+11	8.00354e+09	-8.49565e+10	-2.02825e+10	-1.93106e+10	2.55308e+10	-1.95969e+11	-2.49553e+08	-6.55066e+10	9.75041e+10
9.8e-10	-1.53624e+09	6.68578e+10	-6.90292e+10	-1.73089e+10	7.42532e+10	2.20413e+11	-1.41049e+09	1.75822e+11	-9.43875e+10	-2.77984e+10	-1.25403e+11	1.18578e+11	-1.35174e+10	1.36381e+11	9.7864e+10
9.85e-10	-6.1836e+09	1.0924e+11	1.87759e+11	-1.10386e+10	4.27674e+10	-2.1396e+11	2.22478e+09	5.19471e+10	-1.18283e+11	-1.66276e+10	1.04689e+11	8.32351e+10	-9.84975e+09	-6.03778e+10	-8.89426e+10
9.9e-10	4.80931e+09	1.41713e+11	2.25335e+11	2.11588e+10	2.86952e+11	-1.28772e+10	-1.85987e+10	5.15458e+10	4.53756e+10	-1.05416e+10	1.40017e+11	-2.60366e+11	-3.2063e+09	-3.27101e+10	1.30093e+11
9.95e-10	2.96364e+09	3.18021e+11	4.53962e+10	1.56349e+10	2.96352e+10	-4.77347e+09	-1.5434e+10	2.78269e+11	3.42898e+10	8.76957e+09	4.02181e+09	-8.28021e+10	-1.27856e+10	-1.41243e+11	-9.56266e+10
1e-09	-1.28111e+10	-1.61937e+11	3.52251e+11	-7.55239e+09	1.74299e+10	3.79139e+10	5.84326e+08	-2.15819e+11	-2.16671e+10	-1.26548e+10	3.28953e+10	-4.69127e+10	-1.55265e+09	-4.18601e+10	-1.56246e+11
