Sun Oct 20 13:23:51 2024

<base> : Rectangle : 0m, 0m, 0m; 2um, 50nm, 5nm. Cells : 400, 10, 1. Cellsize : 5nm, 5nm, 5nm
<supermesh> : Rectangle : 0m, 0m, 0m; 2um, 50nm, 5nm. Cells : 400, 10, 1. Cellsize : 5nm, 5nm, 5nm

Saved data (dataname (unit) <meshname> (cells_rectangle)) : 

time (s)	<mxdmdt2> (1/s) <base> (300nm, 0m, 0m; 310nm, 50nm, 5nm)			<mxdmdt2> (1/s) <base> (700nm, 0m, 0m; 710nm, 50nm, 5nm)			<mxdmdt2> (1/s) <base> (1um, 0m, 0m; 1.01um, 50nm, 5nm)			<mxdmdt2> (1/s) <base> (1.3um, 0m, 0m; 1.31um, 50nm, 5nm)			<mxdmdt2> (1/s) <base> (1.7um, 0m, 0m; 1.71um, 50nm, 5nm)			

0	-141820	182724	-426354	11896.9	1.73871e+06	-32230.9	-28852.9	-547721	580439	207720	-3.06537e+06	-301316	42586.6	-1.19425e+06	-2.77363e+06
5e-12	1.46842e+10	-1.32679e+11	1.21144e+11	2.39668e+09	3.01723e+09	-5.87907e+10	2.52968e+10	3.52844e+10	8.27308e+10	-3.49466e+10	5.04917e+11	6.92476e+08	1.38417e+10	-1.72077e+11	1.53017e+10
1e-11	1.22187e+10	1.7903e+11	3.39349e+11	-1.48043e+10	-1.49981e+11	-1.0749e+10	8.40963e+09	-2.27103e+10	3.76278e+10	2.12952e+10	-8.64613e+10	1.3875e+11	1.51864e+10	-9.24953e+10	8.5043e+10
1.5e-11	3.63846e+10	2.77085e+10	4.28238e+11	3.25992e+09	-1.89437e+11	-1.84351e+11	-1.04276e+10	-2.4214e+11	2.92131e+10	-8.1646e+09	2.77835e+11	-2.16267e+11	1.74101e+10	-5.73064e+10	3.77251e+11
2e-11	-2.01269e+10	4.47947e+10	5.11614e+10	1.44289e+10	-1.47214e+11	-2.62274e+10	-3.70199e+09	3.69773e+10	-2.09811e+11	-1.12666e+10	-2.04292e+11	6.19064e+10	2.04667e+10	4.78498e+10	-6.85864e+10
2.5e-11	-5.214e+09	2.03444e+11	6.99544e+09	-3.78967e+09	3.06867e+10	-4.79695e+10	-3.05717e+09	-1.80476e+11	-9.98638e+09	2.62841e+09	8.5896e+10	1.15637e+11	1.52688e+10	5.47398e+10	1.54139e+10
3e-11	-8.08388e+09	6.21849e+10	1.71454e+11	7.58102e+08	5.40327e+10	-7.16437e+10	4.99449e+09	1.57794e+11	-5.00815e+10	-6.95851e+09	3.71438e+10	6.92656e+10	1.68272e+10	-1.26954e+10	1.69545e+11
3.5e-11	1.48032e+10	-1.81788e+10	-2.34352e+11	2.1469e+10	-2.44982e+11	9.93232e+10	1.25212e+10	-2.82839e+11	-2.39364e+11	9.35732e+09	-1.04583e+11	-2.64456e+11	2.48179e+08	1.53903e+10	-3.25578e+11
4e-11	2.56631e+10	2.51756e+11	-7.22797e+10	1.0562e+10	5.34714e+10	3.94403e+09	1.91672e+09	-2.03545e+10	5.1532e+09	-3.11568e+09	-1.12966e+11	2.04874e+11	-7.43288e+09	6.73475e+10	-2.44135e+11
4.5e-11	1.04583e+10	7.09957e+10	-8.2393e+10	-4.33861e+09	-2.45893e+11	1.32698e+11	1.00992e+10	-1.07086e+11	-4.38094e+10	-9.77127e+09	6.07118e+10	9.10499e+10	6.14885e+09	1.33424e+10	7.3678e+10
5e-11	1.46091e+10	1.01386e+11	-1.98981e+11	-7.7468e+09	-2.10353e+11	-2.99952e+11	-5.93731e+09	-1.48378e+11	1.16108e+11	1.36741e+10	9.7221e+09	-3.25204e+11	5.89674e+09	2.32626e+11	4.17196e+10
5.5e-11	8.67554e+09	-6.35204e+10	-1.03138e+11	-9.44961e+09	2.51593e+11	-1.03207e+11	1.81307e+09	-2.89641e+10	3.76786e+10	9.47976e+09	-3.17047e+10	-1.25466e+10	3.57106e+09	-1.44796e+11	-4.93195e+10
6e-11	8.40421e+09	1.49987e+11	-8.21675e+10	1.77493e+09	1.47921e+11	2.82188e+10	-8.58008e+09	-1.78897e+11	-5.2068e+10	1.71863e+10	5.49265e+10	-1.38267e+11	2.22842e+09	-1.3616e+11	5.05513e+10
6.5e-11	2.19878e+10	-5.45319e+10	5.43572e+10	3.1717e+10	7.51549e+10	-2.52654e+11	2.24117e+10	-1.72212e+11	6.09727e+09	1.27889e+10	2.84319e+10	3.28753e+10	4.51404e+09	4.46125e+10	5.21491e+09
7e-11	1.07252e+10	2.72522e+10	4.69796e+10	5.24506e+09	-1.85959e+11	3.34899e+10	7.48861e+09	-3.4438e+11	-1.71828e+11	8.6422e+08	1.18863e+11	-2.79812e+10	1.07515e+10	7.0485e+10	3.31824e+10
7.5e-11	-5.21429e+09	5.25354e+10	8.82443e+09	7.19754e+10	1.71553e+11	-4.95032e+11	1.38073e+10	-3.47459e+11	1.38638e+11	3.98628e+09	7.6839e+10	9.45757e+09	4.22496e+09	-3.68263e+08	9.56048e+10
8e-11	8.112e+09	-1.66213e+11	-2.03526e+11	-7.02207e+08	-1.6839e+11	6.62101e+10	8.70278e+09	-1.62045e+11	3.56581e+10	7.14731e+09	1.11743e+11	-8.88187e+10	-7.39227e+09	-9.23819e+10	-8.30636e+10
8.5e-11	4.29084e+09	1.0643e+11	-4.45086e+10	-1.48523e+09	6.42729e+10	5.09228e+10	8.81383e+09	-3.22324e+10	1.85207e+11	-6.49094e+09	-1.2935e+10	-2.89716e+10	1.16252e+10	-6.34029e+10	1.41273e+11
9e-11	1.05845e+10	2.66538e+09	-2.10906e+10	6.84223e+09	1.53757e+11	9.09669e+10	-1.10565e+10	5.2194e+10	1.41469e+11	6.42648e+09	1.80952e+11	-5.43411e+10	-4.13632e+09	1.37107e+11	1.38498e+11
9.5e-11	-7.76092e+09	6.43853e+10	-5.87997e+10	3.44829e+09	1.23288e+11	5.37365e+10	9.72626e+09	3.06711e+10	-1.85427e+11	5.96442e+09	1.29597e+11	-5.22772e+10	1.199e+10	2.38748e+11	-2.3792e+11
1e-10	3.61756e+09	-2.59898e+11	1.73373e+11	2.00907e+10	1.70476e+11	-4.45909e+10	9.05045e+09	-7.47063e+10	2.17601e+11	-1.07337e+10	-2.65906e+10	-2.35425e+11	-6.53912e+09	-6.19465e+10	-1.27618e+11
1.05e-10	4.41403e+09	1.54595e+11	-3.24749e+09	-4.97266e+09	-3.58985e+10	-9.25076e+10	4.93755e+09	-6.66298e+10	-1.93272e+11	-1.7522e+08	-2.3453e+11	-1.08708e+11	7.83366e+09	6.86532e+10	1.96264e+11
1.1e-10	2.1797e+10	2.50791e+11	-2.13295e+11	2.55846e+10	9.34743e+09	-2.35978e+11	-1.15826e+09	-4.24572e+10	1.66526e+11	4.96476e+09	-4.65525e+10	3.18935e+10	9.78183e+09	-6.3879e+10	3.51715e+10
1.15e-10	9.19986e+09	-1.063e+11	-6.67881e+10	1.38828e+10	4.51115e+10	-5.70052e+10	1.60798e+10	-1.21006e+11	6.27379e+10	6.47607e+09	4.48681e+10	-4.70142e+10	6.55139e+08	8.53753e+10	-1.89453e+11
1.2e-10	4.79246e+10	1.07448e+11	-4.01694e+11	-2.54949e+09	2.69482e+11	-1.97912e+11	2.0034e+10	-1.75216e+11	2.68711e+11	-1.53725e+08	-9.35174e+10	7.51632e+10	8.04034e+09	-1.01301e+11	2.82362e+10
1.25e-10	2.49118e+08	-1.17135e+11	1.9761e+11	1.2986e+10	-1.27533e+11	1.65148e+11	1.27346e+10	5.82078e+10	9.82041e+10	-2.55213e+10	3.92951e+10	3.49286e+11	2.72865e+10	9.88402e+10	-1.82226e+11
1.3e-10	4.35037e+10	-2.67541e+11	-1.04101e+10	2.67795e+10	-3.61755e+10	2.00054e+11	-1.49531e+10	-9.04099e+09	2.30694e+11	9.13757e+09	-5.52897e+10	-5.37334e+10	-1.39867e+09	2.76783e+10	4.2236e+08
1.35e-10	3.84428e+10	-1.15904e+11	-8.10383e+10	-2.54823e+09	1.91428e+11	1.9701e+10	5.56638e+09	3.21062e+10	-6.30954e+10	1.80126e+10	2.01082e+11	3.82134e+10	1.76121e+10	1.46439e+11	6.09683e+10
1.4e-10	9.61739e+09	-1.36111e+11	1.76872e+10	2.24481e+10	2.13287e+11	1.63343e+11	-1.09987e+10	1.84593e+11	3.49321e+10	3.58003e+10	-8.43244e+10	2.7894e+11	-1.91628e+10	-1.39084e+11	-8.34138e+10
1.45e-10	3.84748e+10	-2.38142e+11	2.39167e+11	2.74968e+10	2.27061e+11	1.75114e+11	3.11194e+10	-3.10234e+11	-1.73428e+10	2.26712e+10	1.72396e+11	1.82553e+11	-1.69103e+09	-2.87881e+11	-7.54495e+10
1.5e-10	4.32313e+10	4.27156e+10	2.35598e+11	1.45386e+10	9.36729e+10	-8.88762e+10	1.66942e+10	-1.93253e+11	-8.88904e+10	5.54768e+08	-1.55491e+11	-3.89505e+10	8.13144e+09	-1.18066e+11	4.18471e+10
1.55e-10	-1.25663e+10	-2.24252e+11	1.74642e+10	2.94366e+10	-4.26982e+10	-2.13475e+11	1.00473e+10	-6.51905e+10	2.3998e+11	8.73417e+08	2.09619e+11	-1.16946e+11	1.00605e+10	-2.8905e+11	-3.25869e+10
1.6e-10	3.36909e+10	2.39853e+11	3.83165e+10	1.30843e+10	7.34937e+10	-2.02859e+11	-1.33199e+10	-1.86391e+11	-1.62296e+11	1.31177e+10	6.5345e+10	-1.87441e+11	3.59559e+07	3.32415e+10	8.19897e+10
1.65e-10	-9.14224e+09	-4.26105e+10	2.75633e+11	1.69495e+10	-2.38854e+11	2.09482e+11	4.95573e+10	3.99071e+11	1.73756e+11	3.6667e+08	4.63894e+10	2.49128e+10	2.70173e+09	9.37566e+10	-1.67617e+11
1.7e-10	1.99842e+10	1.88058e+11	2.58308e+10	5.03923e+10	-3.765e+11	1.09938e+11	3.00273e+10	5.02917e+10	-5.79758e+10	-1.05725e+10	-3.53238e+10	2.30317e+11	5.698e+09	6.16267e+10	-1.13124e+11
1.75e-10	1.46633e+10	-1.09304e+11	-1.90355e+10	3.61007e+10	-2.25351e+11	1.12133e+11	-1.2762e+10	-1.41075e+11	-6.16708e+10	6.77054e+09	1.48799e+11	-4.36295e+10	2.17231e+10	7.84597e+10	-1.12801e+11
1.8e-10	1.00612e+10	-1.13896e+11	5.87933e+10	1.03015e+10	-2.45629e+11	-1.31917e+10	4.08168e+09	-4.30965e+10	-2.69207e+11	-2.27399e+09	-2.24772e+11	-3.31949e+10	-5.97028e+09	-1.19281e+11	8.5714e+10
1.85e-10	4.5373e+10	-2.5619e+11	-5.36031e+09	2.42459e+10	1.96721e+10	1.72388e+11	3.67147e+09	2.10489e+11	5.16923e+10	-6.18369e+10	6.77085e+10	-4.10443e+11	1.31674e+10	6.586e+10	4.81973e+10
1.9e-10	7.71667e+10	-4.54511e+11	-1.6178e+11	4.47529e+09	6.2848e+10	2.78086e+11	4.60545e+09	5.48075e+10	-9.39383e+10	3.90582e+09	6.39059e+10	-6.9954e+10	8.88649e+09	-1.28208e+11	4.14036e+10
1.95e-10	5.17478e+10	-2.19688e+11	1.64253e+11	-5.62746e+09	-1.06117e+11	2.06112e+11	8.82339e+09	-8.83807e+10	-1.03478e+11	-9.78321e+08	2.12078e+11	2.8511e+11	-7.17847e+09	1.45775e+11	1.32239e+11
2e-10	4.66976e+10	-4.02248e+10	1.90865e+11	-6.06468e+09	-2.73842e+10	-5.0554e+10	2.11324e+10	-5.96074e+10	6.7074e+10	2.24238e+09	1.29989e+11	-1.57011e+11	-3.92934e+09	2.42338e+10	1.94863e+11
2.05e-10	1.70121e+10	1.60505e+11	1.16008e+11	7.13557e+10	2.64936e+11	-4.51707e+11	4.11091e+09	2.09541e+10	9.17189e+09	-3.29482e+09	1.81471e+11	-3.71307e+10	5.27348e+09	8.92368e+10	-3.74808e+10
2.1e-10	1.54392e+10	2.33967e+11	-2.98586e+11	3.98298e+10	7.67244e+10	-2.96628e+11	-1.05203e+09	2.02077e+11	2.34495e+11	2.10524e+10	2.94542e+11	5.34777e+10	1.93061e+10	-5.06134e+09	-7.16151e+10
2.15e-10	1.80549e+10	4.71846e+10	-1.03928e+11	3.41535e+09	3.47904e+10	-3.83337e+09	2.03829e+10	6.06058e+09	1.18742e+11	6.35426e+09	2.41909e+11	-4.01373e+10	2.29783e+10	1.77419e+11	2.08522e+11
2.2e-10	8.29785e+08	3.9533e+10	-2.58238e+10	-3.62735e+09	2.49673e+11	-7.17526e+10	1.56683e+10	-7.86407e+10	2.46402e+11	-1.43832e+10	-9.15417e+10	1.22936e+11	-1.02918e+10	-1.91097e+11	-3.72278e+10
2.25e-10	3.66446e+10	-2.2933e+10	-2.88237e+11	-1.17428e+10	2.29241e+11	-1.63312e+11	1.03924e+10	9.54027e+10	-5.78873e+10	3.78334e+10	-2.71605e+11	-3.14821e+11	8.92828e+08	-3.50753e+10	4.30968e+10
2.3e-10	2.79134e+10	-8.53993e+10	-9.77283e+10	2.14642e+10	2.84158e+11	-6.51282e+10	-2.52435e+09	-6.20254e+10	7.48505e+10	1.9129e+10	-8.46463e+10	1.15729e+11	9.93417e+09	1.32464e+11	2.44055e+10
2.35e-10	9.38824e+10	-3.65959e+11	-2.78543e+10	3.1283e+10	5.71229e+10	2.39836e+11	1.15383e+10	1.49756e+11	-1.69766e+10	1.41849e+10	-1.28647e+11	-1.09488e+11	2.19696e+10	4.05249e+11	5.2357e+10
2.4e-10	5.19884e+09	-8.65809e+10	-3.77548e+10	2.38559e+10	1.63344e+11	1.85991e+10	1.98507e+10	-1.63607e+11	-2.27372e+11	-1.4421e+09	-1.33608e+11	1.02591e+11	1.88852e+10	7.05861e+10	-3.49887e+11
2.45e-10	4.464e+09	-2.81093e+11	-7.84736e+10	4.01031e+10	2.3483e+11	-8.07216e+10	1.0055e+10	-1.91153e+11	-2.89059e+11	-8.06746e+09	-8.42225e+10	-3.88264e+11	2.75833e+09	1.39538e+11	-2.34646e+10
2.5e-10	3.32002e+10	5.707e+10	5.59982e+10	2.60231e+10	1.67773e+11	-1.01626e+11	2.51632e+09	-5.97285e+10	4.75168e+10	2.28449e+08	-4.02517e+10	2.40692e+11	9.56074e+09	-1.06448e+11	7.24859e+10
2.55e-10	6.0839e+10	2.74396e+11	-9.53812e+09	1.62061e+10	1.8164e+11	-1.45279e+11	1.20652e+10	-1.15492e+10	1.42031e+11	8.51139e+08	7.21463e+10	-2.79337e+11	3.00043e+09	4.1498e+10	-7.24069e+10
2.6e-10	8.50212e+10	4.91938e+11	9.68731e+10	-1.92569e+09	1.28107e+11	-6.07056e+10	3.11934e+10	-2.44071e+10	1.99591e+11	2.05399e+10	1.35401e+11	-8.80802e+10	9.56912e+08	-5.57968e+10	-8.31463e+10
2.65e-10	8.50149e+10	7.66555e+10	-2.70759e+11	5.32917e+10	-2.54232e+11	-2.18756e+11	2.30181e+10	1.2482e+11	3.85544e+11	3.32624e+09	2.94617e+10	-2.21338e+10	-1.27943e+10	2.6519e+11	-4.44271e+10
2.7e-10	1.60377e+11	-1.03282e+11	-5.3545e+11	4.88858e+10	-3.11054e+11	-2.7136e+10	1.86528e+09	-1.11899e+11	1.57676e+10	1.85011e+10	-2.44149e+11	1.00785e+09	-1.58327e+10	4.44653e+11	-2.13798e+11
2.75e-10	1.00298e+11	-6.52996e+10	-4.29499e+11	6.77592e+10	-1.36791e+11	3.29344e+11	-6.33842e+09	-1.44088e+11	-9.74315e+10	-1.60343e+09	-5.39046e+10	1.32058e+11	6.03965e+09	-1.13548e+11	6.20948e+10
2.8e-10	2.20494e+09	2.80402e+10	-9.91669e+10	4.52777e+10	3.14779e+11	1.7636e+11	1.84661e+10	-1.55398e+09	-1.574e+11	7.41731e+09	-1.16942e+11	1.04798e+10	1.11578e+10	-1.83425e+11	1.55562e+11
2.85e-10	5.27783e+10	-9.00843e+09	2.32375e+11	1.11468e+10	9.68145e+10	-6.17891e+10	7.01863e+09	1.35084e+11	-9.72039e+10	1.0969e+10	-3.68046e+10	5.17837e+10	6.31847e+09	1.88029e+10	1.06017e+11
2.9e-10	5.71983e+10	-1.05353e+11	1.07411e+11	6.18362e+10	2.12544e+11	-1.75926e+11	-4.58617e+09	1.19237e+11	7.45158e+10	-5.54608e+09	-7.28076e+10	-1.19589e+11	9.39771e+09	-3.94918e+11	-1.55258e+11
2.95e-10	7.61534e+10	3.93146e+10	2.43884e+11	2.31237e+10	-7.84014e+10	-2.11841e+11	2.06466e+09	-3.07276e+09	-1.27773e+10	3.68427e+10	3.45099e+10	2.53572e+11	9.30176e+09	-1.34021e+09	2.82962e+10
3e-10	7.33902e+10	3.59089e+11	-5.70479e+10	7.02948e+10	2.34281e+11	-3.73762e+11	-6.57688e+09	-1.33524e+10	1.54603e+10	2.17491e+10	1.97445e+11	1.53399e+11	2.07526e+09	1.11867e+11	6.06932e+10
3.05e-10	6.50019e+10	2.18283e+11	-1.81049e+11	1.02363e+11	2.73332e+10	-5.4066e+11	4.9687e+09	2.95127e+10	8.77764e+10	-3.16033e+09	1.89682e+11	-1.99744e+11	1.13575e+10	-1.97561e+11	5.82006e+10
3.1e-10	1.2528e+11	3.9685e+11	-1.4457e+11	3.96813e+10	-9.36284e+10	-3.03125e+11	2.62032e+10	-6.00343e+10	1.74323e+11	6.47736e+08	1.91868e+11	-2.55464e+10	1.02881e+10	3.12944e+10	-4.56937e+10
3.15e-10	1.03053e+11	1.94233e+11	-2.33039e+11	8.51901e+10	-4.96645e+11	8.69481e+09	3.72027e+09	1.21023e+11	-1.79233e+11	3.1818e+10	-4.372e+10	-2.40049e+11	1.01596e+10	-1.05121e+11	2.27393e+11
3.2e-10	1.33531e+11	-2.82605e+10	-4.87702e+11	7.93096e+10	-2.09443e+11	2.50311e+11	5.20734e+09	2.16952e+10	6.01779e+10	3.26764e+10	-2.11901e+11	-3.29664e+11	-8.22547e+09	5.64717e+10	-1.40109e+11
3.25e-10	2.682e+10	-1.63959e+10	-6.71577e+10	1.08427e+11	-1.51737e+11	4.02419e+11	3.75248e+10	1.58213e+11	-8.27183e+10	1.26836e+10	-6.7166e+10	-1.14827e+11	1.83017e+10	1.7988e+11	1.9226e+11
3.3e-10	1.06989e+11	-4.10315e+11	1.70694e+11	6.13006e+10	2.67926e+11	1.34975e+11	1.95862e+10	-9.83366e+10	-1.82918e+11	-1.41277e+10	1.46303e+11	5.84939e+10	9.87785e+09	8.11011e+10	-5.71045e+10
3.35e-10	1.09276e+11	-1.97017e+11	3.55317e+11	1.28168e+10	6.18607e+10	1.09833e+11	4.93024e+08	-3.56027e+10	1.41283e+10	6.38851e+09	-8.12514e+10	2.85893e+09	2.41694e+10	6.60478e+10	3.34368e+11
3.4e-10	1.29936e+11	1.14084e+11	3.89717e+11	-6.50085e+10	-2.17893e+11	-8.37656e+10	4.70991e+10	2.67934e+10	-4.72801e+11	1.00793e+10	-1.03433e+10	2.7191e+11	1.23858e+10	-1.16513e+09	-1.67032e+11
3.45e-10	8.95351e+10	1.1394e+11	3.32364e+11	1.08169e+10	-7.45102e+10	-1.33354e+11	1.70594e+10	-4.94147e+10	-1.77602e+11	1.62127e+10	3.47283e+11	-1.05637e+10	-2.22591e+08	-3.61718e+11	1.35137e+11
3.5e-10	8.4079e+10	1.7569e+11	2.91113e+11	5.96295e+10	4.71072e+10	-1.99067e+11	4.09896e+10	-2.00901e+11	4.2449e+09	2.49794e+09	1.29891e+11	2.81012e+10	1.26216e+10	-4.94557e+10	1.04781e+11
3.55e-10	9.14385e+10	2.5398e+11	1.07538e+11	2.65234e+10	3.09266e+10	-1.13023e+11	1.94266e+10	3.00081e+09	1.34535e+11	5.88384e+10	4.18324e+11	-6.49904e+10	6.8852e+09	3.17399e+10	7.62611e+10
3.6e-10	8.53202e+09	-6.47076e+09	-9.71486e+10	2.421e+10	-2.52601e+11	-7.04821e+10	3.93955e+10	6.84526e+10	2.56998e+11	2.03228e+10	2.0075e+11	-1.02556e+11	-9.53932e+09	2.61897e+11	-2.08425e+10
3.65e-10	6.68094e+10	-4.65186e+10	-1.72426e+11	4.34397e+10	-9.69373e+10	1.73145e+11	-3.27426e+10	-3.64484e+11	1.16577e+11	2.34977e+10	2.75714e+11	-9.64707e+10	-3.76203e+09	2.20742e+11	6.19872e+10
3.7e-10	1.84408e+11	-1.33173e+11	-5.83352e+11	1.00791e+11	-3.20478e+11	2.78626e+11	4.21588e+10	2.52996e+11	-1.11022e+11	2.62393e+10	1.91391e+11	-2.44899e+11	1.15025e+10	1.51284e+10	2.10257e+09
3.75e-10	8.84003e+10	-9.96636e+10	-3.18994e+11	7.61326e+10	2.12208e+11	3.12747e+11	2.37842e+10	-2.12843e+10	-1.74536e+11	-2.49608e+10	2.44763e+11	1.7895e+11	5.76636e+08	1.3564e+10	1.49665e+10
3.8e-10	1.15392e+11	-2.93802e+11	3.11994e+11	8.1436e+10	1.65605e+11	3.03156e+11	6.88576e+09	2.23636e+11	7.78938e+09	6.09843e+10	-2.82062e+11	9.48673e+10	1.41449e+10	1.59664e+11	-1.35926e+11
3.85e-10	1.42747e+11	-1.082e+11	4.20221e+11	5.84704e+10	2.54033e+11	3.05842e+10	4.54774e+10	-2.66816e+11	-4.91133e+10	2.80989e+10	-1.93316e+11	2.1256e+11	3.4668e+10	1.80018e+11	-4.42811e+10
3.9e-10	1.45304e+11	-1.76766e+11	4.17194e+11	4.99049e+10	1.79794e+11	-2.79761e+11	5.83239e+10	-3.031e+11	-2.73109e+11	-1.13129e+10	-1.36397e+11	-1.2127e+11	-4.04104e+09	-1.97334e+11	1.90091e+11
3.95e-10	1.43426e+11	1.25275e+10	4.25757e+11	2.32677e+10	1.52266e+11	-2.31309e+10	5.30221e+10	-2.6172e+11	-1.61023e+11	8.40765e+09	-2.63559e+09	2.33049e+11	4.35442e+09	4.14036e+10	-2.16983e+11
4e-10	1.34815e+11	1.5714e+11	2.647e+11	2.4917e+10	1.86669e+11	-1.9929e+11	2.83626e+10	-1.21319e+11	9.68946e+10	6.77691e+09	-6.16318e+10	1.3362e+11	-3.70342e+10	-1.07576e+11	4.02529e+11
4.05e-10	7.25192e+10	1.67704e+11	-5.49651e+10	7.30969e+10	-9.80458e+09	-3.14197e+11	1.58254e+10	1.19872e+11	9.70223e+10	1.46763e+10	1.45068e+11	-2.18126e+09	1.4537e+10	-2.48493e+11	2.7121e+10
4.1e-10	1.09379e+11	2.35054e+11	-2.58097e+11	3.64606e+10	-2.06428e+11	-9.12126e+10	4.31114e+10	2.97014e+11	8.59024e+10	1.56547e+10	2.36479e+10	-1.21095e+11	1.26652e+10	-1.2086e+11	-8.36379e+09
4.15e-10	1.17255e+11	9.50847e+10	-2.8238e+11	1.01082e+11	-2.94202e+11	2.31129e+11	1.88496e+10	-4.47345e+10	-2.8521e+10	2.94203e+10	1.8571e+10	-1.77321e+11	4.31713e+10	-2.14922e+10	2.12288e+11
4.2e-10	1.57267e+11	-4.51447e+11	-2.38884e+11	2.67282e+10	4.32133e+09	1.25778e+11	3.45185e+10	1.53551e+11	-1.88001e+10	5.00931e+10	5.02513e+10	-2.90373e+11	3.63841e+10	2.07613e+10	3.54409e+11
4.25e-10	1.27592e+11	-2.26536e+11	-2.39925e+11	3.38214e+10	3.70076e+10	1.42296e+11	1.94749e+10	4.70925e+10	-1.46185e+11	3.8626e+10	-3.35319e+11	-9.20734e+10	2.63891e+10	1.8865e+11	-1.99259e+11
4.3e-10	1.70946e+11	-4.24906e+11	-1.45847e+11	4.384e+10	-1.28613e+11	3.88621e+11	1.70323e+10	-1.26964e+11	-1.06301e+11	1.86737e+10	-1.93542e+11	-1.2016e+11	3.99516e+10	2.92659e+11	-1.48678e+11
4.35e-10	2.97285e+10	-2.25102e+11	-1.11321e+11	8.75945e+10	3.92684e+11	2.32927e+11	8.88397e+09	4.43581e+10	-1.78711e+11	2.49242e+10	-1.16753e+11	1.15414e+11	7.21483e+09	1.99023e+10	-2.02824e+11
4.4e-10	1.84659e+11	-3.3548e+09	5.83079e+11	4.79268e+09	1.51856e+11	1.68237e+11	2.32705e+10	-2.45857e+11	1.62199e+10	3.96733e+10	1.4997e+11	3.15773e+11	2.59298e+10	-2.34021e+11	-7.57675e+10
4.45e-10	4.26061e+10	-1.58335e+11	1.82357e+11	-2.45512e+10	-1.36496e+11	1.57909e+10	3.71674e+09	1.81209e+10	2.29326e+11	4.87255e+10	1.89286e+11	2.38367e+11	1.50394e+10	1.68175e+08	-3.15744e+11
4.5e-10	1.88926e+11	4.24364e+11	9.57413e+10	4.86933e+10	5.79027e+10	-1.90857e+11	4.19319e+10	-1.57917e+11	2.41582e+11	-4.82337e+10	-1.38887e+11	-2.36962e+11	4.14381e+09	-8.45936e+09	7.99155e+10
4.55e-10	1.6889e+11	3.92855e+11	-1.10565e+11	7.50207e+10	-1.82889e+11	-2.26501e+11	2.66872e+10	-7.31748e+10	6.71374e+10	6.13352e+10	2.63922e+11	-3.82053e+10	-9.36678e+09	1.15641e+11	-1.49834e+11
4.6e-10	2.66475e+11	4.88227e+11	-3.26776e+11	2.64971e+10	-1.1072e+11	-1.25113e+11	7.7644e+09	4.91669e+10	4.28998e+10	-7.4611e+08	9.75686e+10	-3.80341e+10	3.10475e+10	-8.72093e+10	1.90338e+11
4.65e-10	2.02067e+11	-1.26048e+11	-3.57353e+11	3.29355e+10	-1.03024e+11	-1.53089e+10	4.29696e+10	2.98946e+11	6.08958e+10	1.78708e+10	-5.62629e+10	-1.79653e+11	3.2439e+09	3.33352e+11	-6.5628e+09
4.7e-10	2.61167e+11	-2.70024e+11	-5.60985e+11	6.88414e+10	-1.18879e+11	2.59262e+11	4.83602e+10	3.2375e+11	4.56245e+10	4.36018e+10	-2.8365e+11	-1.55112e+11	1.09787e+09	-3.5873e+10	4.99453e+10
4.75e-10	1.54309e+11	-2.9129e+11	-2.81272e+11	1.86889e+11	7.48921e+10	4.97852e+11	2.18529e+10	-3.8672e+10	-2.74964e+11	2.05983e+10	-1.28143e+11	-2.0774e+11	5.58827e+08	-5.05462e+10	2.24192e+11
4.8e-10	2.18632e+11	-3.6744e+11	2.15481e+11	9.29395e+10	-6.26193e+09	4.0566e+11	1.50582e+10	-4.40512e+10	-1.91168e+10	-6.48034e+09	-2.34592e+11	-2.94819e+11	1.42359e+10	8.2049e+10	8.15109e+10
4.85e-10	1.84779e+11	-1.24137e+11	4.03482e+11	6.68444e+10	3.29778e+11	-3.87505e+10	7.17911e+10	7.29454e+10	-3.3102e+11	7.97925e+09	-6.73878e+10	-7.55411e+10	2.5535e+10	-5.44701e+10	-3.11227e+11
4.9e-10	1.09802e+11	-6.02522e+09	2.03535e+11	6.86495e+10	3.04895e+11	-1.77859e+11	4.39935e+10	-1.5185e+11	-2.52031e+11	2.36558e+10	9.35003e+10	3.60288e+10	4.15413e+10	5.80547e+10	-2.08799e+11
4.95e-10	2.61954e+11	3.76187e+11	3.17841e+11	9.80516e+10	7.4104e+10	-3.69562e+11	2.7683e+10	-2.08715e+11	-1.82874e+11	2.92666e+09	-1.37844e+11	1.32882e+11	2.33716e+10	-3.23975e+11	-1.27944e+11
5e-10	2.33232e+11	4.21832e+11	1.19299e+11	1.06115e+11	-1.91394e+10	-3.53598e+11	7.90596e+10	-2.86354e+11	2.08746e+11	3.46635e+10	1.79919e+11	1.84324e+11	1.23728e+10	-4.5457e+10	-6.25768e+10
5.05e-10	3.05479e+11	5.13364e+11	-1.11002e+11	1.20801e+11	-2.422e+11	-2.14885e+11	3.23183e+10	-1.3131e+11	8.97577e+10	4.87627e+10	1.84778e+11	-1.00056e+11	3.86312e+10	-1.97365e+11	-1.05943e+11
5.1e-10	2.74311e+11	2.26562e+11	-4.88731e+11	1.9252e+11	-6.01896e+11	-6.17802e+10	3.96286e+10	1.87656e+11	1.29104e+11	-3.34862e+10	-9.52256e+10	2.17993e+11	6.06441e+10	-2.12791e+11	4.01171e+11
5.15e-10	4.90457e+11	3.66214e+09	-7.36075e+11	1.74675e+11	-5.45047e+11	1.00694e+11	3.87319e+10	2.3159e+10	2.96382e+11	6.75078e+10	1.37464e+11	-3.32898e+11	6.39649e+09	-2.40674e+11	-4.65872e+10
5.2e-10	2.24085e+11	-2.74456e+11	-2.65475e+11	1.01242e+11	-8.75519e+09	4.05297e+11	3.74454e+10	1.75128e+11	-2.88259e+11	5.6522e+10	-2.08308e+11	-2.73748e+11	-5.08022e+08	-2.34353e+10	-5.42574e+10
5.25e-10	2.50148e+11	-3.388e+11	-2.02322e+11	5.70179e+10	-8.93651e+10	1.94298e+11	1.95383e+10	3.16048e+10	-1.04745e+11	8.46034e+10	-3.13646e+11	1.2258e+11	1.97517e+10	6.10439e+10	1.00467e+11
5.3e-10	2.22317e+11	-2.54125e+11	1.0158e+11	1.48641e+11	4.48816e+11	2.26312e+11	-9.41191e+09	1.06832e+11	8.82587e+10	8.01155e+10	-2.83239e+11	4.33852e+11	7.26378e+09	-7.12726e+10	-2.60124e+10
5.35e-10	5.59198e+11	-5.22218e+11	4.99923e+11	1.83e+11	4.85952e+11	-1.79823e+11	2.88943e+10	1.65291e+11	-2.35059e+11	2.18167e+10	-8.6606e+10	2.26931e+10	-6.46601e+09	9.63075e+10	7.06663e+10
5.4e-10	3.83381e+11	-1.71193e+11	5.37007e+11	1.97581e+11	4.02171e+11	-3.04805e+11	-1.32874e+10	1.21171e+11	-6.93802e+10	-1.38099e+10	-3.04225e+11	1.53572e+11	3.50186e+10	1.21365e+11	-1.01118e+11
5.45e-10	3.67496e+11	8.30639e+10	5.45651e+11	1.38062e+11	6.15125e+10	-3.37781e+11	8.25315e+10	-2.96784e+11	1.53083e+11	2.65764e+10	9.46634e+10	-7.13926e+10	5.41817e+09	-3.40101e+10	4.23625e+10
5.5e-10	3.32633e+11	4.87332e+11	-1.90051e+10	1.31954e+11	-1.13678e+11	-3.09561e+11	3.49631e+10	1.29636e+10	1.7281e+11	1.02759e+10	2.54009e+10	4.0779e+10	2.21827e+10	-1.98993e+11	-2.58556e+10
5.55e-10	4.62896e+11	5.99756e+11	1.0777e+11	1.40448e+11	-3.3962e+11	-2.56509e+11	9.91932e+10	-4.95403e+11	1.88025e+11	6.9207e+10	1.96986e+11	-3.92702e+11	3.77363e+10	-1.85594e+11	1.60205e+11
5.6e-10	4.66765e+11	3.18062e+11	-5.50451e+11	1.0539e+11	-2.83712e+11	1.04013e+11	1.29269e+11	1.12131e+11	3.63299e+11	8.15735e+10	1.94798e+11	-2.11395e+11	2.93041e+10	-1.37432e+11	1.44384e+11
5.65e-10	4.62748e+11	6.71813e+10	-6.56886e+11	1.37926e+11	-1.95222e+11	2.98653e+11	1.58525e+11	4.82274e+11	2.76604e+11	7.70934e+10	-1.35066e+11	-2.79493e+11	7.01588e+10	2.16055e+10	2.56481e+11
5.7e-10	4.3841e+11	-1.01349e+11	-5.44199e+11	1.03667e+11	-2.78992e+10	3.14764e+11	1.59244e+11	4.19909e+11	-2.06071e+10	6.73053e+10	-3.55137e+11	-1.12455e+11	7.0347e+10	2.42872e+11	3.24557e+11
5.75e-10	6.06206e+11	-6.32592e+11	-5.57522e+11	1.2062e+11	5.06631e+10	3.68011e+11	1.16086e+11	1.75297e+11	-3.86048e+11	2.7758e+10	-7.70671e+10	1.11559e+11	2.88907e+10	-2.24001e+10	2.13974e+11
5.8e-10	3.34162e+11	-4.41416e+11	1.91878e+11	1.68994e+11	3.09556e+11	4.00007e+11	1.07084e+11	4.30569e+11	-1.60018e+11	7.84475e+10	-4.18766e+11	-2.48814e+11	1.37542e+10	1.95581e+11	-5.92529e+10
5.85e-10	4.04483e+11	-3.93335e+11	2.24108e+11	2.49913e+11	5.56933e+11	1.97345e+11	1.00648e+11	8.08665e+10	-3.08951e+11	5.30281e+10	-1.53022e+11	2.9311e+11	3.1389e+10	1.12761e+11	-1.40717e+11
5.9e-10	2.84887e+11	-2.92396e+11	3.08839e+11	1.51432e+11	3.94646e+11	1.26177e+10	-6.88149e+09	3.34026e+10	1.85331e+09	1.41397e+11	4.03409e+10	4.33052e+11	-1.28142e+10	-3.39191e+11	-8.57187e+10
5.95e-10	4.87709e+11	-1.58817e+11	5.7853e+11	1.53138e+11	4.25111e+11	-1.86656e+11	2.83974e+10	-1.4807e+11	1.916e+11	-6.74295e+08	-1.75435e+10	-7.07722e+09	7.21574e+10	-1.05235e+11	-3.58215e+11
6e-10	4.80626e+11	3.43464e+11	5.83924e+11	1.66072e+11	-1.58566e+11	-3.19536e+11	1.06112e+11	-3.89088e+11	1.95991e+11	4.8921e+10	3.25778e+11	-3.29701e+10	2.03641e+10	-1.21571e+11	-6.36813e+10
6.05e-10	5.39482e+11	6.13825e+11	1.08247e+11	1.26194e+11	-2.64517e+11	-2.35961e+11	7.8805e+10	-1.63155e+11	2.39394e+11	9.7747e+10	4.8057e+11	-4.5944e+10	3.90513e+10	-1.65225e+11	1.18757e+11
6.1e-10	5.01514e+11	5.9997e+11	-1.94074e+11	1.87646e+11	-3.90773e+11	-5.64605e+10	8.38282e+10	2.26364e+11	3.46861e+11	-1.94824e+10	2.23659e+11	2.0905e+11	-2.99009e+09	1.6884e+10	9.59986e+10
6.15e-10	2.72911e+11	7.3013e+10	-3.95705e+11	1.63002e+11	-2.85518e+11	2.3404e+11	8.19012e+10	3.95667e+11	1.61444e+11	7.73249e+10	1.166e+11	-3.67904e+11	6.0618e+10	4.46794e+10	3.66251e+11
6.2e-10	3.63792e+11	-2.68812e+11	-4.3328e+11	1.25156e+11	-4.44758e+10	2.91356e+11	4.31168e+10	6.1771e+10	2.72491e+11	5.8944e+10	-2.53681e+11	-2.24355e+11	3.69595e+10	2.36393e+11	1.95473e+11
6.25e-10	4.14486e+11	-4.3542e+11	-4.50524e+11	1.72139e+11	6.89251e+10	4.489e+11	1.38334e+11	4.38734e+11	-2.36055e+10	1.64848e+10	-1.2702e+11	1.10481e+11	2.92964e+10	1.90809e+11	-4.63693e+10
6.3e-10	4.03419e+11	-6.03858e+11	8.89496e+10	1.63215e+11	-6.29187e+10	4.60179e+11	6.64597e+10	7.4239e+10	-2.09269e+11	9.09318e+10	-3.32404e+11	-1.70311e+11	-1.37376e+10	-1.5023e+11	1.03302e+11
6.35e-10	2.70012e+11	-3.71596e+11	8.65261e+10	1.1764e+11	2.55225e+11	9.42602e+10	1.43145e+11	-3.77766e+10	-6.08363e+11	7.10764e+10	-1.46251e+11	2.67201e+11	4.43589e+10	2.00578e+11	-2.13489e+10
6.4e-10	4.54883e+11	-2.59677e+11	5.23144e+11	1.68602e+11	3.5234e+11	-2.72826e+11	1.28821e+11	-3.35355e+11	-2.68216e+11	3.57781e+10	1.80398e+11	2.61105e+11	-1.55181e+09	1.26911e+11	1.12309e+10
6.45e-10	4.70905e+11	-1.7791e+11	6.79328e+11	1.33474e+11	2.14345e+11	-2.20423e+11	3.36691e+10	-4.61478e+10	-1.81539e+11	1.03216e+11	5.45002e+11	2.30637e+11	1.94297e+10	-1.97631e+11	-9.44882e+10
6.5e-10	5.29572e+11	4.34421e+11	4.54651e+11	2.28458e+11	1.97391e+11	-5.30375e+11	1.39397e+11	-4.71707e+11	1.94841e+11	1.15073e+11	1.24211e+11	4.1355e+11	4.13839e+10	4.23735e+09	-3.76217e+11
6.55e-10	4.38782e+11	4.53341e+11	1.84112e+11	1.11873e+11	-4.79821e+11	-1.04419e+11	3.0848e+10	-1.84089e+11	-6.53417e+10	3.18922e+10	1.83071e+11	-2.07159e+11	1.37087e+09	-2.20527e+10	-2.06875e+11
6.6e-10	5.43083e+11	5.38598e+11	-2.30459e+11	8.23277e+10	-1.69097e+11	-9.73028e+10	-1.92991e+10	1.02415e+11	-1.55392e+11	6.75917e+10	2.58743e+11	-7.81538e+10	1.43898e+10	-1.10245e+11	3.57906e+10
6.65e-10	4.75104e+11	4.3759e+11	-4.77645e+11	1.79859e+11	-3.62985e+11	1.8068e+10	7.53294e+10	1.28247e+11	1.84443e+11	4.10898e+10	2.83843e+10	-2.2224e+11	3.156e+10	-6.96764e+10	1.34993e+11
6.7e-10	5.86875e+11	1.57376e+11	-6.64651e+11	1.98965e+11	-3.5616e+11	2.10394e+11	-2.07495e+09	-3.65697e+10	1.1515e+11	8.41594e+10	-1.30817e+11	-5.5295e+11	2.14492e+10	-6.11824e+10	3.22219e+11
6.75e-10	3.55579e+11	-1.67528e+10	-4.4837e+11	2.07993e+11	-6.30556e+10	4.52171e+11	9.05402e+10	2.50367e+11	-1.36503e+11	5.80539e+10	-2.23336e+11	-1.05895e+11	4.72867e+10	9.92503e+10	1.61816e+11
6.8e-10	4.11027e+11	-3.83356e+11	-2.48084e+11	1.10441e+11	3.03051e+10	2.42088e+11	4.88222e+10	1.65824e+11	-9.00969e+10	2.56312e+10	-9.6558e+10	1.4045e+10	6.74428e+10	3.63816e+11	1.34918e+11
6.85e-10	5.47655e+11	-5.91318e+11	7.61077e+10	1.67025e+11	1.92601e+11	2.96048e+11	1.54391e+11	-2.45259e+11	-4.32252e+11	1.93747e+10	-4.38993e+10	5.17763e+10	6.86012e+10	3.47656e+11	-2.25811e+11
6.9e-10	5.47773e+11	-5.44483e+11	4.0163e+11	2.18892e+11	5.2848e+11	8.85058e+10	1.59726e+11	-5.32514e+10	-3.80771e+11	5.32822e+10	-8.54083e+10	1.5923e+11	2.19061e+10	-8.39603e+10	-9.96485e+10
6.95e-10	5.13063e+11	1.02387e+11	6.55829e+11	2.52452e+11	5.70826e+11	-2.80219e+11	2.08888e+10	-2.09645e+11	1.65415e+11	1.07164e+11	1.90001e+11	4.62852e+11	5.06718e+10	-3.40254e+10	-2.42775e+11
7e-10	3.95856e+11	1.66929e+11	4.26493e+11	1.67052e+11	3.22076e+11	-2.0232e+11	5.78878e+10	-1.56939e+11	2.38789e+11	4.78014e+10	1.58499e+11	1.78607e+11	3.3797e+10	-1.42872e+11	-4.51399e+10
7.05e-10	6.38813e+11	5.18651e+11	4.72166e+11	1.53643e+11	1.01733e+11	-3.74382e+11	1.6965e+11	-2.5315e+11	4.21842e+11	1.38326e+11	5.28727e+11	1.82427e+11	4.1009e+10	-3.47463e+11	2.14839e+10
7.1e-10	4.80825e+11	4.99486e+11	9.80476e+10	3.01326e+11	-2.75077e+11	-4.87219e+11	1.37321e+11	-2.84817e+11	2.60257e+11	3.90591e+10	1.63359e+11	9.31488e+10	-9.7573e+09	4.66423e+10	-2.00192e+11
7.15e-10	4.65425e+11	4.9203e+11	-2.28647e+11	2.39764e+11	-4.03016e+11	-3.31327e+11	2.26952e+10	-5.89607e+10	8.88107e+10	7.91883e+10	-9.67195e+09	-4.40526e+11	5.98395e+10	-2.76843e+11	1.00326e+11
7.2e-10	3.92514e+11	4.45942e+11	-3.95459e+11	2.27118e+11	-5.02329e+11	4.22995e+10	6.58038e+10	2.32749e+11	1.36746e+11	7.11415e+10	1.68455e+11	-2.06593e+11	5.63047e+10	-3.48259e+10	1.9145e+11
7.25e-10	5.10437e+11	-1.54681e+11	-5.93534e+11	1.06758e+11	-3.39801e+11	7.90389e+10	5.36565e+10	1.92744e+11	-4.40911e+10	6.12513e+10	-5.31732e+10	-2.72108e+11	7.68173e+10	1.45239e+11	4.82856e+11
7.3e-10	4.84484e+11	-3.85398e+11	-4.14891e+11	1.16173e+11	1.27936e+11	2.02716e+11	1.00112e+11	4.13272e+11	5.68174e+10	1.65618e+10	-7.93121e+10	-6.79125e+10	5.26478e+10	3.10925e+11	3.65147e+11
7.35e-10	3.69903e+11	-4.12104e+11	-7.55426e+10	1.67943e+11	1.32411e+11	3.05728e+11	1.52891e+10	-1.25585e+11	-1.08204e+11	7.77118e+10	-3.11296e+11	7.46834e+10	4.78397e+10	2.67894e+11	7.20674e+10
7.4e-10	4.18766e+11	-4.84985e+11	1.1101e+11	1.28026e+11	2.2286e+11	2.01611e+11	1.00212e+11	3.40532e+10	-2.41805e+11	4.86131e+10	-1.97513e+11	-2.94741e+10	3.97395e+10	3.0875e+11	-8.807e+10
7.45e-10	5.49548e+11	-3.02867e+11	5.08387e+11	2.98071e+11	6.46516e+11	-2.31349e+11	6.39555e+10	-1.6839e+11	-1.66932e+11	9.10738e+10	-6.09548e+10	2.89261e+11	3.83573e+10	7.94262e+10	-1.07641e+11
7.5e-10	5.33453e+11	-1.13795e+11	6.38333e+11	1.72336e+11	6.38055e+10	-4.52391e+11	8.34081e+10	-2.66177e+11	-1.0097e+11	6.44543e+10	1.6489e+11	2.01192e+11	5.68345e+09	-1.06053e+10	2.14826e+10
7.55e-10	6.254e+11	3.26334e+11	6.66661e+11	3.15449e+11	-1.76506e+11	-5.44596e+11	1.58937e+11	-4.7011e+11	4.67223e+10	6.35998e+10	2.00265e+11	3.8115e+10	3.77881e+10	-2.87001e+11	-6.40711e+10
7.6e-10	3.77595e+11	5.09876e+11	9.21205e+10	2.9026e+11	-1.98948e+11	-5.53588e+11	1.4061e+11	-3.09378e+11	3.5234e+11	3.59012e+10	1.40154e+11	2.33581e+11	2.27097e+10	-2.31285e+11	1.46577e+11
7.65e-10	5.13774e+11	4.18036e+11	-4.22003e+11	2.53785e+11	-2.20954e+11	-5.06535e+11	4.19233e+10	-3.44497e+10	2.16449e+11	2.52584e+10	1.21793e+11	-1.01228e+10	5.12947e+10	-2.93137e+11	6.01106e+10
7.7e-10	3.87812e+11	7.5196e+10	-5.42264e+11	2.65971e+11	-5.35308e+11	-4.46167e+10	5.57423e+10	-1.10001e+11	2.34466e+11	7.88608e+10	7.3626e+10	-2.9056e+11	3.90442e+09	-2.06086e+09	3.61192e+10
7.75e-10	6.07279e+11	1.71784e+10	-5.36733e+11	1.44174e+11	-3.29142e+11	1.50095e+11	1.22596e+11	4.23007e+11	1.47941e+11	1.19529e+11	-2.07596e+11	-3.35194e+11	1.28934e+09	-1.07172e+11	4.12957e+10
7.8e-10	5.81151e+11	-3.53902e+11	-4.37514e+11	3.34789e+11	-2.265e+11	5.38282e+11	1.41222e+11	4.44712e+11	-2.09386e+10	5.85198e+10	-2.75008e+11	-1.09776e+11	2.3585e+10	3.95836e+09	8.68828e+10
7.85e-10	3.88318e+11	-4.07869e+11	-1.69812e+11	1.33771e+11	2.0467e+11	2.38904e+11	5.46229e+10	9.47562e+10	-1.48197e+11	1.92897e+10	-1.98513e+11	3.78927e+11	8.11183e+10	3.72132e+11	-1.86218e+11
7.9e-10	5.05434e+11	-5.20829e+11	-7.25985e+10	1.65812e+11	1.29535e+11	3.48238e+11	9.70455e+10	2.52957e+11	-2.61297e+11	2.85542e+10	-1.26259e+11	-5.04132e+10	2.08304e+10	4.70447e+10	-1.196e+11
7.95e-10	6.23375e+11	-4.64864e+11	4.22877e+11	2.45406e+11	4.79205e+11	-1.40629e+11	1.21073e+11	-3.19645e+11	-2.15903e+11	1.02122e+11	-3.86358e+11	2.46412e+11	5.74961e+09	-1.48926e+11	-1.85169e+10
8e-10	4.69741e+11	-1.71927e+11	5.19381e+11	4.36151e+11	5.99332e+11	-4.32848e+11	9.64251e+10	-3.79352e+11	5.66629e+10	6.3763e+10	2.30005e+11	1.70547e+11	2.06067e+10	8.65325e+10	-1.14863e+11
8.05e-10	4.4124e+11	2.618e+10	4.8952e+11	3.84813e+11	4.88089e+11	-4.21995e+11	5.15958e+10	-2.34222e+11	-1.15636e+11	8.81525e+10	2.29916e+11	2.96571e+11	1.96686e+10	-8.94924e+10	-3.34161e+10
8.1e-10	4.99544e+11	4.14687e+11	2.98383e+11	1.84133e+11	-1.21946e+11	-3.39276e+11	6.80475e+10	-1.45712e+11	7.56398e+10	5.2778e+10	2.20802e+11	9.75535e+10	2.78452e+10	-1.55384e+11	8.78289e+10
8.15e-10	5.44921e+11	5.61317e+11	2.40475e+11	2.02017e+11	-9.92497e+09	-4.08853e+11	9.79181e+10	-2.91724e+10	2.59189e+11	1.18118e+11	2.91403e+11	-2.09917e+11	5.19363e+10	-8.91153e+10	2.22774e+11
8.2e-10	2.92411e+11	3.24807e+11	-3.35864e+10	1.79791e+11	-3.05258e+11	-1.94849e+11	1.05937e+11	1.14742e+11	2.94814e+11	1.51396e+11	1.16977e+11	-4.55298e+11	2.36611e+09	-2.2182e+11	-1.53712e+11
8.25e-10	6.3947e+11	4.11403e+11	-4.53792e+11	2.70961e+11	-5.3904e+11	-3.42061e+10	1.93679e+11	3.64991e+11	2.05e+11	6.90863e+10	6.02889e+10	-3.06234e+11	4.89099e+10	1.05059e+11	2.77485e+11
8.3e-10	4.97501e+11	3.32233e+11	-4.78951e+11	3.01505e+11	-3.80652e+11	4.65414e+11	4.19277e+10	1.31411e+11	-5.80228e+10	9.46251e+10	-1.63312e+11	-3.66131e+11	3.42083e+10	5.28986e+10	1.18968e+11
8.35e-10	5.16913e+11	-1.78851e+11	-5.81816e+11	6.55123e+10	1.77365e+10	1.23721e+11	1.80847e+11	5.24207e+11	-1.60003e+11	1.01317e+11	-3.21704e+11	7.18343e+10	3.3225e+10	8.57634e+10	1.20684e+11
8.4e-10	7.13634e+11	-6.00656e+11	-5.90183e+11	1.69863e+11	-1.16992e+11	3.86203e+11	1.30398e+11	6.02225e+09	-4.17448e+11	6.11643e+10	-1.88953e+11	-2.32792e+10	3.39023e+09	1.9689e+10	-6.54964e+09
8.45e-10	5.42436e+11	-6.5958e+11	-4.42409e+10	2.67582e+11	6.04285e+11	2.06674e+11	2.34163e+11	1.44939e+11	-5.54774e+11	8.3501e+10	-3.33918e+11	1.53078e+11	3.04099e+10	2.14112e+11	5.95511e+10
8.5e-10	3.80566e+11	-3.74758e+11	2.59462e+11	2.53231e+11	5.25873e+11	2.79443e+11	8.02528e+10	-2.62032e+11	-1.68826e+11	6.60299e+10	1.25728e+11	1.88956e+11	5.74482e+10	-8.5818e+10	-4.84599e+11
8.55e-10	3.85901e+11	-4.66186e+10	4.76895e+11	1.41577e+11	2.65791e+11	-6.12197e+10	9.85018e+10	-2.28505e+11	-2.93983e+11	5.12841e+10	-2.68892e+10	2.37883e+11	1.31082e+10	4.78451e+10	-1.3885e+11
8.6e-10	4.34372e+11	2.56345e+11	4.93151e+11	1.36116e+11	9.55411e+10	-2.69351e+11	7.91421e+10	-2.51089e+11	-2.18642e+10	7.54969e+10	1.93723e+11	3.01691e+11	2.79161e+10	-1.95714e+11	5.38782e+10
8.65e-10	5.15473e+11	4.45906e+11	4.09401e+11	1.65148e+11	-1.47673e+11	-3.48634e+11	1.29287e+11	-4.11921e+11	1.16066e+11	1.04742e+11	3.94957e+11	-9.97802e+10	1.193e+10	-8.67017e+10	5.87202e+10
8.7e-10	3.81864e+11	5.04408e+11	2.00588e+11	2.37366e+11	-1.7335e+11	-4.95222e+11	2.25923e+11	-2.6111e+11	5.1044e+11	9.84293e+09	-4.90973e+10	-9.70765e+10	2.42855e+10	-1.06531e+11	3.01654e+11
8.75e-10	4.56496e+11	5.38483e+11	-2.85486e+11	2.57382e+11	-6.5927e+11	1.60585e+11	4.62326e+10	9.21467e+10	1.52578e+11	7.59798e+10	-7.09157e+10	-3.08516e+11	2.10209e+09	6.53138e+09	2.8026e+10
8.8e-10	3.9999e+11	2.42676e+11	-5.17979e+11	8.89839e+10	-2.67011e+11	1.68297e+10	7.56099e+10	2.0598e+11	9.78443e+10	5.98461e+10	7.21323e+10	-2.57728e+11	5.13036e+10	1.55153e+11	1.96991e+11
8.85e-10	4.28162e+11	-2.37518e+11	-4.30287e+11	1.13722e+11	-1.45959e+11	2.26257e+11	1.08862e+11	2.55286e+11	1.42442e+11	1.47962e+11	-3.76838e+11	-4.42108e+11	-8.78836e+09	2.28948e+10	-9.36911e+10
8.9e-10	6.13357e+11	-4.10568e+11	-6.7057e+11	1.85361e+11	1.55978e+11	3.93943e+11	1.79212e+11	4.6317e+11	-2.53247e+11	1.17338e+11	-4.39555e+11	-3.45373e+11	2.90466e+10	2.04873e+11	2.22716e+10
8.95e-10	3.02237e+11	-3.76793e+11	-7.06031e+10	3.39161e+11	2.43438e+11	7.13199e+11	1.00404e+11	1.57935e+11	-2.29134e+11	7.34798e+10	-2.49486e+11	2.07303e+11	5.54995e+10	3.05568e+11	-1.1803e+11
9e-10	3.70704e+11	-2.29446e+11	5.06585e+11	2.03449e+11	3.08819e+11	3.52484e+11	1.00848e+11	-2.06579e+11	-3.35306e+11	6.20867e+10	2.54647e+10	2.84062e+11	1.9909e+10	-2.90787e+10	-3.01466e+11
9.05e-10	4.02482e+11	-2.06817e+11	4.52089e+11	9.62864e+10	1.64981e+11	-1.78745e+11	4.86449e+10	-4.36698e+09	-1.40362e+11	6.23286e+10	-1.03995e+10	2.8577e+11	3.52356e+10	-1.51394e+11	-4.18261e+11
9.1e-10	4.63333e+11	-1.32158e+11	6.12901e+11	2.14307e+11	2.46342e+11	-3.41826e+11	1.02048e+11	-2.86139e+11	-1.24277e+11	1.56723e+11	3.11068e+11	2.62333e+11	5.001e+10	-2.51815e+11	-1.42414e+11
9.15e-10	3.17377e+11	1.84932e+11	3.47744e+11	1.37103e+11	-1.95133e+11	-3.66096e+11	9.53688e+10	-3.21417e+11	1.51656e+11	6.98978e+10	3.05359e+11	-5.07272e+09	3.54128e+10	-2.58265e+11	-1.6995e+10
9.2e-10	5.13339e+11	5.36805e+11	2.54533e+11	1.76792e+11	-4.73437e+11	-1.61499e+11	6.7071e+10	-1.21868e+11	1.99675e+11	7.46854e+10	3.48793e+11	-8.47365e+10	6.89221e+10	-2.41958e+11	9.99028e+10
9.25e-10	4.7382e+11	6.27593e+11	-2.11118e+11	1.22716e+11	-2.26758e+11	-1.58927e+11	4.57773e+10	2.54169e+11	1.16462e+11	5.85623e+10	2.02774e+11	-8.76883e+10	5.12789e+10	-2.27284e+11	9.30312e+10
9.3e-10	3.84602e+11	2.02789e+11	-4.26841e+11	1.03801e+11	-2.4312e+11	-1.5475e+11	5.00826e+10	9.76011e+10	3.33615e+11	4.31585e+09	-2.80663e+11	-8.49107e+10	2.04364e+10	3.93029e+11	1.66986e+11
9.35e-10	5.81555e+11	4.27285e+10	-6.84813e+11	1.5364e+11	-4.34716e+11	2.77265e+11	9.72321e+10	4.23282e+11	5.08767e+10	7.47922e+10	-2.18751e+11	-2.40777e+11	6.79418e+10	-4.53516e+10	2.99125e+11
9.4e-10	3.57318e+11	-3.84063e+11	-3.524e+11	2.85905e+11	3.53774e+10	5.49727e+11	7.66501e+10	2.77107e+11	-1.25584e+11	8.90347e+10	-3.37247e+11	-9.93159e+10	5.54385e+10	1.64809e+11	-1.77063e+10
9.45e-10	3.86217e+11	-4.53088e+11	-3.00041e+11	1.67431e+11	1.05234e+11	3.38944e+11	1.07033e+10	-1.78305e+11	-1.26336e+11	4.45996e+10	-1.33132e+11	-1.77936e+10	1.5909e+10	3.60902e+10	1.54566e+11
9.5e-10	4.01825e+11	-5.11991e+11	9.74888e+10	1.17346e+11	2.01643e+11	2.69184e+11	5.20055e+10	1.27514e+11	-1.6839e+11	6.07792e+10	-2.45721e+11	7.31411e+10	3.75114e+10	1.09265e+11	-2.68668e+10
9.55e-10	2.98232e+11	-2.89005e+11	3.13798e+11	1.59703e+11	4.15273e+11	-1.35172e+11	4.10515e+09	2.02061e+11	-4.24197e+10	6.79785e+10	-1.03336e+11	1.84135e+11	3.42034e+10	1.80466e+11	-5.79738e+10
9.6e-10	3.66996e+11	-1.1947e+11	4.95143e+11	2.17613e+11	3.51333e+11	-2.68602e+11	7.41309e+10	-4.02843e+11	5.92402e+09	1.31414e+11	2.48912e+11	4.12102e+11	6.39758e+09	-1.04828e+10	-1.31449e+10
9.65e-10	4.56288e+11	4.0017e+11	5.15814e+11	2.03273e+11	1.68042e+11	-3.53475e+11	1.21146e+11	-4.73151e+11	7.35144e+09	1.14535e+11	2.21909e+11	2.44693e+11	7.19207e+10	-2.88283e+11	-3.26565e+11
9.7e-10	5.06268e+11	5.38774e+11	5.58914e+11	1.878e+11	-2.42407e+11	-3.82791e+11	8.43264e+10	-2.18811e+11	1.89768e+11	3.24324e+10	1.56506e+11	5.73894e+10	6.76406e+10	-3.39366e+11	1.01585e+11
9.75e-10	4.39858e+11	6.73121e+11	-8.20967e+10	2.16456e+11	-4.19042e+11	-2.57769e+11	1.73169e+11	3.3209e+10	5.68328e+11	8.98518e+10	2.15549e+11	-2.71819e+11	2.77961e+10	-1.91166e+11	-1.16214e+10
9.8e-10	3.91235e+11	4.2695e+11	-3.07795e+11	1.89191e+11	-4.19943e+11	1.62069e+11	5.30699e+10	2.03558e+11	1.60792e+11	2.92288e+10	6.95274e+10	-1.60826e+10	6.87145e+09	-4.68414e+10	-3.17218e+10
9.85e-10	3.51271e+11	2.44796e+11	-4.604e+11	2.19432e+11	-5.72368e+11	1.04894e+11	1.32062e+11	4.84514e+11	6.26641e+10	9.8288e+10	7.73562e+10	-4.40162e+11	2.44253e+10	1.22968e+11	9.71602e+10
9.9e-10	3.07513e+11	-3.99281e+11	-3.67938e+11	1.16626e+11	-7.29843e+09	2.49891e+11	6.29744e+10	2.5308e+11	-2.10547e+11	2.74741e+10	-1.31859e+11	3.01607e+10	1.37775e+10	-7.88927e+09	9.19843e+10
9.95e-10	3.04924e+11	-3.52793e+11	-2.534e+11	1.11825e+11	8.65469e+10	1.8853e+11	1.22532e+11	2.50603e+11	-4.40216e+11	-2.12346e+10	1.52709e+11	-1.17016e+11	2.86041e+10	1.75395e+11	2.96877e+11
1e-09	3.23543e+11	-4.91647e+11	-1.47201e+11	2.98406e+11	4.90739e+11	6.4234e+11	1.57669e+11	1.62876e+10	-5.18831e+11	1.7131e+10	-1.08359e+10	1.10126e+11	2.10644e+10	1.82066e+11	1.07034e+11
