Tue Oct 15 17:16:53 2024

<base> : Rectangle : 0m, 0m, 0m; 1um, 50nm, 5nm. Cells : 200, 10, 1. Cellsize : 5nm, 5nm, 5nm
<supermesh> : Rectangle : 0m, 0m, 0m; 1um, 50nm, 5nm. Cells : 200, 10, 1. Cellsize : 5nm, 5nm, 5nm

Saved data (dataname (unit) <meshname> (cells_rectangle)) : 

time (s)	<mxdmdt> (1/s) <base> (200nm, 0m, 0m; 210nm, 50nm, 5nm)			<mxdmdt> (1/s) <base> (400nm, 0m, 0m; 410nm, 50nm, 5nm)			<mxdmdt> (1/s) <base> (600nm, 0m, 0m; 610nm, 50nm, 5nm)			<mxdmdt> (1/s) <base> (800nm, 0m, 0m; 810nm, 50nm, 5nm)			

0	145402	773245	-98602.4	-157629	-1.16784e+06	-150256	-3898.34	-190198	-113606	52378.3	139844	1.07705e+06
5e-12	4.72637e+10	2.76391e+11	3.66251e+11	-5.19043e+10	-1.59619e+11	-1.45128e+11	-1.00834e+10	-1.59584e+11	-3.04028e+11	-2.2527e+10	-6.57938e+09	8.95307e+10
1e-11	8.40746e+10	4.61245e+11	-2.78979e+10	-1.49602e+10	-1.09434e+11	1.31083e+11	2.03929e+09	7.1853e+10	-3.16169e+11	8.19141e+09	-1.11045e+11	-1.33272e+11
1.5e-11	2.91305e+10	1.69712e+11	1.50273e+11	1.93103e+10	-1.04936e+11	-1.64582e+11	-2.47376e+09	-1.61493e+10	1.5153e+11	-7.94642e+09	-5.78406e+09	-4.76189e+09
2e-11	7.19257e+09	5.19727e+10	1.50087e+11	2.5249e+10	-4.80096e+10	-2.39092e+11	1.29899e+10	2.75992e+11	6.2525e+10	-1.07268e+10	-1.58583e+11	1.07282e+11
2.5e-11	9.43749e+10	1.5467e+11	3.76262e+11	1.33767e+10	-1.17011e+11	-1.38314e+10	-5.52626e+09	2.81967e+09	7.71336e+09	-4.62789e+09	-6.98473e+10	-2.41305e+11
3e-11	1.70206e+11	3.93719e+10	4.96867e+11	6.95031e+10	-2.16891e+11	-4.13239e+11	3.62522e+10	1.32788e+11	2.84853e+11	-7.17599e+09	-7.93485e+10	9.17365e+10
3.5e-11	3.83668e+11	1.77871e+11	7.9848e+11	1.19775e+11	-1.27594e+10	-3.89537e+11	5.28605e+10	-8.4166e+10	2.67188e+11	3.67485e+10	2.26094e+11	-2.39633e+11
4e-11	3.98176e+11	-1.1959e+11	5.65742e+11	3.14236e+11	6.18541e+11	-4.03451e+11	4.04018e+10	-1.68489e+11	1.4595e+10	1.34627e+11	4.95891e+11	-1.55331e+11
4.5e-11	4.54206e+11	-4.247e+11	5.85097e+11	2.79948e+11	5.44961e+11	-3.34873e+11	1.93981e+11	-4.79041e+11	6.85389e+10	5.23384e+10	2.26798e+11	1.07795e+11
5e-11	6.46166e+11	-7.3821e+11	2.66517e+11	4.0528e+11	9.2731e+11	-6.22419e+10	2.79343e+11	-5.10717e+11	-1.73728e+11	1.48637e+11	4.805e+11	7.35692e+10
5.5e-11	4.12214e+11	-5.21842e+11	-2.82241e+11	3.33347e+11	4.15499e+11	3.70127e+11	3.9739e+11	-4.49357e+11	-4.04662e+11	2.31828e+11	3.7677e+11	4.68667e+11
6e-11	4.81948e+11	-3.80364e+11	-4.92962e+11	2.50554e+11	-1.07608e+11	4.55703e+11	4.05613e+11	-2.22203e+11	-5.1879e+11	3.28247e+11	1.73329e+11	7.01228e+11
6.5e-11	3.33512e+11	-5.09353e+10	-6.04559e+11	5.69046e+11	-2.4904e+11	6.65596e+11	4.01152e+11	1.4289e+11	-6.94414e+11	3.90192e+11	-3.19804e+11	5.53785e+11
7e-11	1.58567e+11	6.11074e+10	-3.72862e+11	4.98977e+11	-3.87723e+11	8.13182e+11	4.83881e+11	5.2948e+11	-2.65024e+11	3.2832e+11	-4.73332e+11	2.73974e+11
7.5e-11	1.9878e+11	6.12545e+11	-1.73321e+11	2.79818e+11	-5.08815e+11	1.11717e+11	4.98372e+11	5.44451e+11	-1.95839e+10	2.53184e+11	-3.84363e+11	-2.98538e+11
8e-11	2.54156e+11	5.0283e+11	2.56186e+11	1.91011e+11	-1.88023e+11	-4.79888e+11	5.65606e+11	7.21466e+11	3.3608e+11	2.07697e+11	-3.82415e+11	-1.05966e+11
8.5e-11	4.26067e+11	7.0658e+10	6.44761e+11	5.22507e+11	1.74829e+11	-8.9721e+11	4.57338e+11	2.86264e+11	6.75609e+11	3.36e+11	-2.70255e+11	-6.02286e+11
9e-11	6.21851e+11	-5.32895e+11	3.77266e+11	6.29016e+11	4.09795e+11	-6.52126e+11	3.60555e+11	-4.35315e+11	5.17504e+11	1.66731e+11	1.83538e+11	-4.65256e+11
9.5e-11	1.15802e+12	-6.53353e+11	-4.46449e+11	7.1353e+11	7.59273e+11	-1.13202e+11	3.36965e+11	-6.35907e+11	3.893e+11	7.29484e+10	1.66817e+11	-1.52703e+11
1e-10	7.89479e+11	2.46644e+10	-5.83206e+11	4.82019e+11	3.46484e+11	4.1231e+11	4.63468e+11	-4.68856e+11	-4.51088e+11	1.61239e+11	5.34041e+11	1.18822e+11
1.05e-10	1.13016e+12	8.1301e+11	-4.87237e+11	8.30471e+11	-5.51053e+11	5.81117e+11	3.98776e+11	3.58338e+11	-4.77043e+11	2.51203e+11	5.56135e+10	5.89501e+11
1.1e-10	7.15845e+11	4.47527e+11	2.77232e+11	8.78939e+11	-7.69563e+11	-1.44849e+11	6.57861e+11	8.56564e+11	1.7091e+11	4.00006e+11	-7.9395e+11	4.70057e+11
1.15e-10	1.01046e+12	2.0916e+11	6.4372e+11	7.99166e+11	-4.69101e+11	-5.92889e+11	6.14828e+11	6.07014e+11	5.83484e+11	4.71182e+11	-4.39033e+11	-6.84617e+11
1.2e-10	8.98903e+11	-5.89793e+11	2.77068e+11	1.24295e+12	7.28035e+11	-5.25107e+11	9.0261e+11	-5.93366e+11	5.90556e+11	3.3178e+11	1.88906e+11	-4.55416e+11
1.25e-10	7.97661e+11	-2.46669e+11	-6.91143e+11	1.05376e+12	4.43488e+11	5.3938e+11	7.30409e+11	-5.69399e+11	-2.92148e+11	3.95942e+11	5.40403e+11	1.7174e+11
1.3e-10	8.93739e+11	7.25278e+11	-4.52824e+11	1.04965e+12	-3.97797e+11	7.08273e+11	7.5412e+11	-4.26673e+10	-7.62137e+11	6.61777e+11	4.35756e+11	8.23074e+11
