Tue Oct 22 14:54:16 2024

<base> : Rectangle : 0m, 0m, 0m; 5um, 100nm, 5nm. Cells : 1000, 20, 1. Cellsize : 5nm, 5nm, 5nm
<supermesh> : Rectangle : 0m, 0m, 0m; 5um, 100nm, 5nm. Cells : 1000, 20, 1. Cellsize : 5nm, 5nm, 5nm

Saved data (dataname (unit) <meshname> (cells_rectangle)) : 

time (s)	<mxdmdt> (1/s) <base> (2.6um, 0m, 0m; 2.61um, 50nm, 5nm)			<mxdmdt> (1/s) <base> (3um, 0m, 0m; 3.01um, 50nm, 5nm)			<mxdmdt> (1/s) <base> (3.5um, 0m, 0m; 3.51um, 50nm, 5nm)			<mxdmdt> (1/s) <base> (4um, 0m, 0m; 4.01um, 50nm, 5nm)			<mxdmdt> (1/s) <base> (4.5um, 0m, 0m; 4.51um, 50nm, 5nm)			

0	-22086.9	-300087	-1.22679e+06	5511.29	295944	-3562.82	-83645.3	521991	-164056	29679.8	-221837	-581690	58474.4	-922625	701896
5e-12	7.38608e+09	1.12002e+11	-5.59162e+10	-1.82805e+09	-2.94956e+10	1.09969e+11	2.07939e+10	-2.51541e+11	1.24181e+11	-1.05221e+10	4.54251e+10	-6.37887e+09	-5.23102e+09	-3.30275e+11	2.02752e+11
1e-11	1.64563e+10	1.71935e+11	-2.79816e+10	-4.72199e+08	-2.43236e+11	-9.69732e+10	-2.43413e+09	-8.92745e+10	-1.87275e+11	-1.37854e+10	2.07269e+10	-3.49141e+10	-1.59189e+10	-4.19263e+10	-5.59982e+10
1.5e-11	4.4645e+09	1.05435e+10	-1.19168e+11	-6.25888e+09	6.1102e+10	-2.57175e+10	-2.33272e+09	-2.59634e+10	-1.2437e+11	-1.73848e+10	-9.90988e+10	1.32771e+11	-2.18647e+10	-1.06382e+11	-9.79345e+10
2e-11	1.8621e+10	-4.35059e+10	-1.13494e+11	4.12442e+09	9.13014e+10	5.0846e+10	5.59566e+09	-7.33434e+10	3.4692e+09	-1.90685e+10	-1.69378e+11	-8.05245e+10	-1.50894e+10	-2.76577e+11	-4.90592e+09
2.5e-11	3.47061e+10	-1.48327e+11	-2.48007e+11	-5.22273e+09	2.28001e+11	3.7655e+10	3.69282e+09	6.97457e+10	-1.51165e+11	-8.87545e+09	-1.06469e+11	8.06477e+10	3.6806e+09	2.00851e+11	2.9433e+10
3e-11	1.69191e+10	7.05057e+10	-1.49538e+11	-3.60394e+09	-5.22765e+09	5.23993e+10	-2.80348e+09	-4.118e+10	1.36668e+11	-1.20426e+10	4.60397e+10	-1.57872e+11	-3.58059e+09	1.48248e+11	-3.03896e+10
3.5e-11	3.44722e+09	-2.47166e+11	-7.87854e+10	6.05888e+09	-2.89649e+09	1.10486e+11	5.725e+09	2.61744e+10	2.63364e+11	-7.07799e+09	1.43455e+10	1.13085e+11	-1.49144e+10	-1.36101e+10	-3.54464e+10
4e-11	1.11438e+10	-3.10806e+11	5.08322e+10	-1.14253e+10	-1.00603e+11	-2.88503e+10	1.12074e+10	-3.11386e+11	6.78929e+10	-7.96186e+09	-4.09231e+11	-1.36805e+10	-4.87252e+09	1.50759e+11	-3.56335e+10
4.5e-11	1.86649e+10	-2.47611e+11	-8.6606e+09	-8.3967e+09	-2.26224e+10	6.62585e+10	-1.15546e+10	-2.33003e+10	7.7375e+10	-3.69119e+09	-2.14066e+10	9.2411e+10	-1.35444e+10	9.01895e+09	1.60172e+10
5e-11	-1.75025e+10	1.59319e+11	-1.08891e+11	-9.9098e+08	8.43241e+10	-1.24638e+11	-1.30101e+10	-2.06427e+11	1.42193e+10	1.10443e+09	-2.55746e+10	3.97011e+10	1.66685e+09	6.43928e+10	1.92913e+11
5.5e-11	-2.05802e+10	1.10984e+11	6.90767e+10	-6.18493e+08	2.31295e+11	-7.53741e+10	-4.73738e+09	2.15821e+09	9.55807e+10	-1.56642e+10	1.11254e+11	-1.64334e+11	-2.13914e+09	-6.3957e+10	-2.70704e+11
6e-11	2.80901e+10	-1.82834e+11	-4.85453e+10	6.40754e+08	-1.30991e+11	-4.57724e+11	2.0278e+10	1.61197e+11	1.65171e+11	-1.47765e+10	5.86279e+10	4.21805e+10	9.97884e+09	-3.60418e+09	1.01281e+11
6.5e-11	9.27918e+10	-4.11648e+11	4.41814e+11	3.59647e+10	1.31762e+11	-2.7793e+11	-8.22923e+09	2.15631e+11	-9.86343e+09	-7.69753e+09	7.95217e+10	-2.68262e+11	-1.70296e+10	-1.55589e+10	2.68839e+11
7e-11	8.39909e+10	-1.1172e+11	5.85269e+11	1.17415e+10	-5.86757e+10	-1.8437e+11	1.10383e+10	1.55894e+11	-1.16388e+11	-1.46525e+09	8.49249e+10	1.6578e+11	-1.9701e+10	-4.74527e+08	-1.61466e+11
7.5e-11	1.02801e+11	-1.52281e+11	5.17615e+11	3.49901e+09	-1.4709e+11	-4.24531e+10	1.20499e+10	-2.14564e+11	-2.52373e+11	-3.27253e+09	-2.71965e+11	4.94406e+10	5.98238e+08	-1.6036e+11	1.17525e+11
8e-11	1.19768e+11	-9.01526e+10	4.04321e+11	2.08876e+10	-1.43845e+11	-7.83094e+10	5.01814e+09	5.37269e+10	-8.16421e+10	-2.03912e+09	-1.37411e+11	2.94304e+11	2.11141e+09	8.74298e+10	-9.06048e+10
8.5e-11	1.03108e+11	3.03653e+11	2.20102e+11	-1.18839e+10	-7.05487e+10	5.78893e+10	-1.84314e+10	-1.31994e+11	3.15986e+11	-4.90045e+09	5.93605e+09	-1.26806e+11	2.6224e+08	1.3807e+11	1.72967e+11
9e-11	1.2654e+11	5.16224e+10	4.3496e+11	-1.16164e+10	1.4118e+11	1.03109e+11	-1.07633e+10	2.20766e+11	9.87091e+10	-7.04858e+09	3.21869e+11	-2.81136e+10	-1.14226e+10	1.60065e+11	-1.43402e+11
9.5e-11	2.66591e+10	1.09271e+11	4.50888e+10	3.30728e+10	-2.40629e+11	8.69329e+10	-2.29799e+10	-1.36373e+11	2.36072e+11	-9.93007e+09	3.00877e+10	2.14629e+11	-2.43406e+09	-9.7944e+10	1.46604e+11
1e-10	4.48107e+10	1.89936e+11	-4.83096e+10	-1.57335e+10	4.57941e+10	-8.62577e+10	1.1354e+10	6.46974e+10	-2.48322e+11	2.83891e+09	-7.5933e+10	-6.11636e+10	-1.59348e+10	-1.75416e+11	7.63417e+10
1.05e-10	5.64986e+10	2.03642e+11	5.60452e+10	-9.01352e+09	4.0509e+09	-5.71199e+10	2.70202e+10	-1.46704e+11	-7.72691e+10	-1.28939e+10	9.51096e+10	9.35733e+10	6.97715e+09	-9.53479e+10	-1.90835e+11
1.1e-10	8.0712e+10	2.39131e+11	-7.14886e+09	5.93413e+10	-2.45455e+11	1.00478e+11	-1.65056e+10	2.66966e+10	2.35945e+10	-9.35025e+09	-1.52182e+11	-1.14939e+11	-8.891e+09	4.09147e+10	-1.80548e+11
1.15e-10	1.11133e+11	3.5617e+11	-3.29759e+10	1.12161e+11	-1.26908e+11	4.55391e+11	-9.76307e+08	-2.02471e+11	5.70049e+09	-1.57789e+10	2.45196e+11	6.00907e+10	-1.65457e+10	3.07638e+11	3.70057e+11
1.2e-10	1.48014e+11	4.04283e+11	-3.82878e+10	1.16307e+11	-5.98083e+10	4.05469e+11	6.563e+10	-3.58737e+11	6.52396e+10	2.96746e+09	-1.19342e+11	-1.71223e+11	2.93784e+09	1.59594e+11	-3.854e+10
1.25e-10	1.00512e+11	3.23894e+11	-1.04547e+11	6.58456e+10	-1.04308e+11	2.92322e+11	-1.14539e+10	-1.20986e+11	-1.91683e+11	5.69096e+09	-1.50021e+11	-1.79473e+11	1.30307e+09	-1.4124e+10	6.39401e+10
1.3e-10	2.00062e+11	4.10363e+11	-3.69501e+11	1.0856e+11	4.1767e+11	3.13826e+11	6.28507e+09	-1.54134e+11	9.75867e+10	-3.28148e+09	-2.55229e+10	1.26383e+11	8.48664e+09	1.0091e+11	-1.98394e+11
1.35e-10	1.03641e+11	5.57431e+11	-1.62551e+11	3.7023e+10	2.00688e+11	9.07896e+10	2.44546e+10	-7.83159e+10	1.83316e+11	4.13413e+09	-1.61084e+11	7.17805e+10	2.04185e+10	2.28173e+11	-6.50691e+10
1.4e-10	5.45321e+10	-7.22578e+10	-1.99579e+11	1.76514e+10	9.98204e+10	7.75443e+10	3.6434e+09	2.15366e+11	3.8036e+11	-9.58352e+09	5.67416e+10	7.79499e+10	-1.13943e+10	9.03394e+10	-1.33899e+11
1.45e-10	1.29796e+11	9.57943e+10	-4.17536e+11	5.65686e+10	3.12025e+11	6.17939e+10	2.43111e+10	-1.02667e+11	1.95041e+11	2.42722e+10	-2.77918e+11	3.22668e+10	-1.94305e+10	-1.23486e+11	7.56247e+10
1.5e-10	1.14948e+11	-3.36596e+11	-2.4739e+11	-1.57044e+10	-4.45967e+09	-1.05697e+10	2.72689e+10	-1.32402e+11	1.61893e+11	7.9867e+10	-4.82296e+11	-8.40774e+10	2.77064e+08	1.1594e+11	-1.16241e+11
1.55e-10	9.00862e+10	-2.39998e+11	-1.62024e+11	4.58945e+10	3.55767e+11	-1.81611e+11	2.19591e+10	-5.5182e+10	2.24114e+11	-4.10163e+09	2.20103e+10	2.36863e+10	-1.49589e+09	-3.22727e+11	2.11691e+11
1.6e-10	1.28901e+11	-1.5754e+11	-5.07659e+11	5.70625e+10	2.95976e+11	-3.82387e+11	1.7132e+10	2.36422e+11	1.07683e+11	1.39682e+10	-1.82849e+11	7.26126e+10	-2.35343e+09	-5.36099e+10	-8.55394e+10
1.65e-10	6.51822e+10	-2.36933e+11	-6.03449e+10	3.82672e+10	3.04153e+11	1.55469e+11	1.55349e+10	1.08679e+11	7.60463e+10	2.49022e+09	6.17476e+10	4.70561e+10	6.93316e+09	1.24294e+11	-2.80121e+11
1.7e-10	6.50766e+10	-2.50456e+11	-2.02961e+10	8.53086e+10	2.51734e+11	-3.08866e+11	8.51894e+09	3.34227e+11	9.44253e+10	-2.87806e+09	3.56508e+10	-7.20353e+09	-9.77651e+08	-2.28544e+11	-3.97363e+10
1.75e-10	2.64385e+10	-1.21608e+11	-3.10522e+10	4.72673e+10	1.96491e+11	-8.11142e+10	-7.00147e+09	-1.66113e+10	3.96401e+10	5.9028e+09	5.66025e+10	2.23167e+11	2.76023e+09	-1.17968e+11	-1.60856e+11
1.8e-10	8.9936e+10	-3.21382e+11	2.52292e+11	4.26989e+10	3.85383e+10	-2.88013e+11	2.83578e+10	2.16626e+11	-4.00502e+10	1.55477e+09	-2.29626e+11	1.22267e+11	6.49536e+09	-8.82493e+10	9.60897e+10
1.85e-10	7.92573e+10	-2.33752e+11	2.88739e+11	1.10908e+11	1.9344e+11	-4.46981e+11	3.49481e+10	3.17485e+11	-1.15681e+11	-2.00375e+10	1.15027e+11	3.53015e+10	1.31625e+10	7.16073e+10	-2.58075e+11
1.9e-10	6.11209e+10	-2.96663e+11	1.02923e+11	1.7378e+10	-1.29451e+11	-4.02923e+10	8.39017e+09	1.32443e+11	-7.74546e+10	-1.74618e+10	1.83472e+11	-8.77124e+10	-6.61631e+09	3.13845e+10	-6.2334e+10
1.95e-10	3.43542e+10	-1.48105e+11	1.66716e+11	1.80743e+10	1.04724e+11	-1.68356e+11	3.38205e+10	2.25795e+11	-2.00664e+11	1.95654e+10	3.45944e+11	1.76718e+11	4.50775e+08	-1.13483e+10	-1.61133e+11
2e-10	2.64797e+10	-1.4202e+11	7.19374e+10	2.40642e+10	-8.36818e+10	-1.8998e+11	-9.72941e+09	-1.21932e+11	-5.64659e+10	-2.83308e+09	-2.84088e+10	2.41096e+11	4.04128e+09	2.20721e+11	-9.85848e+10
2.05e-10	5.23654e+10	1.37819e+11	3.215e+11	5.73479e+10	-8.93348e+10	-5.63299e+11	-2.01558e+10	-8.72657e+10	1.12567e+11	-1.21188e+10	-6.73185e+10	7.72191e+10	-6.63334e+09	4.41652e+09	8.87644e+10
2.1e-10	-1.12781e+10	-1.23834e+11	2.38986e+10	3.74107e+10	-2.75837e+10	-5.11701e+11	1.03864e+10	-8.98817e+10	-1.49435e+11	-1.94088e+10	-1.60832e+11	3.2623e+10	-5.51243e+09	3.02421e+11	-9.35067e+10
2.15e-10	3.12262e+10	4.21756e+10	1.69962e+11	3.11366e+10	-1.29425e+11	-2.32736e+11	9.39993e+08	1.031e+11	-6.4413e+10	3.0717e+10	1.94984e+11	-7.64013e+10	-1.0857e+08	2.72692e+11	1.08442e+11
2.2e-10	1.73384e+10	-2.92034e+10	3.22267e+10	-1.53705e+09	-3.23495e+10	-7.82256e+09	3.39744e+10	1.70481e+11	-2.01854e+11	1.28861e+10	5.34713e+10	-1.25204e+11	1.406e+10	4.14694e+11	1.46978e+11
2.25e-10	-2.50488e+09	3.0685e+11	2.30526e+11	1.38232e+10	9.10037e+10	-2.66015e+11	-1.59666e+10	3.70208e+10	-5.22698e+09	-1.47344e+09	1.45385e+11	2.5734e+10	-5.40305e+09	-2.43493e+10	8.46792e+10
2.3e-10	5.54482e+09	-1.06419e+11	-1.15358e+11	7.37611e+09	-1.78197e+10	-4.6989e+10	-1.73575e+09	8.47695e+10	-1.20814e+11	-2.12819e+10	-2.71754e+10	1.24841e+11	1.2134e+10	-2.45046e+11	4.40227e+09
2.35e-10	3.09799e+10	4.28937e+10	2.5089e+11	5.98025e+10	-4.9125e+11	3.47751e+10	-5.26354e+09	1.72696e+11	-4.30248e+10	4.41514e+10	2.46268e+11	-1.48192e+11	-1.53869e+09	2.74598e+11	-1.96602e+10
2.4e-10	6.5377e+10	-1.48994e+11	3.23826e+11	3.71516e+10	-2.172e+11	-8.81913e+10	-1.74543e+10	2.41177e+10	1.42057e+11	9.45171e+08	-7.36025e+10	-1.08501e+11	1.71248e+09	1.03287e+11	2.10175e+10
2.45e-10	9.45947e+10	2.59776e+11	5.13138e+11	3.89611e+10	-2.12272e+11	2.30945e+10	-5.47974e+09	6.17045e+10	1.44945e+11	-8.62206e+08	-1.04598e+11	1.8832e+10	1.38623e+10	2.42254e+10	2.43331e+11
2.5e-10	3.50697e+10	3.14965e+11	2.42055e+11	4.05168e+10	-2.40475e+11	1.528e+11	7.00628e+09	7.46905e+09	1.31061e+10	-1.00616e+10	3.54763e+11	1.47377e+11	-1.11939e+10	1.86862e+11	4.42621e+09
2.55e-10	1.20282e+10	2.27312e+11	-2.46416e+11	7.78635e+09	-3.16984e+11	2.52661e+11	-1.41738e+10	5.59279e+10	-3.20852e+10	-8.61769e+09	9.74323e+10	-3.20315e+11	-2.31807e+09	-8.67003e+10	3.24315e+10
2.6e-10	-5.30338e+09	-1.04399e+11	-1.00923e+11	3.12929e+09	-2.55579e+10	-1.53617e+11	-7.20319e+09	2.71619e+10	1.24965e+11	-4.30886e+09	-4.79242e+08	-5.69217e+10	-3.1628e+10	-1.55563e+11	-2.0818e+11
2.65e-10	1.41797e+10	1.11027e+11	-1.69738e+10	1.55581e+10	-1.41189e+11	-1.49638e+11	-2.61831e+09	7.49462e+10	-5.96075e+10	2.17844e+09	-4.44952e+10	-1.28082e+11	-7.90733e+09	-1.45145e+11	-8.40298e+09
2.7e-10	1.38866e+10	-1.57033e+11	1.87859e+11	-1.48264e+10	9.12285e+10	-7.64179e+10	1.13595e+10	-2.32746e+11	-1.06894e+11	-8.83189e+09	8.81076e+09	-6.25647e+10	-3.17268e+09	-9.09841e+10	8.3889e+10
2.75e-10	2.81419e+10	-9.43361e+10	2.20844e+11	-1.76777e+10	1.46349e+11	-2.13874e+11	9.84519e+09	-1.97917e+11	-2.90109e+10	1.1122e+10	-2.47233e+10	2.58016e+11	-2.09709e+10	-6.67257e+10	4.42869e+10
2.8e-10	5.19273e+09	-1.41835e+11	1.20672e+11	3.04129e+10	-1.79522e+11	-2.16629e+10	1.08309e+10	-2.63191e+11	-2.95299e+11	-4.04503e+09	-4.71537e+10	-7.20862e+10	-1.36034e+10	1.26739e+11	-6.76367e+10
2.85e-10	1.5456e+10	-3.77745e+10	1.59466e+11	4.77494e+10	-4.60298e+11	-9.41021e+10	-2.05533e+10	-2.90456e+11	1.55154e+11	1.1671e+10	-1.42342e+11	-8.30366e+10	-7.53697e+09	-1.46747e+11	1.58182e+11
2.9e-10	3.04531e+10	1.71437e+11	4.74555e+10	4.70404e+10	-1.62027e+11	2.7648e+11	-1.69877e+10	1.13835e+10	2.23035e+11	-4.89221e+09	4.79027e+10	1.00585e+11	-1.39433e+10	3.34884e+10	1.66193e+11
2.95e-10	2.29795e+10	1.03237e+11	-1.25183e+11	7.01316e+09	-2.74097e+10	1.92856e+11	1.21718e+10	-1.55045e+11	5.05814e+10	-1.31124e+10	-1.11672e+10	-2.21713e+11	-1.74091e+10	9.93838e+10	-1.40508e+10
3e-10	6.67729e+10	3.31774e+11	-2.12558e+11	2.53624e+10	5.16987e+10	2.02878e+11	3.29018e+08	-1.91569e+11	4.93917e+10	-2.79331e+10	5.11875e+10	-3.46502e+11	9.62006e+09	2.22947e+11	-5.28006e+10
3.05e-10	1.633e+10	2.76555e+11	-1.3889e+10	1.30925e+09	-2.17298e+11	5.83792e+10	3.55793e+09	-1.27347e+11	3.23762e+10	-1.20648e+10	7.49384e+09	1.01088e+11	-4.94092e+09	1.5856e+11	8.60955e+10
3.1e-10	1.84845e+10	-3.02364e+11	3.14564e+10	4.40078e+09	1.22164e+11	1.87367e+11	-1.36011e+10	1.804e+11	4.1837e+10	-7.3532e+09	1.4119e+11	-2.47423e+11	-8.28687e+08	7.58284e+10	-1.46904e+11
3.15e-10	1.71421e+10	1.66054e+10	-1.91052e+11	-4.19818e+08	-7.70862e+10	8.15283e+10	-1.02222e+10	1.33256e+11	-1.23683e+11	1.69974e+09	-1.64263e+11	1.006e+11	4.04997e+09	2.33969e+11	-4.58672e+09
3.2e-10	-8.66596e+09	-9.38128e+10	-5.08167e+09	-9.11382e+09	-2.80287e+11	-5.01247e+10	2.55049e+10	-2.30033e+11	3.53111e+09	-7.93573e+08	1.13153e+11	4.04033e+10	-8.91509e+09	-2.93854e+10	-1.2169e+11
3.25e-10	-3.27188e+09	1.16423e+10	1.85601e+10	1.22168e+10	1.3549e+11	1.62249e+11	1.29551e+10	-2.15906e+11	-2.05757e+09	4.79965e+09	-8.12185e+10	2.46339e+11	-3.88366e+09	1.75984e+11	8.8367e+10
3.3e-10	1.52955e+10	-2.3417e+11	-1.98243e+11	2.84779e+09	2.36768e+11	-1.03996e+10	1.11986e+09	1.60638e+11	1.36239e+11	8.80615e+09	3.89927e+10	1.95546e+11	-4.09829e+10	-4.28707e+11	1.61653e+11
3.35e-10	1.17015e+10	-8.29765e+10	-1.80719e+11	1.4001e+10	6.44973e+10	-2.14959e+11	1.97719e+10	1.14826e+11	1.31964e+11	-7.46349e+09	-1.356e+10	1.21043e+11	-1.71437e+10	3.99882e+10	-1.36853e+11
3.4e-10	3.06365e+10	-1.36413e+11	-2.41961e+10	2.27013e+08	-2.32083e+11	-2.95005e+10	4.37064e+09	-5.17179e+10	-3.78069e+10	-1.06893e+10	-7.83415e+10	2.0498e+11	-6.45572e+09	1.54947e+10	1.04687e+11
3.45e-10	3.83194e+10	-1.77519e+11	-1.0414e+11	1.21178e+10	-3.84185e+10	-1.10724e+11	-1.00806e+10	-1.21883e+11	-2.32031e+10	-1.05892e+10	9.02826e+10	1.36404e+11	-1.71346e+10	2.49394e+11	-2.63692e+10
3.5e-10	2.37206e+10	-1.28636e+11	7.07176e+10	1.06542e+10	4.41706e+11	1.75374e+11	-1.31762e+10	-1.45401e+11	1.57324e+11	-7.7228e+09	8.35451e+10	-1.86701e+11	5.6962e+08	1.1693e+11	9.07207e+10
3.55e-10	5.61941e+10	-2.17892e+11	5.3318e+10	5.16965e+10	3.53964e+11	-1.29256e+11	-7.91317e+09	1.52697e+11	1.1095e+11	9.0381e+09	-3.86376e+10	-3.25371e+11	-5.02252e+09	-4.82401e+10	-1.74614e+11
3.6e-10	1.26933e+11	-3.90518e+11	-3.29684e+10	9.82866e+09	2.42248e+11	-2.6679e+10	-1.51208e+10	1.30398e+11	-7.76609e+10	-7.59538e+09	-1.16291e+11	9.61483e+10	-5.10202e+09	1.28034e+10	1.46467e+11
3.65e-10	1.97196e+11	-5.33242e+11	6.76285e+09	-1.20562e+10	-5.68662e+09	2.39798e+10	3.71662e+10	2.89285e+11	-1.86574e+11	-5.11465e+09	1.18558e+11	-1.58433e+11	-1.03639e+10	-6.2084e+10	-6.66043e+10
3.7e-10	1.46157e+11	-2.98214e+11	3.6485e+11	9.46108e+10	-2.03326e+10	-5.19006e+11	6.01536e+08	1.64693e+11	3.76065e+10	7.90856e+09	1.38859e+11	-3.07421e+10	5.90461e+09	-3.87011e+10	-1.57096e+11
3.75e-10	9.2122e+10	-2.93301e+11	8.40227e+10	9.871e+10	5.73278e+10	-4.60284e+11	-1.04613e+09	1.28582e+11	1.64216e+11	1.68598e+09	-1.13965e+11	5.7345e+10	5.25783e+08	1.91441e+10	5.23484e+10
3.8e-10	2.08122e+10	-4.83782e+10	6.14132e+10	2.09002e+10	6.23235e+10	-1.18349e+11	-4.76e+09	-2.64932e+10	-2.35403e+10	2.0209e+10	3.05855e+11	-2.3508e+11	2.26004e+09	-2.05048e+10	2.54541e+11
3.85e-10	9.1627e+10	-2.05869e+11	2.16105e+11	5.00966e+10	-1.049e+11	-2.23021e+11	4.95441e+10	6.83422e+10	-3.05205e+11	-2.02763e+09	-1.09978e+11	-1.68728e+10	-2.27107e+09	6.36961e+10	-2.43396e+10
3.9e-10	1.1744e+11	-2.5792e+11	2.96849e+11	5.87971e+10	-1.20706e+11	-2.17675e+11	-6.85795e+09	5.79229e+10	8.17688e+10	-1.95629e+09	7.21408e+10	-1.32427e+10	-7.17002e+09	3.77758e+10	6.29632e+10
3.95e-10	3.60025e+10	-2.85392e+11	1.93704e+10	8.40871e+10	-1.00601e+11	-2.61415e+11	6.41282e+08	1.94154e+11	-8.77415e+10	-4.23321e+09	1.08554e+11	7.18668e+10	-8.80959e+09	1.21379e+11	-3.37907e+10
4e-10	1.40346e+11	-2.99431e+11	2.94727e+11	8.6078e+10	-1.01279e+11	-4.27849e+11	1.63801e+10	-6.10677e+10	-9.70942e+10	1.15158e+10	3.10725e+11	-1.00127e+11	2.7055e+10	3.54645e+11	-7.70559e+10
4.05e-10	1.4002e+11	-2.20014e+11	4.65392e+11	6.0504e+10	-1.32549e+11	-2.78631e+11	3.39932e+10	2.8386e+11	-2.13949e+11	5.97447e+09	1.24357e+11	-6.27869e+10	-4.74603e+09	9.51933e+10	-1.46909e+11
4.1e-10	1.30491e+11	-1.52509e+11	4.03056e+11	7.13004e+10	-3.38141e+11	4.43478e+10	2.78667e+10	-4.18942e+09	-8.27579e+10	3.01191e+10	1.59302e+11	-3.24761e+11	-8.27647e+09	2.477e+11	2.33186e+10
4.15e-10	1.69258e+11	4.68626e+10	5.55642e+11	1.08352e+11	-5.16452e+11	2.73889e+10	1.02098e+10	2.55088e+10	-1.26781e+11	7.57781e+09	2.54712e+11	2.37628e+10	-1.07766e+10	1.88946e+11	-1.68662e+11
4.2e-10	1.45952e+11	2.62435e+11	2.48887e+11	8.62248e+10	-2.27303e+11	2.74307e+11	1.42565e+10	2.13386e+10	-2.20051e+11	1.94838e+10	2.23669e+10	-1.91771e+11	-2.26853e+09	-1.18075e+11	6.46215e+10
4.25e-10	2.24844e+11	3.02917e+11	4.40954e+11	1.16636e+11	-2.6259e+11	3.36908e+11	-3.82672e+09	-3.66083e+10	-4.19207e+10	2.04645e+08	-3.2083e+11	-1.72731e+11	-1.3142e+07	-1.46477e+10	-1.42339e+11
4.3e-10	1.75308e+11	4.26875e+11	2.03811e+11	6.98018e+10	-2.5825e+11	4.59457e+10	-7.09578e+09	1.98998e+10	-1.35204e+11	-9.62689e+09	7.52079e+09	-9.01882e+09	-6.54174e+09	4.48091e+10	-2.34616e+11
4.35e-10	2.76119e+11	6.44549e+11	-1.21837e+11	8.17594e+10	-1.63144e+11	3.84839e+11	2.44356e+10	-1.23457e+11	-7.60328e+10	1.45487e+10	-3.67628e+10	-2.00279e+11	2.50845e+10	1.93443e+11	-3.7073e+10
4.4e-10	8.90471e+10	2.16409e+11	1.75195e+10	-8.39817e+09	-1.04672e+11	-3.25156e+10	-9.84693e+09	2.13414e+11	2.73987e+10	-4.28685e+09	-1.84172e+10	8.81685e+10	1.79778e+10	-2.21805e+11	-3.00592e+11
4.45e-10	2.81684e+10	7.90572e+10	-1.03313e+11	5.75452e+10	-2.91015e+11	1.82661e+11	-1.76142e+10	-3.81696e+10	1.87452e+11	2.38903e+10	-1.16981e+11	-3.76333e+11	1.46956e+10	-1.27315e+11	-7.7111e+10
4.5e-10	7.35272e+10	3.21014e+11	-5.91693e+10	2.99215e+10	-2.18226e+11	3.58979e+11	2.91167e+10	-3.53995e+11	-1.24464e+11	1.46484e+10	-1.35968e+11	-1.52196e+11	-1.55448e+10	1.10909e+11	-4.74079e+10
4.55e-10	1.16883e+11	2.20056e+11	-3.38624e+11	5.3808e+10	2.11276e+11	3.09557e+11	1.38104e+10	-2.36207e+11	1.35254e+11	-2.22934e+10	4.75816e+10	-6.62416e+10	-7.47102e+09	5.32229e+10	9.44824e+10
4.6e-10	5.305e+10	4.85566e+10	-2.25457e+11	2.08693e+10	-1.43538e+11	2.84022e+11	5.06308e+09	1.86411e+10	-1.6597e+10	-9.95779e+09	1.33051e+10	5.66985e+10	-4.93647e+09	1.34036e+11	2.66902e+10
4.65e-10	9.28758e+10	-3.32259e+11	-3.68003e+11	2.27973e+10	3.47945e+11	1.48368e+10	-3.51328e+09	3.15721e+09	4.69216e+09	2.58381e+09	-8.75802e+09	-3.7437e+10	-2.55581e+10	9.88002e+10	1.18394e+11
4.7e-10	4.04443e+10	-1.99175e+11	-5.71521e+10	3.24362e+10	1.79467e+11	8.10779e+10	-1.45045e+10	1.16108e+11	6.41665e+10	2.00347e+10	-2.55164e+11	-1.86185e+11	-4.04796e+09	-5.35719e+10	1.6944e+11
4.75e-10	8.54272e+10	-3.33779e+11	-3.04177e+10	-9.21238e+09	3.10237e+09	2.3395e+11	4.3048e+10	-2.62259e+11	3.3482e+11	1.13243e+10	-2.2303e+11	-2.70442e+10	-1.24654e+10	-5.18415e+10	-2.7398e+11
4.8e-10	8.72251e+10	-3.02405e+11	3.98151e+10	6.10395e+09	1.0339e+11	1.73626e+11	3.84591e+10	-1.39699e+11	3.47156e+11	-1.30289e+10	8.11388e+10	-1.23596e+11	-3.56478e+09	8.88325e+10	-2.23208e+11
4.85e-10	2.77832e+10	-1.38627e+11	-1.47031e+09	4.67477e+10	1.33067e+11	-2.59495e+11	2.51669e+10	1.0777e+11	3.56391e+11	2.88222e+10	2.33312e+10	2.46361e+11	1.48279e+10	-2.12484e+11	-1.84085e+11
4.9e-10	6.35484e+10	-3.03536e+11	7.71792e+10	4.21982e+10	4.89484e+11	2.36344e+10	-3.36282e+09	6.62595e+09	3.0065e+10	8.39269e+09	-2.66058e+11	6.65148e+10	-3.12144e+09	6.82739e+10	2.79262e+10
4.95e-10	6.05013e+10	-2.40967e+11	1.5152e+11	4.77794e+10	6.08252e+10	-3.35312e+11	2.31576e+10	2.71376e+11	9.70049e+10	7.46605e+09	-2.33047e+10	-3.82914e+10	-1.98395e+10	-1.19277e+11	-1.34775e+11
5e-10	5.22524e+10	-3.06829e+11	2.13585e+10	9.10486e+10	2.20621e+11	-4.89449e+11	4.73072e+09	1.17007e+11	-8.4369e+10	-5.23275e+08	-1.86157e+10	3.34001e+10	1.33773e+10	-2.98404e+11	6.62251e+09
5.05e-10	2.20732e+10	-1.51311e+11	-6.47539e+09	4.92794e+10	4.43666e+10	-2.47957e+11	7.34373e+09	2.52048e+11	1.7013e+11	-2.20651e+09	-1.10614e+11	1.65499e+11	-2.15721e+09	-1.78465e+11	5.27306e+10
5.1e-10	5.93266e+10	-2.40978e+11	3.30002e+11	3.03774e+10	1.41945e+10	-1.74906e+11	-6.36808e+09	-2.54459e+10	-8.95223e+10	-2.44033e+10	-1.30914e+11	-6.53981e+10	-7.54325e+09	-1.55003e+11	1.18725e+11
5.15e-10	8.09161e+09	-5.30551e+10	1.12471e+11	3.56431e+10	3.74458e+10	-3.03637e+11	1.82273e+10	3.01715e+11	1.21585e+11	-3.68533e+09	1.62271e+11	-2.13764e+11	5.87836e+09	-2.3937e+11	1.25709e+11
5.2e-10	-4.10791e+08	-1.75755e+10	2.85407e+10	4.10256e+10	-6.31411e+10	-2.86661e+11	1.25049e+10	2.2885e+11	-1.11842e+11	9.50675e+09	1.63656e+11	-1.39445e+11	-1.07355e+10	-6.43969e+10	5.14548e+10
5.25e-10	5.48472e+10	7.45751e+10	2.90321e+11	-2.08385e+09	-1.86766e+11	2.28773e+11	-1.68152e+10	-2.01381e+11	-7.18532e+10	9.86718e+07	-8.82127e+09	-8.43581e+10	-2.11975e+09	2.03684e+11	1.10951e+11
5.3e-10	-3.71493e+09	-3.40611e+11	1.47655e+11	3.43011e+10	-3.63245e+11	-1.3866e+11	1.80982e+10	2.44727e+11	-1.37003e+11	-5.93583e+09	-1.48578e+10	7.87021e+09	-6.63185e+09	-9.65634e+10	-1.00317e+11
5.35e-10	-2.33224e+10	6.65176e+10	-1.50092e+11	5.12997e+09	-3.10324e+11	1.30003e+10	-4.28396e+09	-3.51637e+10	-4.62052e+10	1.7637e+10	1.46116e+11	1.84976e+11	1.22154e+10	2.13082e+11	8.91228e+10
5.4e-10	-2.17833e+10	2.72672e+10	-2.86552e+10	-2.90857e+09	1.20592e+11	5.35496e+10	-8.53618e+09	8.13015e+09	-1.27533e+11	-2.51813e+10	-6.91972e+10	2.26174e+11	4.53811e+09	2.93369e+10	1.27302e+11
5.45e-10	-6.94092e+08	1.9589e+11	-4.10138e+10	5.48587e+09	-1.04874e+11	4.0473e+10	4.97247e+09	6.96906e+10	-6.59069e+10	9.1848e+09	9.43372e+10	-1.62857e+11	-2.05078e+10	1.90104e+11	-9.91628e+10
5.5e-10	1.57861e+10	-7.28431e+10	-3.19015e+11	-1.83117e+10	-2.4132e+10	2.19241e+11	1.45704e+10	3.44066e+10	-1.70915e+11	7.04626e+09	5.24252e+10	-1.84143e+11	-3.07626e+10	2.67659e+11	1.20867e+11
5.55e-10	5.64877e+09	-1.8096e+11	9.90829e+10	9.94634e+09	-2.12067e+11	2.58456e+11	2.17672e+10	9.3492e+10	-2.82598e+11	-2.60627e+09	1.72897e+11	1.68405e+11	7.75461e+09	1.45337e+11	-8.05277e+10
5.6e-10	-2.5004e+09	1.2245e+11	1.69644e+11	3.21942e+09	-1.44458e+11	6.31795e+10	-1.23982e+10	2.57253e+10	-1.52674e+11	-1.08065e+10	-3.52629e+10	-3.26379e+10	1.303e+09	-5.30069e+09	3.835e+10
5.65e-10	3.96115e+09	-1.84346e+11	1.00277e+11	-1.2897e+10	1.75964e+11	5.16487e+10	-2.50041e+10	-2.39125e+11	-1.90147e+11	-5.89212e+09	9.93606e+10	3.44985e+10	-1.50217e+10	-8.64993e+10	-7.28602e+10
5.7e-10	-1.39776e+09	-1.30582e+11	6.1227e+10	7.68158e+09	9.42039e+10	1.68033e+11	-5.02846e+09	2.27382e+10	-7.88216e+10	-1.71278e+10	-4.36382e+10	1.60124e+11	-9.55577e+09	3.17774e+11	1.66849e+11
5.75e-10	6.34715e+09	-2.96159e+11	-1.42075e+11	5.18659e+09	1.19441e+11	-3.09441e+10	-6.5025e+09	-4.62192e+10	-1.84131e+09	7.70109e+09	-2.7162e+11	2.58161e+11	-1.57694e+10	-5.849e+10	1.51626e+11
5.8e-10	-2.61982e+09	1.95333e+11	-1.88169e+11	1.59595e+10	2.23697e+11	4.02173e+10	-3.11741e+09	-1.1279e+11	-2.72643e+10	5.41223e+09	-1.62111e+11	-2.26957e+11	-8.07347e+09	6.78077e+10	9.50568e+09
5.85e-10	-3.4317e+09	7.56529e+10	-7.5475e+10	1.27853e+10	-1.15427e+11	-2.51302e+11	-6.04203e+09	3.50087e+10	-1.10192e+11	-4.94286e+09	-3.05037e+11	-1.72217e+11	-6.59273e+09	6.66932e+10	-2.31606e+11
5.9e-10	3.27974e+10	9.81845e+10	2.89654e+11	1.62252e+09	1.16352e+11	5.79575e+10	8.10393e+09	2.45373e+11	-1.1254e+11	1.76635e+10	-6.29858e+10	-2.29559e+11	-7.57746e+09	1.75557e+11	1.80335e+11
5.95e-10	4.85839e+08	9.42176e+10	2.74553e+11	-3.72579e+09	-1.45259e+11	1.58526e+09	-1.11382e+10	4.16761e+10	6.95521e+10	-5.56595e+09	6.70241e+09	6.66934e+09	-1.70737e+10	-1.94994e+11	-9.53813e+09
6e-10	1.05794e+10	3.06689e+10	3.53727e+10	-5.70992e+09	1.70521e+11	1.65189e+11	1.17156e+09	-1.15441e+11	-2.09001e+10	-6.03687e+09	-5.83252e+10	-3.26493e+11	-8.35394e+09	-1.61583e+11	-2.38901e+11
6.05e-10	1.97949e+10	1.9276e+11	5.71242e+10	4.87877e+09	1.52272e+11	2.44166e+11	-1.08189e+10	5.13973e+10	-4.20325e+10	3.508e+09	-2.31348e+11	-4.85576e+09	-2.09232e+10	-2.24108e+11	-1.38321e+11
6.1e-10	-2.59554e+10	-1.73412e+11	1.07933e+11	-2.00103e+10	4.00433e+11	-1.95795e+11	-3.67685e+09	1.13763e+10	5.94063e+10	1.46098e+10	2.01948e+11	1.63413e+11	1.05833e+10	-3.88322e+10	1.01264e+10
6.15e-10	1.46749e+10	-1.92675e+10	1.22229e+09	1.20463e+10	-9.20647e+10	1.38106e+11	1.03751e+10	-1.82209e+10	1.72042e+11	4.83361e+08	4.60101e+10	8.82915e+10	-1.15354e+10	-2.11845e+11	1.96487e+11
6.2e-10	4.29441e+07	-5.61122e+10	1.19335e+11	-1.09923e+10	2.45434e+10	-1.71759e+11	-4.42597e+07	-2.04675e+11	6.51143e+10	6.46555e+08	1.06486e+11	1.3451e+11	4.40028e+09	1.32542e+11	1.33135e+11
6.25e-10	-5.79836e+09	4.32359e+10	-3.635e+09	-3.04018e+10	1.09101e+11	-2.28893e+11	3.70248e+09	-1.16702e+11	1.71459e+11	-1.069e+10	-1.02969e+11	-4.58108e+10	-5.99106e+09	2.57383e+11	-2.03874e+11
6.3e-10	5.34597e+10	5.35004e+10	-5.66413e+11	-6.89327e+09	-4.01769e+10	2.71237e+10	3.73127e+09	-9.54625e+10	-7.0555e+10	-1.9205e+09	9.70825e+10	-3.70828e+11	1.89927e+09	-1.21654e+11	8.24866e+10
6.35e-10	4.22433e+10	7.86481e+10	-3.17409e+11	5.91094e+08	-1.51832e+11	1.62412e+11	-4.02835e+09	4.04978e+10	-1.68799e+11	-4.52649e+09	5.95991e+10	-1.91694e+10	4.31739e+09	2.62538e+10	1.01552e+10
6.4e-10	1.12168e+11	6.82665e+09	-4.14167e+11	2.64109e+10	2.92311e+11	2.19528e+11	-2.76444e+10	4.94153e+10	-1.34539e+11	-7.57802e+09	6.45159e+10	-8.66935e+10	8.0909e+08	1.19481e+11	4.89664e+10
6.45e-10	6.21797e+10	-1.0269e+11	-2.30973e+11	5.69194e+10	3.69296e+11	2.265e+11	-4.72548e+09	2.44238e+11	2.31687e+11	-1.3384e+10	3.01135e+10	2.45546e+11	-1.24124e+10	5.16081e+10	-1.06878e+11
6.5e-10	6.81246e+10	-3.14479e+11	-4.99376e+09	5.11011e+09	1.04826e+11	-3.28956e+11	-9.85178e+08	2.77623e+11	-2.96301e+10	4.91227e+09	-2.80169e+11	-1.83596e+11	-1.50031e+10	-1.00329e+11	-6.57337e+10
6.55e-10	5.59211e+10	-3.50257e+11	1.86523e+11	-8.55121e+09	-1.43675e+11	-2.33584e+11	2.68777e+09	2.4503e+11	4.00019e+10	-7.31221e+09	9.6711e+10	1.26817e+11	1.09058e+08	-1.79881e+11	-1.58257e+10
6.6e-10	2.47129e+10	-1.00714e+11	-1.89501e+11	-2.01914e+09	7.66693e+10	4.92328e+10	-9.33293e+09	1.20018e+11	1.01534e+10	6.89053e+08	-9.72101e+10	8.20476e+10	-1.03892e+10	-1.04441e+11	1.3965e+11
6.65e-10	-5.53049e+09	-4.02976e+10	-6.40783e+09	-3.60095e+09	7.69797e+10	-1.23706e+08	8.34218e+09	8.63699e+10	4.41596e+11	-1.52241e+10	-8.98226e+10	-7.48348e+10	-1.06036e+10	2.09613e+11	-2.92426e+11
6.7e-10	1.48934e+10	-1.0709e+11	1.87159e+10	1.28291e+10	1.85729e+11	-1.14117e+10	2.31271e+10	1.82262e+11	2.89315e+11	-6.67015e+09	4.32723e+10	-3.65566e+10	-4.10517e+09	2.70403e+11	-3.00626e+11
6.75e-10	7.49296e+10	-3.91519e+11	-1.35782e+11	5.11734e+10	3.67416e+11	-7.83941e+10	-1.1011e+10	-8.31543e+10	-7.68102e+10	-1.25019e+10	2.69289e+11	2.52537e+11	4.27352e+07	3.38801e+10	-2.33542e+11
6.8e-10	1.15463e+11	-5.59058e+11	6.87882e+10	-2.69234e+10	-1.3576e+11	7.11919e+09	1.79509e+10	3.30317e+11	-1.30873e+11	-6.59699e+09	-2.19792e+11	1.66606e+10	-1.86923e+09	1.72674e+10	2.63642e+11
6.85e-10	5.5661e+10	-2.42567e+11	5.91522e+10	-2.5909e+10	-1.31995e+09	1.37739e+11	6.27099e+09	8.37392e+10	-5.86311e+10	-1.8632e+10	-1.59321e+11	3.925e+10	2.24301e+09	1.91558e+10	1.07248e+11
6.9e-10	9.28983e+09	-6.35008e+10	4.62555e+09	3.30542e+10	1.53543e+11	-2.10926e+11	-2.67658e+10	1.63389e+11	3.40177e+11	-2.48849e+09	8.56243e+10	1.37367e+11	-2.72773e+09	1.46872e+11	1.91812e+11
6.95e-10	9.93731e+09	1.29534e+10	1.70871e+11	9.88538e+09	2.57765e+11	-1.91757e+11	6.48324e+09	1.38771e+11	2.45136e+11	-4.97657e+09	-1.78501e+11	5.23391e+10	-7.6841e+09	4.84789e+10	7.38916e+10
7e-10	1.91912e+10	-1.13654e+11	2.18816e+11	-4.04648e+09	-1.29613e+11	5.42504e+09	-7.87326e+09	2.2643e+10	4.38669e+10	1.30491e+10	-9.65008e+10	2.73962e+10	-1.17141e+10	-7.4873e+10	1.53704e+11
7.05e-10	5.30087e+10	-2.04539e+11	3.22076e+11	1.86136e+10	1.17337e+10	-1.50249e+11	2.95298e+09	2.08296e+11	-4.95983e+10	1.12728e+10	3.06171e+10	2.16498e+11	-1.18669e+10	-1.49097e+11	1.30736e+11
7.1e-10	3.74462e+09	-1.84946e+11	-2.60183e+10	5.20857e+10	-1.77664e+11	-4.04492e+11	-3.84312e+09	3.25324e+10	5.92523e+10	-1.30801e+10	1.4333e+11	-5.46936e+10	-9.19638e+08	-2.06179e+11	-1.26349e+11
7.15e-10	3.71138e+10	6.98124e+09	1.64929e+11	3.62045e+10	-1.44992e+11	-2.77415e+11	1.66317e+10	-1.25386e+11	-2.71774e+11	2.20059e+10	1.63222e+11	-1.19086e+11	-3.45944e+10	3.24439e+11	-4.63091e+09
7.2e-10	6.69937e+10	2.00098e+11	2.0266e+11	1.55324e+10	-2.03242e+11	-9.53069e+10	-1.2601e+10	3.08498e+10	9.55493e+10	2.11038e+09	1.6306e+11	-1.31183e+11	-6.42094e+09	4.70663e+10	2.4482e+11
7.25e-10	2.65772e+10	2.52843e+11	2.17615e+10	4.11833e+09	-6.31455e+10	-5.58232e+10	3.53939e+10	8.19545e+10	-1.40679e+11	-1.28652e+10	1.35327e+11	2.21604e+11	3.39546e+09	2.7977e+11	1.03559e+11
7.3e-10	2.8045e+10	-2.16166e+11	2.28243e+11	2.35468e+10	-1.43724e+11	1.61527e+10	9.53115e+09	-2.18455e+11	-2.48152e+11	-1.56131e+10	-1.50244e+11	-1.17698e+11	-1.27259e+07	1.54033e+11	-2.0551e+11
7.35e-10	3.26205e+10	1.35512e+11	1.01771e+11	5.99102e+10	-3.94097e+11	7.23679e+10	-1.7882e+10	3.24808e+10	1.05471e+11	-1.32441e+10	-9.50359e+10	8.75679e+10	-8.78884e+09	-6.41804e+10	-3.77246e+09
7.4e-10	3.88452e+10	2.74633e+11	3.33009e+10	3.3202e+10	-2.55292e+11	1.56795e+11	-3.70794e+09	4.52328e+10	-9.37336e+10	5.29923e+09	1.62879e+10	-1.01163e+11	-4.78708e+09	-2.33822e+11	2.11142e+10
7.45e-10	2.22902e+10	1.27704e+11	6.31374e+10	9.64199e+09	-1.39188e+11	7.29902e+10	-1.55553e+09	-5.02165e+10	-1.68579e+09	3.92582e+09	4.13985e+10	-9.24911e+10	1.71096e+10	1.94806e+11	3.69558e+07
7.5e-10	5.42422e+10	1.32667e+11	-3.7697e+11	-7.16727e+09	9.78485e+09	-1.26529e+11	9.65211e+09	-9.62753e+10	2.02132e+11	1.47422e+10	5.18677e+10	-2.58681e+11	-2.33276e+10	-2.25844e+11	-2.12343e+08
7.55e-10	3.02622e+10	5.98426e+10	-1.11797e+11	1.13927e+09	1.48495e+11	1.83829e+11	6.32216e+08	-1.25594e+10	-1.26618e+11	1.37875e+10	1.52838e+11	-1.70354e+11	-2.04298e+09	-6.32906e+10	2.68252e+11
7.6e-10	3.28533e+10	-9.24423e+10	-3.55124e+11	-9.13977e+09	-4.18323e+10	-3.819e+09	-1.10618e+10	1.93868e+11	-6.08712e+10	-3.22409e+09	-7.45042e+10	2.43237e+11	-6.55457e+09	-2.42759e+11	-1.46757e+11
7.65e-10	6.3334e+10	9.83023e+10	-4.30066e+11	-1.04251e+10	-3.97382e+11	1.57368e+11	-2.95148e+09	1.2937e+10	5.6106e+10	-6.20726e+09	-1.64786e+11	4.74198e+10	1.1895e+10	1.22054e+11	-1.2388e+11
7.7e-10	4.93945e+09	-4.49506e+10	-1.16537e+11	1.11491e+10	7.16446e+10	3.29185e+11	1.52586e+09	-3.96917e+10	-1.3844e+11	4.574e+09	-3.01949e+11	1.98598e+10	-1.21871e+09	4.94458e+10	-7.68174e+10
7.75e-10	1.02128e+11	5.61879e+10	-5.24577e+11	2.93685e+10	1.89732e+11	7.55606e+10	1.21853e+10	-7.41206e+10	1.1778e+11	-1.34533e+10	6.6814e+10	-1.18817e+11	-8.2571e+09	9.01879e+10	1.89233e+11
7.8e-10	9.53567e+08	-9.94868e+10	-1.09737e+11	3.96233e+09	-2.57687e+10	8.07621e+10	-3.04979e+08	-1.62515e+11	-4.02873e+10	3.6612e+09	-8.98123e+09	-8.76363e+10	-1.1315e+10	1.07009e+11	-3.41508e+10
7.85e-10	1.28759e+10	3.61002e+09	-1.60438e+11	6.88712e+09	9.21793e+10	-2.29757e+11	-2.27962e+10	2.31738e+11	-2.04682e+11	-8.50179e+09	-6.26844e+10	-1.11275e+10	7.4551e+09	-7.61862e+10	-1.06495e+11
7.9e-10	7.46687e+08	5.69791e+10	-3.66661e+10	1.23141e+10	1.42368e+11	-1.53034e+11	-3.89359e+09	7.94933e+10	-8.41708e+09	-8.1101e+08	-1.23637e+11	-1.11355e+11	1.76268e+09	-4.08922e+11	-1.56971e+10
7.95e-10	3.90531e+10	-9.50172e+10	-1.98335e+11	2.01972e+09	8.1107e+10	-1.88454e+10	4.31125e+09	1.02111e+11	-2.09812e+11	-1.25089e+10	8.18226e+10	3.33685e+10	-3.65394e+09	-2.40046e+11	-1.95208e+11
8e-10	8.49618e+10	-2.98435e+11	-5.46641e+09	-4.07535e+10	-5.01473e+10	2.88818e+11	-6.79722e+09	-5.98009e+10	1.23051e+11	2.46341e+10	-2.82997e+10	1.87526e+11	-2.89197e+10	-1.59899e+11	1.234e+11
8.05e-10	5.06949e+10	-2.83521e+11	4.95267e+10	-1.05395e+10	-4.04862e+11	-3.04898e+11	5.009e+08	4.13176e+10	1.91381e+11	1.38121e+10	-5.15563e+10	5.75154e+10	-1.64462e+09	-6.00586e+10	-1.6512e+11
8.1e-10	2.61611e+10	3.78829e+10	1.73873e+11	1.42496e+10	1.86129e+11	-2.56562e+11	5.61582e+09	-7.20537e+10	-7.94107e+10	3.38292e+09	-6.36146e+10	2.59591e+11	-1.99518e+10	1.21969e+11	-3.06947e+11
8.15e-10	6.8109e+10	-3.10443e+11	2.08996e+11	-2.15466e+10	-1.94743e+11	9.59732e+10	3.47481e+10	2.43879e+11	-1.52113e+11	3.33068e+09	1.55252e+11	-3.68087e+10	1.18146e+10	1.79696e+11	7.22511e+10
8.2e-10	1.63847e+10	1.11125e+11	1.42098e+11	-3.5113e+09	1.79716e+11	1.79229e+11	1.80264e+10	2.94017e+10	-2.92376e+11	1.96792e+09	2.00625e+11	-3.19143e+10	-2.55775e+10	1.66919e+11	-7.43213e+10
8.25e-10	3.75003e+10	2.171e+11	1.00099e+11	-4.5298e+09	-1.58343e+11	-6.74096e+10	-9.46046e+09	-1.22395e+11	8.50308e+10	3.55026e+10	3.74955e+11	-1.8218e+10	1.86641e+09	1.17643e+11	7.31576e+10
8.3e-10	5.8073e+09	-1.56236e+11	2.63931e+11	-5.86703e+09	-1.20937e+11	5.33418e+10	-8.22803e+09	-1.90767e+11	-1.17264e+11	1.07622e+10	-1.10582e+11	2.14812e+11	-2.17299e+10	-3.19022e+11	-1.45932e+11
8.35e-10	-1.10681e+10	2.19974e+11	-5.969e+09	5.98911e+09	1.36447e+10	1.13144e+11	-8.84658e+09	2.75979e+10	1.79386e+10	-1.54392e+10	5.53221e+10	-1.24248e+11	-1.5273e+10	1.30429e+11	-2.14835e+11
8.4e-10	7.68804e+09	1.02926e+11	-1.02509e+09	2.16281e+10	-2.15104e+11	6.84495e+10	8.93929e+09	1.67157e+11	-4.59566e+10	5.18228e+09	-8.53591e+10	1.46081e+11	2.65782e+09	-5.59621e+09	8.88886e+10
8.45e-10	8.31628e+10	8.37316e+10	5.35281e+11	2.97214e+10	-2.15415e+11	1.85273e+11	-1.26164e+10	1.34743e+11	-1.97994e+11	-1.36993e+10	-8.51031e+09	1.25726e+11	3.84964e+08	-4.93141e+10	1.11058e+11
8.5e-10	6.19827e+10	3.26587e+10	3.01993e+11	2.14137e+10	-3.16197e+11	2.65735e+11	-3.70219e+09	-3.53985e+11	8.05875e+10	-2.85624e+10	-1.79476e+11	9.91896e+10	-3.12496e+10	6.04999e+09	-2.6184e+11
8.55e-10	5.64646e+10	2.80152e+11	9.25424e+10	1.61916e+10	-1.92284e+11	1.03122e+11	6.93732e+09	-9.96932e+10	-1.39707e+11	1.45152e+10	-2.47567e+11	-2.39508e+11	4.21564e+09	2.84798e+10	-3.65187e+10
8.6e-10	1.73732e+11	5.06839e+11	5.11185e+10	6.27224e+10	-2.80899e+11	2.38603e+11	-1.37867e+10	5.43226e+10	-2.11338e+11	1.31619e+10	-1.27e+11	-1.25349e+11	-7.96797e+09	4.8322e+10	-2.03673e+10
8.65e-10	1.29351e+10	2.48011e+10	1.47646e+11	4.03189e+10	-3.14856e+10	2.99466e+11	-4.09359e+09	1.44644e+09	-3.03361e+10	-6.65326e+09	-4.08937e+10	1.40874e+10	-1.02898e+10	-7.61441e+09	-1.96537e+11
8.7e-10	2.13854e+10	3.71821e+09	-5.16262e+10	3.88821e+10	-3.13226e+11	-1.64414e+11	-1.32629e+10	8.28183e+10	1.31673e+11	-2.24675e+10	1.9473e+11	1.39647e+11	7.95272e+09	1.45756e+11	-2.21218e+11
8.75e-10	1.16411e+11	2.70785e+11	-3.22286e+11	-1.28937e+10	-3.027e+10	-4.61083e+10	3.4573e+10	-2.61137e+11	-1.55896e+10	-1.33285e+10	-2.11737e+11	1.55718e+11	4.00033e+09	1.26363e+10	-4.73076e+10
8.8e-10	4.78722e+10	2.25957e+11	-1.76237e+11	2.19526e+10	1.05688e+11	1.89488e+11	1.78717e+09	7.86656e+10	-2.45003e+11	-1.56301e+10	3.63977e+10	6.53386e+10	9.02799e+09	2.94682e+11	-1.65167e+10
8.85e-10	1.15599e+11	-6.73718e+09	-3.46846e+11	6.0115e+10	5.67778e+10	2.72114e+11	2.60994e+09	-6.48094e+10	-1.09999e+11	-6.34877e+09	1.373e+11	-5.63751e+10	3.50746e+09	1.40769e+10	6.53571e+10
8.9e-10	7.88574e+10	1.53554e+11	-3.62776e+11	-4.95026e+08	-4.50816e+09	6.44418e+10	1.02076e+10	-7.65239e+10	1.73696e+11	1.14811e+10	-2.93755e+11	-7.82078e+10	1.18368e+10	1.28785e+10	6.37864e+10
8.95e-10	1.32562e+11	-1.94204e+11	-3.53114e+11	6.32401e+10	4.79747e+11	4.53381e+10	6.92286e+09	-5.82608e+10	4.31667e+10	4.59363e+09	6.81798e+10	1.82798e+10	1.16191e+10	1.4055e+11	-1.42405e+11
9e-10	7.68207e+10	7.59976e+09	-2.93605e+11	4.95449e+10	3.58341e+11	2.50249e+10	4.07818e+09	-8.15531e+10	1.09368e+11	-1.12618e+10	1.94398e+10	-2.21405e+09	-4.34636e+09	1.68164e+11	-7.28691e+09
9.05e-10	1.12024e+11	-1.19757e+11	-3.78544e+11	2.0114e+10	1.12886e+11	1.69894e+11	8.07479e+09	5.17098e+10	1.42559e+11	-4.55639e+08	5.14798e+10	2.1083e+11	-1.5274e+10	8.39813e+10	1.14719e+11
9.1e-10	9.76479e+10	-3.491e+11	-1.27146e+11	5.24396e+10	2.96432e+11	-9.28986e+09	4.043e+10	9.50529e+10	2.72552e+11	-1.79255e+09	6.00899e+10	8.4675e+09	6.20841e+09	7.00023e+10	-2.88782e+10
9.15e-10	1.96989e+11	-6.36084e+11	-1.14141e+11	2.06121e+10	1.18138e+11	-1.26862e+11	2.05189e+10	1.39013e+10	2.21845e+11	6.13102e+08	-3.45403e+09	2.16182e+11	1.00855e+09	1.46914e+11	-2.9943e+11
9.2e-10	2.43237e+10	-1.56094e+11	1.40865e+11	-1.9915e+10	-6.24849e+10	-9.17064e+09	2.10321e+10	1.36923e+11	2.81029e+10	-8.85017e+09	-2.19541e+11	7.35808e+10	-2.32709e+10	2.2462e+11	-7.64057e+10
9.25e-10	5.08534e+10	-3.56027e+11	-1.35229e+11	1.92044e+10	2.8726e+11	7.52187e+10	2.26522e+10	1.03725e+11	5.9496e+10	-1.86075e+10	-3.72243e+09	-2.42658e+10	-1.34165e+10	-5.41164e+09	-4.37004e+10
9.3e-10	-1.09682e+09	1.06139e+10	-4.21396e+10	1.27294e+09	1.25886e+11	-1.07312e+11	-1.91002e+10	-8.70932e+10	2.51203e+10	3.73696e+09	1.00851e+11	-1.75352e+11	-2.55292e+09	-1.27399e+11	2.13669e+11
9.35e-10	1.55033e+10	-7.34415e+10	-2.43221e+10	-9.46184e+09	-1.5701e+10	-6.11079e+10	-9.96208e+09	2.97491e+10	1.22422e+11	-5.85824e+09	-3.54278e+10	7.19436e+10	2.18064e+09	2.5916e+10	2.4613e+11
9.4e-10	-8.64408e+09	-6.53872e+09	1.22278e+11	2.4213e+10	1.18737e+11	-1.86895e+11	1.01209e+09	2.1335e+10	1.51299e+11	-5.88281e+09	-6.46717e+10	8.22268e+10	2.71776e+10	-8.27784e+10	3.24385e+11
9.45e-10	4.0688e+10	-1.42844e+11	2.00962e+11	6.74757e+10	-6.38791e+10	-4.73992e+11	1.14665e+10	1.26733e+11	-2.33399e+11	-6.04736e+09	2.43441e+11	-2.92475e+11	-7.27989e+09	-1.47279e+10	1.05663e+11
9.5e-10	3.21369e+10	-3.4295e+11	1.06941e+11	3.64698e+10	-9.86637e+10	-2.11876e+11	1.53358e+10	1.07599e+11	-1.38413e+11	-1.41141e+10	-9.68846e+10	1.22284e+11	-2.67216e+09	2.71823e+11	-3.39565e+10
9.55e-10	9.14031e+10	-2.57631e+11	2.74322e+11	3.49387e+10	-1.56921e+11	-1.40251e+11	1.19306e+10	1.13329e+10	-1.87722e+11	-5.20173e+08	2.25405e+11	1.01753e+11	8.19982e+09	-5.61955e+10	1.41942e+10
9.6e-10	1.65716e+11	-1.14764e+11	4.7474e+11	6.82461e+09	-1.98691e+11	1.16318e+10	9.58824e+09	8.25187e+10	-1.15718e+11	-6.19232e+09	-2.58968e+10	1.18732e+10	1.25272e+10	-1.49712e+11	2.14535e+11
9.65e-10	1.32513e+11	-1.33403e+11	4.38178e+11	4.78319e+10	-3.16331e+11	-1.36176e+11	1.19448e+10	2.21526e+11	-1.82872e+11	1.9688e+10	1.54353e+11	-1.86658e+11	-9.7745e+09	-3.84375e+11	-3.57542e+10
9.7e-10	1.10152e+11	4.48181e+10	4.23617e+11	7.31159e+10	-3.63095e+11	-7.10009e+10	-1.16264e+09	-1.90808e+11	-1.27188e+11	-9.35936e+09	1.21843e+11	-3.82473e+11	-3.36056e+09	-2.68135e+11	-1.18306e+11
9.75e-10	9.98782e+10	9.40023e+10	3.92453e+11	1.17928e+10	-1.56902e+11	2.63231e+11	-2.3585e+10	-6.96938e+10	2.49936e+11	8.36926e+09	3.52085e+10	-2.11148e+10	1.01958e+09	-1.04543e+11	-6.60912e+10
9.8e-10	1.35829e+11	1.376e+11	4.57614e+11	-2.85482e+09	-1.08484e+10	7.46657e+10	-1.7621e+10	-9.51063e+10	4.04627e+10	-1.01363e+10	9.85169e+09	-7.56645e+10	-6.18299e+09	3.25359e+10	-2.3118e+11
9.85e-10	7.20426e+10	7.27679e+10	3.39456e+11	3.3194e+10	-3.19374e+11	-2.35612e+09	2.20821e+10	-4.47266e+10	-3.37767e+11	-3.15983e+10	-2.36228e+11	6.89078e+10	-1.28134e+09	-2.18705e+11	-4.89539e+10
9.9e-10	1.29553e+11	3.78285e+11	9.28921e+10	2.99448e+10	-3.78134e+11	8.82708e+10	4.53872e+10	-4.35536e+11	-1.34589e+11	3.47139e+10	-2.07274e+10	-3.11866e+11	-1.02059e+10	-2.47866e+10	-7.99441e+10
9.95e-10	1.46168e+11	3.35757e+11	1.01631e+11	5.04252e+10	-2.67713e+11	1.55408e+11	9.18001e+09	-2.20424e+11	-3.65063e+10	-3.83482e+10	-2.79614e+11	2.9715e+10	1.69607e+10	2.65774e+11	-6.80968e+09
1e-09	1.23909e+11	2.50263e+11	-3.28442e+10	3.65969e+10	2.19917e+11	3.23976e+11	2.98014e+10	-3.7674e+11	4.42215e+10	-1.75641e+10	-1.56501e+11	1.01919e+11	1.09523e+10	3.40359e+11	4.45707e+10
1.005e-09	1.96624e+11	3.82487e+11	-1.60312e+11	2.37164e+09	8.4209e+10	4.08203e+10	-3.50832e+09	-1.8834e+11	-1.14747e+11	-2.80244e+09	1.16957e+10	6.44024e+10	5.93038e+09	1.82367e+11	-4.04665e+10
1.01e-09	3.02483e+11	5.89341e+11	-1.73087e+11	5.25218e+10	2.98036e+11	2.29646e+11	4.55011e+10	-3.13481e+11	-1.67593e+11	-1.0742e+10	1.03338e+10	-1.44487e+11	-9.5323e+09	-9.59542e+10	-1.01712e+11
1.015e-09	1.68225e+11	1.94549e+11	-3.10408e+11	4.50273e+10	5.14361e+10	2.05973e+11	-6.25635e+09	5.45183e+09	1.44009e+11	-1.10714e+10	1.92884e+11	-8.17063e+10	-1.11294e+10	2.71305e+10	5.10023e+11
1.02e-09	2.13743e+11	2.912e+11	-5.20576e+11	4.49722e+10	2.77998e+11	-3.7995e+10	-8.60642e+09	5.68691e+10	4.503e+10	1.04725e+09	-3.36441e+11	9.37235e+09	-5.61799e+07	6.81445e+10	-7.32251e+10
1.025e-09	5.60433e+10	-1.37086e+10	-2.21447e+11	5.86847e+10	2.39583e+11	1.7185e+11	2.84588e+10	-1.03218e+11	1.3605e+11	1.43532e+10	-1.3536e+11	5.63025e+10	-3.15008e+10	-3.77937e+10	9.34388e+10
1.03e-09	1.27197e+11	-2.53522e+10	-3.91864e+11	2.50329e+10	2.12099e+11	1.60055e+11	1.53656e+10	-2.43543e+11	1.43909e+11	9.64711e+09	-1.62507e+11	-1.40588e+11	-8.87447e+08	-4.232e+10	-1.98142e+11
1.035e-09	-2.99745e+09	-1.99527e+11	-6.00444e+10	9.08122e+09	6.02569e+10	1.08618e+11	6.04547e+10	-1.59419e+11	4.14401e+11	1.29931e+10	4.798e+10	-1.94376e+11	-7.07924e+09	1.88226e+10	8.2662e+10
1.04e-09	1.183e+10	-2.37551e+11	-3.52269e+10	-2.09476e+09	-1.25209e+11	1.26783e+11	1.8935e+10	2.4692e+11	1.73901e+11	-8.43253e+09	-1.41029e+11	2.69352e+10	-2.15644e+09	4.37429e+10	-1.18336e+10
1.045e-09	-2.53249e+10	1.38789e+11	1.37787e+11	3.88831e+10	4.1644e+10	3.52788e+11	2.88107e+10	-2.12305e+11	2.01797e+11	7.92432e+09	-1.45609e+11	4.11479e+10	-6.41103e+09	3.02467e+11	1.18789e+11
1.05e-09	1.0624e+11	3.95768e+10	-4.09554e+11	9.02412e+09	1.7737e+11	2.31026e+10	6.67531e+10	1.57334e+11	4.32311e+11	9.46323e+09	-2.24374e+11	-6.17615e+10	-8.51591e+08	7.57424e+10	-1.94608e+11
1.055e-09	1.97363e+11	-3.87459e+11	-5.67673e+11	3.86446e+10	1.92081e+11	3.0514e+11	2.32909e+10	4.2249e+11	1.62736e+11	1.82518e+09	1.05192e+11	3.95845e+09	-9.54083e+08	-4.72019e+10	-1.37372e+11
1.06e-09	8.38852e+10	-3.31181e+11	-7.94227e+10	3.02882e+10	2.71821e+11	3.10893e+09	3.15744e+10	2.51192e+11	9.99145e+10	2.47406e+10	-8.73158e+10	2.2597e+09	-1.18292e+10	3.62819e+10	3.69046e+10
1.065e-09	2.0709e+11	-5.10279e+11	-4.00579e+11	3.8759e+10	2.20765e+11	-1.80962e+11	-5.84815e+09	1.89587e+10	4.02634e+10	-3.43236e+09	1.17843e+11	-6.01739e+10	-6.71548e+09	-2.62942e+10	5.13072e+10
1.07e-09	1.40356e+10	-1.01313e+11	-1.07238e+11	-6.73593e+09	4.04686e+10	8.0732e+10	2.37671e+10	2.51476e+11	-1.02174e+10	1.17673e+10	-2.78128e+11	9.26177e+10	5.53291e+09	-2.29776e+10	1.55e+11
1.075e-09	6.13846e+09	-1.89226e+10	1.15291e+11	2.38239e+10	1.69541e+11	-1.31825e+11	3.92599e+10	2.41963e+11	2.65256e+11	4.01362e+09	8.66135e+10	4.45684e+10	7.73503e+09	-1.13382e+11	1.83886e+11
1.08e-09	8.7726e+09	1.30357e+10	2.2415e+11	-1.43895e+10	2.28397e+11	2.4914e+11	2.12886e+10	8.54305e+10	3.43997e+11	3.28327e+09	-2.00776e+11	2.90595e+11	-2.91136e+09	3.01491e+11	8.58484e+09
1.085e-09	-1.26406e+10	4.44566e+10	-7.38195e+10	-1.12519e+10	2.34364e+11	1.18346e+11	-8.19337e+09	9.29828e+10	-9.96001e+10	-8.48845e+09	-1.16556e+11	-9.55095e+09	-4.50892e+09	1.26057e+11	6.3117e+10
1.09e-09	2.51162e+10	-2.0715e+11	-7.02469e+10	6.96194e+09	8.3648e+09	-1.20428e+11	1.40243e+10	8.3749e+10	-7.15845e+10	-7.01218e+09	6.12645e+10	-4.69389e+10	9.31814e+09	-3.67055e+11	-8.11917e+10
1.095e-09	1.03456e+11	-4.5195e+11	-1.23976e+11	1.48937e+10	2.47219e+11	-6.58677e+10	3.86684e+09	1.139e+11	-4.78463e+10	6.80693e+09	1.72913e+11	1.11278e+11	-4.3871e+09	-4.9944e+10	-2.7363e+10
1.1e-09	2.82261e+10	-1.59697e+11	-1.02575e+11	6.11718e+09	1.69239e+11	-8.31998e+08	1.47135e+10	3.11849e+11	-1.56293e+10	5.58026e+09	-4.06455e+10	2.31052e+11	1.07698e+10	-3.99976e+10	5.18532e+10
1.105e-09	8.20472e+10	-1.47655e+11	2.25342e+11	8.5785e+10	-8.59674e+10	-6.25008e+11	1.15754e+10	2.42613e+11	-7.56129e+10	-7.62184e+09	-3.15467e+10	1.20346e+11	-1.06374e+10	2.27108e+11	-1.24528e+11
1.11e-09	7.32252e+10	-1.97705e+11	1.87272e+11	6.14453e+10	-1.69731e+11	-3.71155e+11	-9.39456e+09	6.68425e+10	9.33409e+10	-1.00328e+10	3.51328e+10	2.38561e+11	-2.43161e+09	-1.13782e+11	8.89704e+10
1.115e-09	9.12771e+10	2.69345e+10	3.05675e+11	2.62685e+10	-3.2509e+11	-3.31414e+10	9.76704e+09	4.85183e+11	-1.26981e+11	-1.17832e+10	-1.47628e+11	9.83593e+10	-2.34527e+09	-2.13867e+11	1.48658e+11
1.12e-09	1.0442e+11	8.8334e+10	3.7594e+11	-4.22248e+09	-4.52274e+10	8.39113e+10	1.08775e+09	4.96661e+10	-1.03749e+11	-4.24069e+09	-1.46209e+11	1.05586e+11	-1.11883e+10	-3.59987e+10	-1.3855e+11
1.125e-09	7.89069e+10	5.34357e+10	2.4428e+11	4.35609e+10	-1.51272e+11	-6.05521e+10	-8.20843e+09	3.71278e+10	1.08192e+11	-4.83725e+09	7.26267e+10	5.19332e+09	-8.04902e+09	1.07372e+11	-1.35977e+11
1.13e-09	8.02878e+10	1.23598e+11	2.3464e+11	5.53026e+10	-3.07933e+11	3.42031e+10	1.09362e+10	1.01255e+10	1.39417e+10	2.66679e+09	9.22162e+10	5.91556e+10	-7.73544e+09	-1.01682e+11	1.41714e+11
1.135e-09	1.00099e+11	2.07541e+11	3.38335e+11	3.75484e+10	-2.21031e+11	1.13016e+10	2.34821e+10	-4.19158e+10	-1.05999e+11	3.43092e+09	1.56513e+11	-1.00683e+11	-7.06714e+09	-1.78574e+11	8.79601e+10
1.14e-09	1.18903e+11	3.52398e+11	3.33296e+11	4.15163e+10	-2.26944e+11	1.41903e+11	8.72462e+09	1.60038e+11	-1.57547e+11	-7.88759e+09	1.94073e+11	-1.00032e+11	-1.56889e+10	3.57637e+10	-1.52238e+11
1.145e-09	1.06354e+11	1.51304e+11	5.31135e+11	1.25049e+11	-4.78931e+11	2.85109e+11	-4.19419e+09	8.82808e+10	-9.64104e+10	2.62941e+10	3.71314e+10	-2.25757e+11	-6.88291e+09	1.52146e+11	-1.89918e+10
1.15e-09	5.89319e+09	9.55823e+10	-1.27466e+11	2.94524e+10	-1.9376e+11	9.47863e+10	-1.12923e+10	4.98949e+10	1.01952e+11	1.26108e+10	-5.23045e+10	-2.67626e+11	-1.44915e+10	-7.97535e+10	-4.74049e+10
1.155e-09	5.77063e+10	3.97872e+11	-1.23889e+08	2.50234e+10	1.4817e+11	2.37016e+11	-4.25903e+09	-4.48141e+09	6.07805e+10	1.13383e+10	1.81677e+11	-7.64884e+10	-1.11114e+10	3.572e+10	-1.47677e+11
1.16e-09	2.16517e+10	1.03036e+11	-3.06056e+10	2.66773e+10	-1.04066e+11	3.62262e+11	-5.11697e+09	-5.318e+10	-4.76873e+10	4.53484e+09	-2.52793e+11	-5.41731e+10	-2.40553e+09	-1.26436e+09	-7.72014e+10
1.165e-09	1.21491e+11	3.43548e+11	-1.5924e+11	4.49016e+09	9.25842e+10	1.60341e+11	-1.04506e+10	-1.99957e+10	4.52987e+10	-1.77506e+08	-1.58488e+11	-2.19079e+11	7.86383e+09	3.2444e+11	1.60303e+11
1.17e-09	6.36657e+10	1.73483e+11	-1.73243e+11	4.72298e+10	4.80538e+10	3.98405e+11	-1.54277e+10	1.69434e+11	1.90302e+11	1.94471e+10	-1.27062e+11	-2.80295e+11	6.70429e+09	-1.00103e+11	-9.8927e+10
1.175e-09	3.77665e+10	1.91645e+11	1.47629e+10	3.81145e+10	-2.64398e+11	1.37343e+11	-2.1232e+09	4.46006e+10	-1.78089e+11	-3.24822e+08	1.7197e+10	-1.92337e+11	-1.43283e+10	1.68773e+11	-2.47121e+11
1.18e-09	4.22257e+10	2.22082e+11	-1.19278e+11	-2.97168e+10	-1.99501e+11	-2.21624e+11	2.51377e+10	-2.6273e+11	-2.54787e+11	-4.99972e+09	-6.87081e+10	-3.54694e+10	1.27732e+10	-2.53608e+10	-3.03558e+10
1.185e-09	5.1693e+10	1.10224e+10	-2.49931e+11	1.85445e+09	-1.87269e+11	7.0669e+10	5.20243e+10	-3.0622e+11	1.27891e+11	-2.00145e+09	-9.46859e+10	1.46389e+11	-8.50629e+09	8.16357e+10	-1.56183e+11
1.19e-09	2.42884e+10	-1.20035e+11	-1.6369e+11	-1.98684e+09	5.83354e+10	4.74715e+10	1.89431e+09	4.5228e+09	2.70351e+11	2.89746e+09	-2.68827e+10	1.82482e+10	4.11581e+09	-3.13915e+09	-6.31814e+10
1.195e-09	-3.58486e+10	1.62539e+10	1.34828e+11	3.33398e+10	3.24455e+11	2.44686e+11	7.63979e+08	-2.5249e+11	1.9358e+11	-1.30703e+10	1.34979e+11	-2.93448e+11	-1.08303e+10	2.68178e+11	-9.40052e+10
1.2e-09	3.81422e+10	-5.08157e+10	-1.4954e+11	-3.75168e+09	1.01134e+11	3.44589e+10	1.75953e+08	1.23757e+10	1.14113e+11	1.87516e+09	-3.72284e+10	-3.62642e+11	9.883e+08	1.18181e+11	-3.27959e+09
1.205e-09	1.92965e+11	-3.94943e+11	-5.10577e+11	1.26496e+10	1.10464e+11	2.00885e+11	2.03226e+10	-3.97788e+11	3.03368e+11	-1.33778e+09	-3.00878e+11	1.01822e+11	-1.72934e+10	1.26041e+11	5.97941e+10
1.21e-09	8.29845e+10	-2.76103e+11	-8.32866e+10	3.82774e+10	1.18967e+11	-2.35415e+11	-1.22348e+10	-8.48622e+10	8.84217e+10	-1.27587e+10	8.31502e+09	-8.3792e+10	-1.27655e+09	-1.10003e+11	1.40132e+11
1.215e-09	8.36217e+10	-2.96362e+11	6.33903e+10	3.06932e+10	8.6363e+10	-1.27119e+11	1.07147e+10	5.88043e+10	5.92826e+10	-7.38711e+09	1.10252e+11	9.80452e+10	4.99922e+09	1.16942e+11	-3.74902e+10
1.22e-09	6.44916e+10	-1.63132e+11	2.34058e+11	4.09539e+10	9.10617e+10	-2.4268e+11	-1.65303e+09	2.62984e+11	-8.12802e+10	-1.18084e+10	-3.24063e+10	8.86108e+10	-5.61865e+09	4.09082e+10	2.07471e+11
1.225e-09	2.43736e+10	-2.62602e+10	9.28531e+10	2.92731e+10	2.24684e+11	-7.5277e+10	6.36027e+09	2.10358e+11	-1.71235e+11	-1.94713e+10	-2.92013e+11	6.20703e+10	-1.02255e+10	-7.69484e+10	-1.66181e+10
1.23e-09	1.10603e+11	-3.41417e+10	5.80653e+11	2.42794e+10	-4.66328e+10	-2.19314e+11	1.88275e+10	2.28365e+11	-3.1833e+10	-5.64511e+09	-1.74518e+10	-1.67899e+11	6.72528e+09	1.45636e+10	1.11389e+11
1.235e-09	2.10489e+10	-8.3567e+10	1.56329e+11	4.95919e+09	7.47195e+10	-9.1801e+10	1.82263e+10	1.1969e+11	4.10714e+10	1.19497e+10	1.38016e+11	1.38671e+11	-6.7632e+09	2.12242e+11	8.51425e+09
1.24e-09	1.91993e+10	7.97048e+09	2.47728e+11	9.27908e+10	-2.85737e+11	-3.18793e+11	4.12739e+09	-1.55614e+10	-3.24357e+08	6.97443e+09	-1.20796e+10	2.5621e+11	-7.92773e+09	6.43499e+10	2.67746e+11
1.245e-09	2.73803e+10	-2.62463e+11	2.09699e+11	6.20229e+10	-2.72223e+11	-2.91742e+11	-4.15825e+09	-5.89747e+09	-2.46699e+10	-7.72668e+09	1.07157e+11	-7.67942e+09	2.82616e+09	-1.88047e+11	1.25672e+11
1.25e-09	4.50135e+10	-2.66876e+11	2.79499e+11	2.76407e+10	-1.26905e+11	-1.96522e+11	4.85107e+10	2.60171e+09	-3.41472e+11	2.04416e+10	1.14733e+11	2.44591e+11	5.35601e+09	1.51986e+11	2.97498e+11
1.255e-09	-2.80153e+09	-2.37541e+10	3.99187e+10	5.15984e+10	-3.00035e+11	2.17106e+11	2.61089e+10	-7.67095e+10	-3.49292e+11	8.73921e+09	1.59234e+11	-2.50954e+10	2.85287e+09	-1.51311e+11	1.03593e+11
1.26e-09	3.73356e+10	9.47596e+10	2.56904e+11	5.57762e+10	-3.21847e+11	7.0068e+10	-4.5229e+09	-9.05143e+10	-5.16682e+10	-8.5335e+09	-6.38795e+10	6.64254e+10	-1.20673e+10	2.20105e+11	-6.56315e+10
1.265e-09	3.3077e+10	2.13588e+11	-8.24498e+10	5.89683e+10	-2.1343e+11	2.68459e+11	-1.92777e+09	-1.78771e+11	-8.27945e+10	-4.4274e+09	-3.44167e+10	-1.25112e+11	-4.21963e+09	9.9325e+10	1.45453e+11
1.27e-09	4.53134e+10	5.27915e+11	2.45774e+11	3.99266e+10	2.32037e+11	3.23475e+11	3.96494e+09	-1.46942e+11	2.45197e+10	4.67848e+10	2.09112e+11	-5.89126e+11	3.31178e+09	1.86338e+11	8.62744e+09
1.275e-09	6.28964e+09	3.51772e+11	2.20722e+11	-1.26239e+09	1.71214e+11	2.51647e+10	-9.43279e+09	3.53422e+10	2.35358e+11	-9.25605e+09	4.17759e+11	-4.15684e+10	-4.47286e+09	4.3547e+10	-1.83013e+11
1.28e-09	5.91044e+09	-1.32049e+11	-4.31002e+11	1.09012e+09	1.27909e+11	-1.76308e+11	1.69293e+10	-2.58894e+11	-6.96565e+10	6.88202e+09	2.33413e+11	-3.6342e+10	-6.60675e+09	3.2078e+10	-4.32915e+10
1.285e-09	-1.2102e+10	1.2079e+11	-4.16225e+10	-1.49637e+10	2.67642e+11	1.08284e+11	-3.69688e+09	-7.07169e+10	1.9311e+10	1.0479e+10	3.02207e+10	-2.45694e+11	7.90363e+09	2.20115e+11	-2.10397e+11
1.29e-09	3.30735e+09	-3.08873e+10	1.40967e+11	-9.91911e+09	1.33756e+11	5.61608e+10	9.70852e+09	-1.7836e+11	3.10196e+10	1.37766e+10	-8.89116e+10	-1.97453e+11	-7.69881e+07	4.70383e+10	7.87066e+10
1.295e-09	9.21895e+09	-1.02929e+11	-4.01397e+09	3.94171e+09	-1.02091e+11	6.29257e+10	-2.14074e+10	9.92183e+10	-9.01521e+10	2.82977e+09	2.0105e+10	-4.85968e+10	-1.25187e+10	-1.63207e+11	-3.1805e+10
1.3e-09	1.88552e+10	-1.02369e+11	4.2147e+10	-1.11136e+10	-2.3107e+10	-1.75813e+11	2.12481e+09	1.32281e+11	1.19426e+11	-8.22728e+09	1.37673e+10	-3.4452e+10	-1.8487e+09	1.91371e+11	8.23192e+10
1.305e-09	2.73264e+10	-1.41151e+10	3.36102e+11	-1.45537e+09	4.39301e+10	-1.52547e+11	-1.42365e+10	-8.67467e+10	9.42023e+10	4.93365e+09	1.73798e+10	-2.98014e+10	-1.45434e+10	-2.31489e+11	-3.82888e+09
1.31e-09	-5.47767e+09	-1.28905e+11	-8.92773e+10	-1.01761e+10	2.39218e+11	8.51443e+10	-8.19131e+09	-1.35929e+11	3.52446e+11	-9.50518e+09	1.46976e+11	-1.03073e+11	-1.0065e+10	6.08556e+10	3.47787e+11
1.315e-09	2.75699e+10	-3.2137e+11	-1.63965e+11	-4.44804e+09	-6.18141e+10	-1.25705e+10	-7.11194e+09	3.00403e+10	6.92445e+10	7.06218e+08	4.17307e+10	-2.40074e+10	-1.38297e+10	1.38916e+11	4.4589e+10
1.32e-09	2.07664e+10	-2.55399e+11	7.70081e+10	1.91158e+10	1.14133e+11	-1.9713e+11	1.19173e+09	-3.3176e+11	-2.27592e+11	3.24032e+09	1.45451e+11	-1.17196e+11	2.96467e+09	1.33377e+11	5.79309e+10
1.325e-09	3.26388e+10	1.54421e+11	2.12368e+11	1.57561e+10	-1.98893e+11	-2.18533e+11	-3.471e+09	-2.13269e+10	6.76194e+10	1.11404e+09	8.38466e+10	-2.5405e+10	-4.01294e+09	1.5251e+11	-1.69443e+11
1.33e-09	7.66169e+10	1.79247e+11	2.71552e+11	-1.10241e+10	-9.57665e+10	2.63646e+11	-8.35934e+09	-2.83927e+10	-2.04029e+11	-4.19116e+09	5.37579e+10	-8.13439e+10	-8.08228e+09	2.72965e+10	-7.24236e+10
1.335e-09	7.8521e+10	4.03212e+11	2.87292e+11	-6.14014e+09	4.92437e+10	2.08543e+11	-5.461e+09	5.95783e+10	1.33072e+11	-1.0713e+09	1.49054e+11	6.11008e+10	-1.70535e+10	6.04259e+10	2.74019e+11
1.34e-09	5.60721e+10	2.52263e+11	-1.8915e+11	4.95247e+10	-1.76863e+11	1.60009e+11	-2.32358e+10	3.04723e+11	1.42714e+11	-3.9866e+09	2.73497e+10	-3.30977e+11	5.63118e+09	-8.9839e+10	1.05434e+11
1.345e-09	2.64417e+10	6.6075e+09	-2.01497e+11	7.68689e+09	1.68277e+11	1.69596e+11	7.4827e+09	-8.38662e+10	1.13534e+11	7.39109e+09	-1.9086e+11	2.55678e+10	-5.85615e+09	1.83146e+11	4.11377e+10
1.35e-09	3.59718e+10	-1.25257e+11	-1.88542e+11	-2.39899e+10	3.87064e+11	-1.91537e+11	-1.66746e+10	4.04933e+10	-5.36056e+09	-5.33191e+09	-9.19412e+10	-5.3479e+09	-1.14018e+09	-2.08289e+10	9.39892e+10
1.355e-09	-8.64732e+09	-1.75769e+11	7.90099e+10	-7.0524e+09	9.78704e+10	-1.98944e+10	-3.56981e+09	-7.02179e+10	-1.12531e+11	-1.06899e+10	-1.33828e+11	-1.61835e+11	-3.29524e+09	6.11067e+10	-7.70793e+10
1.36e-09	1.04024e+10	-1.64124e+11	-1.05703e+11	-8.57059e+09	-8.68425e+10	-1.33432e+10	-5.39387e+09	-6.52451e+10	1.33495e+11	1.14796e+10	-6.1485e+10	-7.98907e+10	-1.25066e+10	4.32176e+10	1.36825e+11
1.365e-09	-6.41744e+09	1.28623e+11	7.01129e+09	7.79771e+09	-6.32288e+10	-1.19417e+11	4.49762e+09	-2.13033e+11	8.10862e+10	-1.06063e+10	-1.42482e+11	2.4472e+10	3.69153e+08	1.43526e+11	-1.85714e+11
1.37e-09	3.61144e+09	8.69934e+10	2.20479e+10	3.38197e+09	1.69968e+11	6.18834e+10	9.30098e+09	-1.28589e+11	9.96842e+10	1.70318e+09	-2.06873e+11	-2.19198e+11	-7.28148e+09	4.83597e+10	-1.67719e+11
1.375e-09	-5.8315e+07	1.20979e+11	-1.88953e+11	1.15571e+10	1.34078e+11	-3.83855e+09	-1.60125e+10	-8.98942e+10	-6.82261e+10	-8.641e+09	5.58066e+10	-8.20362e+09	-9.00349e+08	-1.77431e+11	1.07889e+11
1.38e-09	3.2447e+10	-2.32387e+11	2.85495e+10	1.99707e+10	1.73258e+11	-5.58199e+10	2.14558e+10	2.40642e+10	1.94789e+11	-8.25325e+09	2.80149e+10	-1.10478e+11	-7.41548e+08	-4.64438e+10	-2.39077e+11
1.385e-09	1.07107e+11	-5.24762e+11	-3.53151e+11	-6.79295e+09	9.0709e+10	7.67023e+10	-7.00148e+09	1.46607e+11	-1.11326e+11	-7.79432e+09	9.7917e+10	-1.17537e+11	3.52853e+08	-1.13853e+11	3.31381e+10
1.39e-09	6.96047e+10	-3.17276e+11	-1.14943e+11	6.49009e+10	2.23814e+11	-1.93357e+11	-2.12025e+10	-1.00279e+11	-1.25806e+11	-1.69366e+10	-1.69977e+11	-8.52538e+10	-1.21298e+10	4.93744e+10	-3.36311e+09
1.395e-09	8.22277e+10	-2.69631e+11	3.95909e+11	4.76765e+10	-1.85251e+11	-2.29989e+11	-8.83362e+09	-1.05803e+11	-7.48769e+10	-1.4951e+10	-3.18443e+10	3.96131e+11	-2.19659e+09	-1.21126e+11	-9.3341e+10
1.4e-09	2.45239e+10	-2.79085e+10	8.94341e+10	3.01841e+09	-3.88587e+11	-2.22208e+11	1.10378e+09	1.628e+11	5.97808e+10	-1.02487e+09	-5.84735e+10	1.35933e+11	-2.31564e+09	1.58913e+11	6.48864e+10
1.405e-09	-6.53208e+09	1.40946e+10	-1.21914e+11	1.56875e+10	4.82008e+10	-1.59292e+11	1.65912e+10	2.80502e+11	1.67281e+10	-3.72115e+09	1.07978e+11	-2.10739e+11	-9.58138e+09	-8.78198e+10	-1.5188e+11
1.41e-09	-3.1841e+10	1.95553e+10	-2.04011e+11	-1.90436e+10	2.19219e+11	-1.50671e+10	2.94338e+10	2.42215e+11	-1.04436e+11	2.99596e+09	7.72418e+10	1.86799e+11	8.48519e+09	-2.35004e+11	-7.35664e+10
1.415e-09	8.52073e+09	3.77908e+10	4.97971e+09	1.25254e+10	-8.38093e+09	-2.35763e+11	-2.66249e+10	1.18992e+11	2.18966e+11	-1.94536e+09	-5.56504e+10	-7.92022e+10	5.1335e+09	-6.27193e+10	-4.18655e+10
1.42e-09	-4.99379e+10	2.72312e+11	1.47257e+11	1.42976e+10	-1.1233e+11	-9.45726e+10	2.9373e+10	1.94124e+11	-2.02954e+11	2.99009e+09	1.46267e+11	2.69429e+10	-1.47104e+10	1.46158e+11	-1.52572e+11
1.425e-09	4.89707e+10	-1.84796e+11	1.35452e+11	2.18135e+10	-4.79364e+10	-1.04703e+11	-1.47293e+10	-7.90752e+10	-2.6692e+09	4.18423e+09	1.70501e+11	-4.3422e+10	-8.72394e+09	8.30152e+10	1.00672e+11
1.43e-09	4.84088e+10	3.07828e+10	2.16768e+11	-1.70082e+09	-4.28529e+09	4.22534e+10	-8.15259e+09	4.26298e+10	-1.41256e+11	-4.15545e+09	-3.9148e+10	1.71697e+11	-3.25738e+09	-1.72868e+11	-3.25674e+10
1.435e-09	9.48352e+10	6.16771e+10	4.03566e+11	5.46966e+09	8.34803e+10	-2.05821e+11	1.55455e+10	-1.73707e+11	2.47066e+10	-2.0553e+10	6.1135e+10	9.27243e+10	-1.23878e+10	6.95962e+10	6.76498e+10
1.44e-09	9.57077e+10	-9.02784e+10	3.89892e+11	3.61805e+10	-2.43218e+11	-1.98718e+11	3.56301e+09	-1.32574e+11	-2.01133e+11	-3.69177e+09	-3.26809e+10	-8.95187e+10	-3.51816e+09	-5.71658e+10	-3.34525e+10
1.445e-09	5.83121e+10	3.02311e+11	1.3661e+10	5.79689e+10	-3.36884e+11	-2.86608e+11	7.48073e+09	-1.82468e+11	-6.23804e+10	9.36658e+09	1.33381e+11	-3.67702e+10	-5.73563e+09	7.81662e+10	-2.2643e+11
1.45e-09	4.76169e+10	3.21669e+11	-1.96044e+09	3.73788e+09	-1.58816e+11	-6.9989e+10	1.59575e+10	2.2631e+11	-8.09984e+10	6.28687e+09	-1.77467e+10	-2.21819e+11	9.44306e+09	-6.81116e+08	-1.25608e+11
1.455e-09	4.33087e+10	2.03633e+11	-3.1464e+10	3.12796e+10	-2.75072e+11	-4.52484e+10	-3.53597e+09	5.72412e+10	-3.24103e+10	1.21802e+09	1.6612e+11	-1.88014e+11	-9.19285e+09	6.32015e+10	-9.78742e+10
1.46e-09	1.1852e+11	3.6121e+11	1.18793e+11	3.68091e+09	-5.19165e+10	2.3643e+11	-2.1119e+09	1.05529e+11	-1.48477e+11	8.87382e+08	9.56942e+10	-1.1855e+10	9.07841e+08	4.23911e+11	9.98919e+10
1.465e-09	8.40665e+10	2.53532e+11	-1.22028e+11	2.83855e+10	-1.06194e+11	2.9133e+11	-4.46254e+09	5.53874e+10	-1.61973e+11	-2.77697e+10	1.13094e+11	-1.45195e+11	2.4706e+09	1.20041e+11	9.84263e+10
1.47e-09	5.49147e+10	1.74168e+11	-1.41868e+11	4.18262e+10	-1.14627e+11	1.60388e+11	5.26387e+09	-1.50236e+11	2.1049e+11	-3.02622e+09	-8.76501e+10	-1.34629e+11	-9.08591e+09	-7.61864e+10	8.67585e+10
1.475e-09	4.44851e+10	2.44754e+11	-1.7019e+11	5.62653e+10	-1.11473e+11	2.83066e+11	-1.24552e+10	-6.36605e+10	1.09447e+11	6.42862e+09	1.33891e+11	-3.33043e+11	7.75521e+09	1.21191e+10	1.87623e+11
1.48e-09	5.5707e+10	2.59149e+11	3.55132e+10	1.3296e+10	1.20637e+11	7.62117e+10	2.66838e+10	-2.52374e+11	6.4605e+10	7.33582e+09	-3.38239e+11	-1.80252e+10	-2.00811e+10	-1.79157e+11	-9.35072e+10
1.485e-09	8.10746e+10	2.22857e+11	-2.64097e+11	4.10859e+10	6.59881e+10	1.77318e+11	1.38512e+10	-1.5515e+11	8.73005e+10	-5.86823e+09	-1.01455e+11	-1.0373e+10	-9.611e+08	-1.62714e+11	-2.33065e+09
1.49e-09	1.14005e+11	3.60745e+11	-4.40168e+11	5.79299e+09	-1.72117e+11	1.49499e+11	1.44016e+10	-1.72811e+11	-5.29794e+10	3.37415e+09	-1.40006e+11	-1.31724e+11	-6.00286e+09	6.89928e+09	-7.98203e+10
1.495e-09	2.77343e+10	7.70167e+10	-1.97746e+11	4.36678e+10	3.44133e+11	-2.39759e+10	1.02968e+10	-1.94786e+11	-3.66839e+10	2.55167e+09	-1.51402e+11	-1.53758e+11	-1.32482e+09	-7.62272e+10	1.11192e+11
1.5e-09	5.0592e+09	5.84453e+10	-5.93771e+10	1.28514e+09	2.12296e+11	-1.22961e+11	1.1795e+10	-2.87771e+09	2.71613e+11	-1.18724e+10	8.57211e+07	-3.73722e+10	2.64848e+09	-1.1792e+11	-8.72038e+10
