Mon Oct 21 15:00:29 2024

<base> : Rectangle : -2.5um, 0m, 0m; 2.5um, 50nm, 5nm. Cells : 1000, 10, 1. Cellsize : 5nm, 5nm, 5nm
<supermesh> : Rectangle : -2.5um, 0m, 0m; 2.5um, 50nm, 5nm. Cells : 1000, 10, 1. Cellsize : 5nm, 5nm, 5nm

Saved data (dataname (unit) <meshname> (cells_rectangle)) : 

time (s)	<mxdmdt> (1/s) <base> (300nm, 0m, 0m; 310nm, 50nm, 5nm)			<mxdmdt> (1/s) <base> (700nm, 0m, 0m; 710nm, 50nm, 5nm)			<mxdmdt> (1/s) <base> (1um, 0m, 0m; 1.01um, 50nm, 5nm)			<mxdmdt> (1/s) <base> (1.5um, 0m, 0m; 1.51um, 50nm, 5nm)			<mxdmdt> (1/s) <base> (2um, 0m, 0m; 2.01um, 50nm, 5nm)			<mxdmdt> (1/s) <base> (2.5um, 0m, 0m; 2.51um, 50nm, 5nm)			

0	-11390	-1.06276e+06	-290011	-28808.2	1.70043e+06	229512	16640.8	-182323	592528	1476.08	-431508	50244.5	-4335.19	-63240.8	1.22959e+06	13976.5	697832	233411
5e-12	-9.99611e+09	-8.50613e+10	-9.94287e+10	-3.19298e+09	-1.57001e+11	6.56404e+10	4.916e+09	1.70363e+11	7.33291e+10	1.53156e+10	-4.19272e+09	-2.64603e+10	4.78997e+09	-6.5975e+10	-7.04633e+08	2.14431e+10	-4.27821e+10	-1.42918e+11
1e-11	1.79898e+10	5.43359e+09	-7.14162e+08	4.01404e+09	-1.87375e+11	6.93224e+10	-2.0495e+10	1.74393e+10	2.03433e+11	-6.73289e+09	4.32826e+10	-2.69326e+10	9.87472e+09	-6.21571e+10	-1.43585e+11	5.52516e+09	-1.95277e+10	-2.55426e+10
1.5e-11	1.33272e+10	1.17408e+11	1.59202e+11	1.43697e+09	-2.55775e+10	2.27564e+11	3.21093e+10	-6.80816e+10	-3.17374e+11	-3.30506e+10	3.23941e+11	2.95465e+11	5.26559e+09	-3.80925e+10	-1.65761e+11	7.88835e+09	8.73667e+10	-1.25858e+11
2e-11	2.02097e+10	-1.22218e+11	5.97582e+10	2.88605e+09	-1.16898e+10	-2.79967e+09	5.66619e+09	5.17349e+10	2.11735e+10	1.57143e+10	-5.34236e+10	8.7929e+10	2.00976e+09	1.06064e+11	9.42955e+10	7.07726e+09	1.17846e+11	2.11276e+11
2.5e-11	-1.11957e+10	7.10733e+09	-1.06491e+11	1.18486e+09	-1.25503e+11	-5.34344e+10	-1.57719e+10	2.45882e+10	-1.62718e+11	-1.34576e+10	-8.66849e+10	4.73062e+10	-8.50668e+09	2.9007e+11	-3.7007e+10	1.73735e+10	-2.80161e+11	1.33854e+11
3e-11	-5.56988e+09	2.20652e+11	-9.65262e+10	3.51237e+09	-4.99802e+11	-9.95254e+10	-2.10865e+10	-1.58242e+11	-1.13603e+11	5.18409e+09	-8.35874e+09	-2.03101e+10	-1.39967e+09	1.04795e+11	-2.62442e+11	1.16788e+10	-7.04648e+10	5.08889e+10
3.5e-11	1.29516e+10	-1.27187e+11	1.58565e+11	2.11264e+09	-8.51835e+10	-4.56989e+10	1.32949e+10	-1.34657e+11	1.99323e+11	2.09375e+10	-6.83116e+10	-2.37509e+10	4.71499e+09	-3.85504e+10	3.60396e+10	7.22752e+09	1.80702e+11	-6.97286e+09
4e-11	1.60374e+10	7.36395e+10	1.95055e+11	7.28811e+09	3.59313e+11	-1.84819e+11	9.11108e+09	2.25576e+11	1.75659e+11	1.47571e+10	-8.98222e+10	-1.07539e+11	-1.45417e+10	-3.80361e+10	-5.86762e+10	-8.74483e+09	2.50734e+11	1.62204e+11
4.5e-11	6.37677e+09	-1.04829e+11	-1.31583e+11	9.88788e+09	6.65003e+10	-2.73728e+10	3.02403e+09	8.07112e+10	-1.32797e+11	-7.99812e+09	2.1327e+11	1.80874e+11	-5.35935e+09	1.3338e+10	-6.29703e+10	8.54619e+09	4.84488e+10	-2.07715e+11
5e-11	2.55265e+09	-2.71642e+11	-8.46534e+10	4.56517e+09	4.95215e+10	-2.01798e+11	7.12533e+09	-5.28875e+10	3.39219e+10	2.2393e+09	2.39448e+09	-3.8659e+10	-2.17713e+09	-1.10368e+11	-1.81384e+11	1.79859e+10	-1.58142e+11	-9.24917e+10
5.5e-11	6.38614e+09	-1.88537e+11	1.41453e+11	1.37843e+10	-8.86085e+10	-7.44434e+10	2.11186e+08	-1.80099e+11	-5.49289e+10	1.08676e+09	1.09681e+11	-3.20801e+10	3.99264e+09	2.74903e+11	2.45764e+11	1.01363e+10	2.1893e+10	1.24931e+11
6e-11	7.92074e+09	-7.19494e+09	1.01877e+11	1.96236e+09	-1.2576e+10	-2.83493e+09	-2.64674e+09	2.09537e+11	-1.22732e+11	3.13529e+09	1.59122e+09	-1.12825e+11	1.90255e+10	-1.02451e+11	7.89477e+10	3.54906e+10	6.23479e+10	2.06938e+11
6.5e-11	-1.4543e+09	-1.53008e+11	8.51629e+10	3.99863e+09	1.91791e+11	-1.93104e+10	9.55941e+09	-2.47133e+11	3.29096e+10	8.77273e+08	1.43834e+11	-1.9552e+11	-1.27671e+09	-3.37963e+10	-2.17751e+10	1.24519e+10	-1.11356e+11	-1.34971e+10
7e-11	1.29013e+10	1.92134e+11	9.23891e+09	-3.47021e+09	1.70004e+11	-9.9611e+10	2.56e+10	-9.67161e+10	1.5566e+11	2.51901e+09	2.67596e+10	4.27232e+10	-1.49198e+10	-3.44032e+11	-2.01511e+11	1.37903e+10	1.00302e+11	-2.28371e+10
7.5e-11	6.25926e+09	-9.74307e+10	-5.65971e+10	5.57811e+09	2.7612e+11	-1.89574e+11	1.54654e+10	5.17915e+10	9.13636e+10	3.42807e+09	1.55326e+11	2.20692e+11	1.85825e+09	-4.03017e+10	1.98647e+11	1.13285e+10	-1.09717e+10	-7.27232e+09
8e-11	3.7741e+09	-7.3967e+10	-1.6119e+11	-7.73288e+09	-5.2669e+10	3.80367e+10	2.10781e+10	7.87141e+10	3.03132e+11	1.76811e+08	-6.50383e+10	1.46652e+11	9.08971e+09	-1.46358e+11	-1.06799e+11	1.15912e+10	1.164e+11	-1.70191e+11
8.5e-11	8.90845e+09	-6.70583e+09	1.87362e+11	1.60875e+10	-8.1995e+10	-2.25807e+11	2.77299e+10	5.53102e+10	-1.55913e+11	6.14948e+09	2.88706e+10	-9.92466e+09	-7.96825e+08	-3.46368e+10	8.08664e+10	-1.63915e+10	-2.58377e+11	2.17645e+10
9e-11	1.04327e+10	1.1808e+10	-1.64022e+11	4.22873e+09	9.25036e+10	7.63203e+10	9.85533e+09	1.21521e+11	5.63654e+10	1.01438e+10	-5.5062e+10	3.69865e+10	1.12198e+10	-1.56785e+11	-9.36337e+09	9.53719e+09	1.01204e+10	-1.59099e+11
9.5e-11	7.91501e+09	-1.3747e+11	5.54828e+10	2.61581e+10	-4.93799e+10	3.77971e+11	-1.65004e+10	1.21175e+11	1.60378e+11	1.22446e+10	8.08751e+10	2.75513e+11	6.81238e+09	-5.53336e+10	-1.2762e+11	-6.86154e+09	5.07615e+09	-1.21112e+11
1e-10	1.33006e+10	-4.08568e+11	2.89623e+11	-1.88019e+09	-8.48708e+08	-2.7936e+10	1.35696e+10	-2.30805e+11	1.8682e+11	1.12269e+10	3.97936e+10	-8.99387e+10	-3.74695e+08	7.84277e+10	1.86312e+11	2.57562e+10	4.99299e+11	2.38306e+11
1.05e-10	-7.13582e+09	4.5489e+11	2.45088e+10	2.43828e+10	1.235e+11	1.104e+10	-6.86558e+08	-2.13942e+10	-6.50364e+10	7.60318e+09	-2.4667e+10	-1.06286e+11	8.51476e+09	1.24958e+11	4.63774e+10	3.15487e+09	-3.66845e+10	2.11933e+11
1.1e-10	5.19818e+09	1.05175e+11	-9.77256e+10	-2.21967e+08	5.18157e+10	-3.09053e+11	1.38712e+10	1.77039e+11	-1.03127e+11	-6.73232e+09	1.44659e+10	-1.04343e+11	1.59769e+10	1.39999e+11	-2.28107e+10	2.13571e+10	3.34186e+11	-3.9164e+10
1.15e-10	-2.31952e+09	1.69187e+11	-1.82428e+11	3.18084e+10	-1.3937e+11	-2.98684e+11	2.72433e+09	-9.86251e+10	-1.18851e+11	-1.01928e+09	-1.17725e+11	4.05183e+10	1.55713e+10	4.99813e+10	-5.72386e+10	1.38017e+10	1.55923e+11	-8.74559e+10
1.2e-10	6.77539e+09	1.58389e+11	-1.09137e+11	1.36212e+10	-1.17271e+11	-5.9641e+10	-6.96643e+08	1.19359e+09	-2.04125e+11	8.80458e+09	1.3095e+11	9.26127e+10	7.99903e+09	8.22457e+10	-4.13405e+10	6.68264e+08	-1.38031e+11	-2.20319e+10
1.25e-10	2.22039e+09	-1.11792e+10	5.6238e+10	1.31404e+10	-1.55351e+10	-1.13763e+11	8.90834e+09	7.64191e+10	2.35245e+10	1.00204e+09	-1.08223e+11	3.31672e+11	1.19473e+10	3.33297e+09	1.32548e+11	-4.08583e+09	3.19464e+11	3.32204e+10
1.3e-10	-1.31408e+10	2.37178e+11	5.81246e+10	-3.55888e+09	9.80762e+10	7.52105e+09	1.63729e+10	-5.60084e+08	-3.41252e+10	2.0241e+10	-1.87036e+11	7.63035e+10	-5.54966e+09	1.97511e+11	-3.35871e+10	-3.72627e+09	-6.63537e+10	2.99675e+09
1.35e-10	2.01753e+10	-2.85075e+11	-3.49155e+11	2.93865e+10	-1.22792e+11	-3.0989e+11	1.05482e+10	9.03589e+10	-8.23165e+10	3.26309e+08	4.80745e+10	-3.23992e+10	1.37139e+09	-1.02659e+11	-7.8897e+10	3.11071e+10	-2.56313e+11	8.39076e+10
1.4e-10	-8.87917e+09	-1.37206e+11	-1.59585e+10	-5.57585e+09	6.65709e+10	1.25276e+11	1.78732e+10	3.38859e+10	-2.29948e+11	-1.77766e+09	-2.48272e+11	-1.62419e+10	5.81053e+09	1.53734e+11	-1.81775e+11	2.80769e+10	-2.08112e+11	6.67063e+10
1.45e-10	-9.51421e+09	-1.62523e+11	2.37055e+11	8.13543e+09	4.53862e+10	-1.21389e+11	2.45194e+09	-7.55396e+10	1.2451e+11	3.2939e+10	3.52831e+11	2.26853e+11	1.36014e+10	1.54845e+11	-2.13454e+11	1.15424e+10	2.3813e+11	3.26879e+11
1.5e-10	7.37704e+09	-1.77051e+10	-6.0134e+10	1.07123e+10	1.17042e+11	2.14682e+11	4.13064e+10	-1.09408e+11	5.47937e+11	3.96847e+09	-5.22998e+09	6.04087e+10	5.33589e+09	-1.05003e+11	-1.36139e+11	9.51538e+09	3.30851e+11	-4.1687e+10
1.55e-10	-4.05243e+09	1.02374e+11	6.3897e+10	2.37271e+09	1.58802e+11	-8.19604e+10	2.64437e+10	-1.44316e+11	2.87361e+11	-9.60404e+08	-8.75427e+09	-8.8915e+10	1.13086e+10	4.33515e+10	1.45043e+10	1.51225e+09	9.52004e+10	7.21364e+10
1.6e-10	-3.01671e+09	-3.34312e+10	1.78911e+11	7.26259e+09	3.06959e+11	1.19778e+11	-3.41598e+10	-1.43768e+11	-3.30167e+11	8.18558e+09	-1.49477e+11	-8.16546e+10	5.25978e+09	-2.07541e+11	-4.47998e+10	-3.43864e+09	4.97323e+10	3.71435e+11
1.65e-10	9.36169e+09	-2.43925e+07	1.25522e+11	1.48894e+10	4.32186e+10	-2.65016e+11	2.03339e+10	2.72847e+11	2.45913e+11	5.30203e+09	1.60622e+11	-1.46617e+11	1.40556e+10	-1.61103e+11	1.65438e+10	3.58496e+09	-4.35218e+11	-3.09922e+11
1.7e-10	1.65687e+10	-1.71342e+11	7.56993e+09	-2.48522e+10	4.2112e+11	-3.41813e+10	1.91956e+10	-1.00165e+10	-1.07905e+11	-7.05833e+09	-2.16368e+11	1.41163e+11	2.50491e+09	-6.54571e+10	-9.17873e+10	-3.83579e+07	-1.56708e+09	-1.62513e+11
1.75e-10	-2.70048e+09	-3.20551e+10	7.83718e+10	1.92012e+10	-1.02449e+11	-9.54799e+10	-1.00239e+09	-6.87765e+10	5.16781e+10	-4.10798e+09	9.30962e+10	-8.12502e+10	2.15232e+09	-1.57322e+10	-8.30227e+10	4.52202e+09	2.76325e+10	-9.05338e+10
1.8e-10	4.57439e+09	1.57146e+11	-2.09747e+10	5.51485e+09	1.43281e+11	-1.19722e+11	-1.03181e+10	-1.31151e+11	1.38626e+11	1.33116e+10	1.0327e+11	1.50543e+11	-8.16158e+09	-1.66203e+11	-2.0291e+11	7.36461e+09	-8.78297e+10	2.72322e+11
1.85e-10	3.1917e+09	3.86696e+11	-5.98196e+10	-2.16444e+09	5.41988e+09	2.59842e+11	1.03134e+10	-6.86729e+10	-2.95209e+09	-1.06975e+10	1.64895e+11	2.14015e+11	1.45557e+10	-8.24745e+10	-1.98156e+11	-1.97636e+10	-2.5602e+11	-2.30327e+11
1.9e-10	3.8899e+10	-1.3505e+11	-1.6622e+11	2.90336e+10	2.07106e+11	-1.22712e+11	-6.64634e+09	7.731e+10	-1.71171e+11	3.69056e+08	1.8532e+10	1.23558e+10	8.98233e+09	-2.33698e+11	-3.31943e+11	-8.60279e+09	-4.61163e+10	-3.12538e+10
1.95e-10	1.62719e+10	9.51578e+10	-2.47935e+11	-2.48596e+09	-2.02227e+10	8.5183e+10	9.82906e+09	6.51174e+10	9.87163e+10	-2.77469e+09	8.35633e+10	1.60986e+11	1.26409e+10	1.40374e+11	-2.51466e+11	3.69453e+10	-6.22882e+10	4.84796e+11
2e-10	-7.20131e+08	-3.05485e+11	-4.46883e+09	1.61257e+10	1.21692e+10	-1.88539e+11	-6.11652e+08	7.51571e+10	1.68609e+11	4.6554e+09	1.9668e+11	5.57795e+10	1.03231e+10	-7.01925e+10	3.47885e+10	-5.89413e+09	1.26729e+11	-2.50542e+10
2.05e-10	1.96195e+10	-1.70792e+11	1.00652e+10	1.02049e+10	4.51964e+10	-5.39429e+10	8.81738e+08	-1.98277e+11	-8.77273e+10	1.42409e+10	2.56182e+11	-1.21389e+11	4.17953e+09	-7.20188e+10	-2.58377e+11	7.42579e+09	3.52888e+10	-4.253e+10
2.1e-10	2.22202e+10	-1.68298e+11	2.52329e+11	-8.23516e+09	-8.16658e+10	4.44532e+10	-1.48999e+09	-2.30754e+11	-2.30583e+09	-4.39421e+09	-1.53181e+10	-4.61144e+10	5.9313e+09	4.70413e+10	3.76274e+10	8.81607e+09	2.72192e+10	-6.79867e+10
2.15e-10	-1.0113e+10	1.42465e+11	6.12509e+10	-5.5956e+09	-3.90098e+11	3.83053e+10	3.85259e+10	-1.30846e+11	2.24825e+11	1.85006e+10	1.11152e+11	6.03492e+10	1.75785e+10	-1.93036e+11	-8.25664e+10	-7.26719e+09	-4.54096e+11	-3.53861e+10
2.2e-10	-4.48603e+08	-1.8962e+11	9.33877e+10	3.19238e+09	4.21774e+10	6.1756e+10	7.84462e+09	-2.75823e+10	9.86759e+10	-1.93956e+09	-8.07523e+10	-1.34079e+11	-7.41e+09	-1.37884e+11	-1.1647e+11	-9.92894e+09	1.36467e+10	-2.13315e+11
2.25e-10	1.508e+10	-9.88037e+10	-2.27602e+11	9.34176e+09	-5.53483e+10	-2.12253e+11	3.09747e+10	-4.18606e+11	1.22375e+11	8.13203e+09	-3.43683e+11	9.00493e+10	1.90617e+09	6.77127e+10	-2.35203e+11	1.84193e+10	2.62229e+10	-6.12951e+10
2.3e-10	5.81344e+09	9.30581e+10	-1.79618e+11	1.91903e+10	-2.62747e+11	-2.95089e+11	1.59697e+10	-6.90776e+10	3.16629e+11	1.29974e+10	-2.01557e+10	1.01121e+11	8.84623e+08	-5.78848e+10	1.76688e+11	-1.39832e+08	8.00084e+10	5.36329e+09
2.35e-10	8.09084e+09	-1.53361e+11	-7.72462e+10	-1.88793e+10	1.03576e+11	4.10326e+10	-1.12816e+10	-4.5372e+10	-3.20801e+11	-2.40925e+09	2.21096e+10	-2.06429e+11	-1.51873e+09	-2.57423e+11	-1.45106e+11	4.41005e+09	-3.91142e+10	-2.24286e+11
2.4e-10	-5.46185e+09	1.21838e+11	1.58523e+11	-2.12763e+07	-1.00282e+11	5.97135e+09	1.23911e+10	7.80386e+10	5.34639e+10	-9.84628e+09	1.19151e+11	-6.02043e+10	3.32031e+09	-7.04681e+10	9.34059e+10	1.36638e+10	8.01696e+10	-1.65542e+11
2.45e-10	2.10281e+10	1.72528e+11	-2.25615e+11	1.24663e+10	7.41325e+10	4.3302e+10	6.07889e+10	3.61785e+11	-3.64818e+09	3.07043e+09	-4.70272e+10	3.03936e+11	2.09572e+10	1.08867e+11	-2.11998e+11	-3.12467e+09	2.85067e+10	-1.58688e+10
2.5e-10	1.70194e+10	5.49436e+10	1.20957e+11	-1.13814e+10	1.27381e+11	2.05437e+11	-1.3378e+09	1.25619e+08	9.10327e+10	3.36214e+09	-6.52554e+10	-1.83189e+10	1.32464e+10	-2.21403e+11	-5.96647e+10	2.41292e+10	-2.81604e+11	-4.71923e+10
2.55e-10	8.00094e+09	-1.74742e+11	-3.87618e+10	6.04436e+09	1.51396e+11	-7.40382e+10	1.57525e+09	-1.08241e+11	-1.76524e+11	8.83246e+09	9.62878e+10	1.66191e+10	4.12015e+07	-3.62445e+10	-2.72707e+11	1.32554e+09	-4.51993e+10	-4.82518e+10
2.6e-10	2.72422e+10	1.135e+11	-1.25731e+11	-8.48655e+09	-1.58983e+11	2.49178e+10	1.80195e+10	-3.54026e+11	-1.82471e+11	2.1931e+10	1.09645e+11	1.70645e+11	-1.61472e+10	-6.22583e+09	-1.38401e+11	-1.22444e+10	-2.04869e+11	1.01805e+11
2.65e-10	-1.89759e+09	1.10802e+11	-7.18983e+10	-3.86477e+09	-6.38642e+08	2.39606e+11	6.38107e+08	-2.84956e+11	1.54067e+11	-1.66433e+10	-6.28707e+09	-2.7023e+11	1.32164e+10	-1.28431e+11	4.58637e+10	3.51609e+09	-2.04962e+11	8.84177e+10
2.7e-10	1.2375e+10	-1.21703e+10	-1.8791e+10	-7.72768e+09	-3.30789e+11	4.75845e+10	1.34423e+10	-6.26501e+10	8.879e+10	-1.12226e+09	1.54719e+11	3.87724e+11	5.61137e+09	2.22521e+11	-4.02715e+10	-2.42752e+09	-1.02565e+11	4.19921e+11
2.75e-10	-6.71152e+09	3.58266e+11	-1.15526e+11	1.59666e+10	1.57201e+11	3.56232e+10	-9.17178e+09	-2.43882e+11	-3.80427e+11	4.84513e+09	7.29555e+10	-5.54746e+09	-2.51254e+10	-2.93778e+11	1.94034e+11	2.02506e+10	-3.52485e+10	-8.80472e+10
