Tue Oct 15 17:48:20 2024

<base> : Rectangle : 0m, 0m, 0m; 1um, 50nm, 5nm. Cells : 200, 10, 1. Cellsize : 5nm, 5nm, 5nm
<supermesh> : Rectangle : 0m, 0m, 0m; 1um, 50nm, 5nm. Cells : 200, 10, 1. Cellsize : 5nm, 5nm, 5nm

Saved data (dataname (unit) <meshname> (cells_rectangle)) : 

time (s)	<mxdmdt> (1/s) <base> (200nm, 0m, 0m; 210nm, 50nm, 5nm)			<mxdmdt> (1/s) <base> (400nm, 0m, 0m; 410nm, 50nm, 5nm)			<mxdmdt> (1/s) <base> (600nm, 0m, 0m; 610nm, 50nm, 5nm)			<mxdmdt> (1/s) <base> (800nm, 0m, 0m; 810nm, 50nm, 5nm)			

0	145402	773245	-98602.4	-157629	-1.16784e+06	-150256	-3898.34	-190198	-113606	52378.3	139844	1.07705e+06
5e-12	5.95033e+09	5.8743e+10	-6.0104e+10	-4.61584e+10	-6.5038e+10	-2.93264e+11	-5.65839e+09	-1.11843e+11	-2.77674e+11	-2.55656e+10	-8.85723e+10	9.57021e+10
1e-11	9.77159e+09	1.59442e+11	-6.63268e+10	-5.72371e+09	1.12667e+11	-1.11273e+11	2.25923e+10	2.6407e+11	-2.57248e+11	6.34459e+09	-1.44707e+11	-4.68046e+09
1.5e-11	1.63516e+10	2.69544e+11	-4.57736e+07	1.33825e+08	-3.59568e+11	-1.88083e+11	6.76718e+09	-4.07775e+10	-1.51416e+11	-9.78646e+09	-3.23837e+10	1.58628e+11
2e-11	-1.64169e+10	6.58601e+10	-2.24616e+11	-2.47969e+10	1.76971e+11	3.80169e+10	-3.47233e+09	-1.19396e+11	-2.06935e+11	-1.71006e+10	8.80472e+10	2.51935e+10
2.5e-11	-8.54822e+09	2.01609e+11	-1.83412e+10	-1.35662e+10	1.92766e+11	-3.10352e+10	-3.55437e+09	-5.89519e+10	1.21798e+11	3.43324e+09	-7.84656e+10	-5.84125e+10
3e-11	-1.23996e+10	-5.94463e+10	5.80739e+10	9.29782e+09	-2.36415e+11	-1.32363e+11	-1.77824e+10	9.69303e+10	-3.71477e+10	1.637e+08	-6.92825e+10	-2.34435e+10
3.5e-11	-6.91647e+09	-7.57017e+10	-3.97999e+10	1.52781e+10	3.40015e+11	-1.61205e+11	5.87983e+09	-2.48956e+11	2.81458e+11	-1.44164e+09	-4.42991e+10	-2.44657e+11
4e-11	1.67724e+10	-5.39887e+10	2.54366e+11	-1.73229e+10	-1.11322e+10	2.12229e+10	-7.11641e+09	-1.23022e+11	-8.20297e+10	-1.49796e+10	-1.07359e+11	-7.43888e+10
4.5e-11	-2.11898e+10	-4.75394e+09	-1.44612e+11	8.0514e+09	7.54321e+09	-3.32796e+11	2.65215e+09	-1.71344e+11	-7.19814e+10	-1.82693e+10	4.36664e+10	9.59539e+09
5e-11	1.17073e+10	2.45841e+11	6.20475e+10	2.49843e+08	-1.06465e+11	8.29614e+09	-2.26879e+10	7.42908e+10	8.1411e+10	3.47731e+09	1.62713e+11	-1.71139e+10
5.5e-11	-1.64772e+10	-2.53356e+10	-1.1923e+10	1.20614e+10	-1.71377e+11	-1.9087e+11	-1.70407e+08	-3.23716e+10	6.75607e+10	-8.02975e+09	-2.16285e+10	1.48806e+11
6e-11	2.65164e+09	7.70091e+10	-1.50379e+11	-9.22169e+09	-6.95263e+10	1.03929e+10	1.77484e+10	-1.64454e+11	-4.70108e+10	-2.13943e+10	-5.08097e+10	1.20457e+11
6.5e-11	1.73396e+10	2.55937e+11	-7.64071e+10	7.82427e+09	-2.04181e+11	-8.42659e+10	1.91343e+10	-2.57873e+11	2.42031e+11	2.18598e+10	3.16179e+11	-6.08139e+09
7e-11	-6.55758e+09	1.60567e+11	-1.17662e+11	-1.92688e+10	-2.13837e+11	-1.70852e+11	6.18891e+09	-3.09074e+11	1.73223e+11	6.66121e+09	-2.16988e+09	1.10409e+11
7.5e-11	-1.39951e+10	-1.17671e+11	-1.42215e+11	4.26049e+08	5.61404e+09	-1.3747e+10	-2.46459e+10	5.95699e+09	-2.88574e+11	-7.10222e+09	-2.15374e+10	-3.67869e+10
8e-11	5.55251e+09	-2.87719e+11	-1.03279e+11	-2.18363e+10	2.17497e+11	-1.90681e+11	-1.56392e+10	-1.08391e+11	-4.47968e+10	-7.66197e+09	-1.22707e+11	-7.75646e+10
8.5e-11	-4.04019e+09	3.14937e+11	3.42714e+10	1.86828e+10	-2.00783e+11	2.89345e+10	-1.44489e+09	5.17183e+10	9.5564e+10	6.51364e+09	1.84823e+11	-1.55303e+11
9e-11	1.18268e+10	-4.21969e+10	-1.55649e+11	-7.23061e+09	-7.20413e+10	7.76922e+10	-2.29902e+10	1.34788e+11	4.62417e+11	1.32168e+10	2.60238e+11	-8.41062e+10
9.5e-11	7.12699e+09	2.95742e+10	-1.71112e+11	3.81418e+09	-9.78744e+09	8.48996e+10	-2.25893e+10	-1.10214e+10	1.27215e+11	-9.69311e+09	1.01259e+10	-2.04352e+11
1e-10	1.47547e+09	-3.0914e+11	-2.28685e+11	-2.97733e+10	-1.26917e+11	-2.5805e+11	5.9435e+09	-1.004e+11	-7.52912e+10	-4.9277e+09	7.07599e+09	-1.3634e+11
1.05e-10	2.96469e+10	1.18614e+11	2.04456e+11	1.30294e+10	2.77516e+11	1.35553e+11	-2.02479e+09	3.82046e+11	5.35168e+09	-1.18067e+10	-3.21585e+11	1.27278e+11
1.1e-10	-1.32004e+10	2.31014e+11	-1.67403e+11	-2.72084e+10	1.59618e+09	-2.61049e+11	-5.23214e+09	-1.63196e+11	-2.57595e+09	4.72795e+09	4.20562e+10	1.17671e+11
1.15e-10	-1.59019e+09	-1.3018e+11	-6.02477e+10	6.11239e+09	-6.66558e+09	-9.07122e+10	-1.24276e+10	-1.82118e+11	-1.24339e+11	-1.39268e+10	-1.13213e+11	-2.42733e+11
1.2e-10	-1.18651e+10	1.72886e+11	1.67097e+11	-1.78822e+10	7.11053e+09	1.66968e+11	-9.06309e+09	-2.03338e+11	-1.7433e+11	-1.92702e+10	-2.05911e+11	1.65091e+11
1.25e-10	-9.65725e+09	1.09516e+11	-1.01049e+11	2.55305e+10	4.50529e+10	-2.56945e+11	-9.99477e+09	6.99267e+10	1.36902e+11	-3.85996e+09	-6.98727e+10	-4.29175e+10
1.3e-10	2.00306e+10	-2.47585e+11	-6.93305e+10	-4.37031e+09	-4.7941e+10	-2.85898e+10	2.01113e+09	1.27064e+10	-1.6455e+11	-1.06418e+10	-2.17281e+08	2.54639e+10
1.35e-10	-1.42813e+09	-1.0853e+11	8.8519e+10	-1.98806e+10	-3.13931e+10	-7.79924e+09	-8.00281e+09	-1.40131e+11	-1.87693e+11	-5.10389e+09	-1.95874e+11	-1.11362e+11
1.4e-10	-1.67312e+10	-1.50376e+11	-1.77483e+11	-3.30166e+09	8.41368e+10	-1.03896e+11	-8.93554e+09	-1.28025e+10	2.26935e+11	4.51958e+09	1.05151e+11	9.37345e+08
1.45e-10	-3.39413e+09	1.81221e+11	4.79431e+10	-6.94277e+09	-1.1591e+11	6.99413e+10	2.34183e+10	4.94982e+10	-3.23713e+11	1.26647e+10	8.45528e+10	-1.17652e+11
1.5e-10	4.02969e+09	3.0339e+10	-2.59941e+09	-3.32301e+09	4.77175e+10	-2.09325e+11	-1.00161e+10	1.64599e+11	4.54784e+08	-3.87802e+09	6.31021e+10	-3.527e+10
1.55e-10	1.28695e+10	-6.09417e+10	-2.6075e+10	1.2929e+09	-2.64653e+11	2.20359e+11	8.55745e+09	-1.28715e+10	-2.05323e+11	1.11687e+10	-3.23437e+11	5.47614e+10
1.6e-10	-2.31255e+09	-7.22918e+10	-1.40417e+11	-1.31061e+10	-1.16588e+11	2.16067e+11	-8.11358e+07	-5.00473e+09	5.33418e+10	-8.20938e+08	-3.6183e+10	-4.47008e+10
1.65e-10	-2.62287e+09	-1.15487e+11	-1.34178e+11	-2.73896e+09	-5.9207e+10	7.94697e+10	-4.28796e+08	-2.37032e+10	1.17129e+11	5.03446e+09	1.37996e+11	-6.90474e+10
1.7e-10	8.15014e+09	-2.69217e+11	-9.46812e+09	1.37577e+08	-5.67489e+10	5.42599e+10	1.63792e+09	2.22394e+11	-2.30119e+11	-6.0863e+08	-6.84377e+10	7.76836e+10
1.75e-10	2.61051e+10	-1.74031e+11	-4.11235e+11	1.83829e+10	3.44242e+10	-9.19706e+10	2.20745e+09	4.85953e+10	1.7406e+10	-2.6218e+10	-5.71204e+10	2.07876e+11
1.8e-10	-1.3355e+10	8.77774e+10	4.42937e+09	-6.82425e+09	-2.00317e+11	9.3102e+10	-1.5792e+10	7.90779e+10	-1.79974e+11	1.12313e+09	7.6495e+10	-9.54201e+10
1.85e-10	1.18597e+10	-2.6212e+10	-2.79013e+11	-8.76983e+09	-1.22244e+10	-3.01435e+11	-9.83119e+09	-4.7473e+09	-2.78118e+10	6.80934e+09	1.4022e+10	-7.73856e+10
1.9e-10	-1.15626e+10	-1.88395e+11	-6.85166e+10	-2.86429e+09	-5.75066e+10	5.99142e+09	-5.43178e+08	7.42287e+10	7.22986e+10	-8.89601e+09	1.27894e+11	-8.01231e+09
1.95e-10	-2.44474e+09	3.75786e+10	-1.23176e+11	-1.00647e+10	-1.85273e+10	1.93068e+11	-1.34877e+10	-2.15708e+10	1.3018e+11	1.34616e+10	-1.12174e+10	-2.39043e+11
2e-10	-8.33781e+09	2.5223e+11	-2.84085e+11	-7.96417e+09	-3.47862e+10	1.12225e+11	7.20406e+09	-2.18185e+11	-2.57227e+10	-2.34716e+09	-7.12046e+10	2.38785e+10
2.05e-10	7.07502e+09	-2.64008e+11	5.33385e+10	1.17611e+10	1.75014e+10	-5.99042e+10	-1.80145e+09	-2.18482e+11	8.06621e+10	2.96285e+10	-1.09506e+11	2.62813e+11
2.1e-10	-1.15509e+10	-1.97068e+11	-8.36154e+10	-1.05546e+10	-5.6726e+10	1.65272e+10	1.12106e+10	-1.02554e+11	5.67741e+09	-4.32068e+08	-2.28882e+10	2.61687e+11
2.15e-10	2.69289e+09	3.34131e+10	-8.93942e+10	-2.04466e+10	-1.21629e+11	6.80298e+09	8.24046e+09	2.36659e+10	1.20575e+09	8.54955e+09	-4.67751e+10	2.30589e+11
2.2e-10	6.84743e+09	-3.09763e+11	1.66004e+11	-1.63182e+10	-1.18867e+11	9.51157e+10	-1.06595e+10	-1.65839e+11	5.43173e+10	5.4979e+09	1.12555e+11	2.88045e+10
2.25e-10	5.19574e+09	-1.18367e+11	-6.08843e+10	-5.07651e+09	5.23573e+10	-6.42822e+10	-6.6032e+09	8.4867e+10	1.48621e+11	4.64062e+09	3.08376e+11	-1.64565e+11
2.3e-10	2.09821e+10	-1.00195e+11	1.50896e+11	3.20294e+09	7.91779e+10	9.51456e+10	-9.65706e+09	7.03409e+10	2.08642e+09	-1.57678e+09	7.74087e+10	-1.74782e+11
2.35e-10	1.18756e+10	3.27654e+10	1.31518e+11	1.87587e+10	1.87975e+10	1.67062e+11	-1.25678e+10	-8.35464e+10	-6.90109e+10	1.78196e+09	-2.21411e+11	-7.13789e+10
2.4e-10	1.24633e+10	5.71491e+10	1.44586e+11	-7.05044e+09	1.42728e+10	6.81038e+10	-3.38728e+09	1.12771e+11	-4.73964e+10	-2.191e+10	-2.99333e+11	8.08959e+10
2.45e-10	1.37902e+09	-1.77636e+11	1.33448e+11	-2.88621e+08	4.97554e+10	-1.52013e+11	2.42524e+09	-2.3058e+11	-5.25713e+10	-4.59615e+09	5.93002e+10	2.81655e+10
2.5e-10	7.06448e+08	9.5211e+09	3.90986e+10	-1.43459e+10	4.71441e+10	-1.6479e+10	2.65267e+09	1.57705e+10	-2.19474e+11	-8.36739e+09	-4.8817e+10	-5.09767e+10
2.55e-10	-1.57028e+10	-1.24334e+11	4.66019e+10	1.17517e+10	-1.759e+09	-1.13635e+11	-6.99844e+09	-7.55483e+10	-2.88316e+10	-2.12873e+09	2.04986e+11	8.34071e+10
2.6e-10	-2.54812e+10	-1.5676e+11	1.85998e+11	1.39341e+10	4.99444e+10	-2.05284e+11	1.33309e+09	-3.22934e+11	2.14776e+11	-5.64477e+09	-2.15613e+10	-6.09326e+10
2.65e-10	-8.84031e+09	-3.3059e+11	-1.1094e+11	-1.9873e+10	-1.60446e+11	5.47463e+10	1.49201e+10	8.69211e+10	2.35002e+11	-8.55405e+09	-7.85964e+10	-1.84497e+11
2.7e-10	-9.81257e+09	1.9278e+11	6.25241e+10	1.30275e+10	-2.38645e+11	-2.51737e+11	2.74369e+10	-2.00114e+11	4.43077e+11	-7.55838e+09	-5.01139e+10	-1.06144e+11
2.75e-10	2.64949e+09	-2.63299e+11	-1.24089e+10	-1.34319e+10	-6.85041e+10	-1.24698e+11	-4.22861e+09	-7.61466e+10	1.62291e+11	1.19221e+10	-2.60095e+10	-1.24016e+11
2.8e-10	-1.32671e+10	1.74729e+11	-2.77539e+11	-1.87451e+10	6.19871e+10	-2.10656e+11	-1.81798e+10	1.97875e+11	-6.67633e+10	-1.04643e+10	5.21467e+10	2.47422e+10
2.85e-10	-8.85114e+09	-1.93243e+09	3.92765e+10	4.41659e+09	-3.22119e+10	6.06713e+10	2.00938e+09	-2.30094e+11	7.45734e+10	-2.62397e+10	-5.14961e+10	2.29928e+11
2.9e-10	2.69834e+10	1.92247e+11	-2.30073e+11	1.46899e+10	1.36448e+11	-1.28213e+11	-1.26214e+10	-1.41686e+11	9.228e+10	3.76994e+10	1.54769e+11	-5.45292e+10
2.95e-10	-4.84393e+09	-1.00701e+10	-1.04025e+11	3.14596e+10	1.4284e+11	-3.39553e+11	-3.4301e+10	2.63805e+11	1.21865e+11	3.23289e+09	7.94538e+10	-1.32508e+11
3e-10	1.02236e+10	-1.80497e+11	-1.81301e+11	-1.20189e+10	-6.87515e+10	2.30817e+11	-7.61465e+09	4.82671e+09	1.25474e+11	-1.53269e+09	-1.18257e+11	-1.60715e+11
3.05e-10	2.05577e+10	-1.09596e+11	-2.1719e+11	-1.14273e+09	4.10228e+09	5.7773e+10	-1.11296e+10	-2.539e+11	-1.61751e+11	-3.51078e+09	-1.71713e+11	7.90508e+10
3.1e-10	-1.21148e+09	5.75483e+10	-1.47843e+11	-3.99477e+09	-6.61458e+10	8.96931e+10	1.32487e+10	5.85207e+10	2.33623e+11	2.14415e+10	7.2372e+10	1.86557e+11
3.15e-10	1.2267e+10	-1.14825e+11	-2.49555e+11	1.42301e+10	-1.39312e+11	1.41334e+11	6.86894e+09	2.12751e+11	3.71473e+10	5.06819e+08	1.53704e+10	-1.56511e+10
3.2e-10	-6.28636e+09	6.2985e+10	-1.09724e+11	-5.06182e+09	9.95173e+09	1.07438e+10	-8.20912e+09	2.42027e+11	-5.0603e+10	2.89906e+09	2.09751e+11	1.14418e+10
3.25e-10	1.396e+10	-2.76692e+11	1.15986e+10	7.70053e+09	-3.797e+09	1.90016e+09	-8.68171e+09	-2.83422e+11	1.51987e+11	2.06663e+10	-1.7949e+11	-9.29744e+10
3.3e-10	-1.64736e+10	5.8953e+10	-2.54168e+11	-1.81706e+10	-1.57877e+11	-1.3475e+11	3.11785e+10	2.26813e+11	8.17284e+10	-1.55749e+09	1.06672e+11	-9.17172e+10
3.35e-10	1.31475e+10	-4.98546e+10	2.85887e+11	1.46887e+10	5.49972e+11	-1.0973e+11	-4.33916e+09	-7.76173e+10	-1.60418e+11	5.99136e+09	8.5978e+10	-1.33597e+11
3.4e-10	5.09586e+09	-1.43455e+11	-2.909e+10	-6.57572e+08	1.09711e+10	-1.17762e+11	-3.54457e+09	-1.31449e+11	-8.21496e+10	-7.02285e+09	-1.5326e+11	-1.59707e+11
3.45e-10	5.69751e+08	-2.2892e+10	-1.60126e+10	-1.03984e+10	-1.61992e+11	9.2611e+10	6.30196e+09	2.14322e+11	5.5047e+10	-1.27808e+10	7.85478e+10	7.96851e+10
3.5e-10	6.26489e+09	1.08958e+11	-6.16014e+10	-2.99449e+09	1.60637e+11	5.93044e+10	-1.89832e+09	-1.82611e+11	2.24407e+11	-2.04229e+10	-2.35608e+11	2.62063e+11
3.55e-10	4.33273e+09	1.08052e+11	-2.23444e+11	-5.47378e+09	1.46244e+11	4.31291e+10	-9.77522e+08	-1.88694e+10	-1.73539e+11	-1.37464e+10	-6.32764e+10	-1.31023e+11
3.6e-10	-9.08798e+09	8.16752e+10	1.26736e+11	-3.52919e+09	1.78575e+11	5.33767e+10	-1.65019e+10	1.30644e+11	2.14285e+11	1.24938e+09	-1.5349e+10	1.23853e+11
3.65e-10	-5.03586e+09	2.53917e+10	1.68495e+10	-1.70396e+10	7.61309e+10	2.11752e+11	1.42692e+09	1.7156e+11	6.13172e+09	8.5214e+09	8.3835e+10	2.09769e+11
3.7e-10	1.46298e+10	1.14587e+11	1.40746e+11	1.80679e+09	-9.58119e+10	-8.25206e+10	-7.74853e+09	1.2602e+11	1.09621e+11	-9.38031e+09	-7.44554e+10	1.20069e+11
3.75e-10	1.02582e+10	2.49966e+11	-4.0582e+10	-1.09613e+10	8.18871e+09	1.00247e+11	-5.1894e+09	-1.48228e+11	-4.51946e+10	1.41368e+09	1.79581e+11	-1.51266e+10
3.8e-10	2.15501e+09	-3.15467e+10	6.56613e+10	-2.77089e+09	-1.38086e+10	-7.48134e+10	-1.78074e+10	1.23063e+11	1.24236e+11	-1.43676e+09	1.28259e+10	-1.65931e+10
3.85e-10	-2.28696e+10	-1.36858e+10	-8.69746e+10	1.25976e+10	-1.25953e+11	-1.26541e+11	-1.77638e+10	-3.58344e+08	-1.82469e+11	-1.24949e+10	-3.15044e+10	2.74151e+11
3.9e-10	-2.01548e+10	-7.57864e+10	-8.30861e+10	-5.48358e+09	-2.22209e+11	-9.37743e+10	-3.38592e+09	4.79971e+10	1.4668e+11	-7.55754e+09	-2.1831e+10	1.24435e+11
3.95e-10	-1.83163e+10	3.96093e+11	-2.43125e+11	-1.14086e+10	-3.75129e+10	1.55714e+11	1.99653e+10	-1.58241e+11	2.41511e+11	1.35619e+10	7.36257e+10	-9.16729e+10
4e-10	-2.46542e+10	-1.57907e+11	-3.1964e+11	4.71332e+09	-5.49095e+10	3.24483e+09	1.16389e+10	-9.20337e+10	2.36585e+11	-5.33896e+09	-4.87814e+10	1.39334e+11
4.05e-10	-2.1691e+10	1.60606e+10	-1.88406e+11	5.60494e+09	-1.81671e+11	9.33901e+10	-1.06822e+10	-1.2332e+11	-1.93495e+11	-7.20657e+09	3.95681e+10	1.58089e+11
4.1e-10	-1.58509e+10	-2.39045e+10	-3.74031e+10	-1.75532e+09	-6.55072e+10	-1.14887e+11	5.57958e+09	-1.66824e+11	-2.09853e+11	1.84071e+10	3.70534e+11	1.3937e+11
4.15e-10	-1.7188e+09	5.55848e+10	-8.34062e+10	-7.00235e+09	-9.04454e+10	4.17201e+10	1.61435e+09	-3.80531e+10	1.42424e+11	1.3841e+10	1.22044e+11	-6.68242e+10
4.2e-10	2.398e+10	1.13529e+11	-5.05534e+10	2.83936e+09	3.41357e+09	2.4725e+10	-2.21853e+09	1.22652e+11	4.36726e+10	1.2048e+10	-3.62941e+09	-1.77075e+11
4.25e-10	-1.8193e+10	9.48252e+09	-2.49892e+11	9.92687e+09	1.97624e+10	2.18059e+11	-1.01633e+10	-1.85574e+11	2.95018e+10	3.81657e+09	2.008e+11	-1.50905e+11
4.3e-10	2.25801e+10	1.10463e+11	-1.38882e+11	-1.9142e+08	5.08437e+10	-6.5086e+10	1.75399e+10	-1.41273e+11	3.09788e+11	-1.74558e+10	1.96948e+11	-4.49224e+10
4.35e-10	-9.134e+09	-1.33157e+11	1.84019e+11	-4.41282e+09	-7.44185e+09	-2.8272e+11	-1.15395e+09	4.06095e+09	3.03587e+11	2.26074e+09	1.21487e+11	8.19623e+10
4.4e-10	5.12231e+09	-7.78092e+10	-1.65534e+11	-9.31389e+09	-3.06934e+11	6.11891e+10	1.84196e+09	-2.46954e+10	1.11594e+11	-1.86464e+09	5.98207e+10	2.63415e+11
4.45e-10	-1.33663e+10	-1.47894e+11	1.96016e+11	-2.01623e+10	-3.57401e+11	5.15399e+10	-1.26614e+10	-1.28384e+10	4.06341e+10	1.39631e+10	3.52121e+10	-1.20339e+11
4.5e-10	2.4328e+10	-7.15296e+10	-2.28531e+11	4.3148e+09	-1.08539e+11	-2.55649e+10	-8.89227e+09	-3.77418e+10	7.63583e+10	1.57059e+10	1.35601e+11	-7.80058e+10
4.55e-10	3.22491e+10	-1.51425e+11	-2.64104e+11	3.38968e+09	7.38753e+09	5.94805e+10	-3.97979e+09	1.45194e+11	7.0811e+10	1.61956e+09	8.06694e+10	2.51803e+10
4.6e-10	2.62665e+09	1.16622e+10	-1.38554e+11	-2.10207e+10	1.66374e+11	6.82295e+07	-3.62402e+09	2.14737e+11	-1.13883e+11	-2.11848e+10	-4.7975e+10	2.51289e+10
4.65e-10	-3.33281e+09	-8.84408e+10	5.5467e+09	-5.51812e+09	6.89259e+09	2.46616e+10	-2.80847e+09	-1.23092e+11	-5.35947e+09	-1.54142e+09	2.02208e+11	-6.5373e+10
4.7e-10	-1.78849e+10	4.47906e+10	1.89256e+11	-9.5892e+09	5.05053e+10	4.86076e+10	-9.76876e+09	3.76987e+11	7.2996e+10	-6.29158e+09	-1.84515e+11	-4.10382e+10
4.75e-10	1.60791e+10	-2.43764e+11	-8.64493e+10	1.41882e+10	2.17188e+11	-4.13197e+10	3.02697e+10	2.3756e+11	-1.83192e+10	6.85343e+09	-1.24084e+11	7.41688e+10
4.8e-10	-9.03195e+09	1.48137e+11	-9.38412e+10	-4.43434e+09	-1.51093e+11	-5.5023e+10	7.74143e+09	1.79658e+11	-4.32449e+10	1.34046e+10	-1.14965e+11	-1.81371e+11
4.85e-10	-7.92799e+09	3.79674e+10	-3.02966e+11	-1.84859e+10	-1.07628e+11	-1.61471e+11	-1.44581e+09	-1.08894e+11	1.6184e+10	2.21846e+10	-2.04686e+11	2.87756e+11
4.9e-10	-8.48099e+08	-9.60227e+10	-1.90955e+11	1.38035e+10	9.80777e+10	-1.51651e+11	-7.10413e+09	-1.22547e+11	-3.70426e+10	1.00346e+10	-1.95244e+11	-2.04536e+11
4.95e-10	2.11198e+10	-2.89219e+11	4.28088e+10	1.30427e+10	1.11275e+11	1.0804e+11	1.02701e+10	6.69925e+10	-3.50264e+10	7.38357e+09	-1.03621e+11	9.45776e+10
5e-10	6.11842e+08	-3.82703e+10	8.77242e+10	-1.49096e+09	-1.95481e+11	2.2551e+11	1.57333e+10	2.30674e+11	-3.89851e+10	5.55324e+09	2.42087e+11	1.85076e+11
5.05e-10	6.14698e+09	4.98815e+10	8.8e+10	-1.16454e+09	-8.81916e+10	7.50422e+10	-4.36003e+09	5.37685e+10	-4.36589e+10	1.28807e+09	-3.36938e+10	-1.61485e+11
5.1e-10	9.77996e+09	-1.8603e+11	9.92836e+10	-6.14815e+09	8.08802e+10	1.79285e+10	-2.38907e+10	1.7714e+11	-1.7964e+11	6.42975e+09	-9.49751e+10	9.80711e+10
5.15e-10	2.39965e+09	9.4387e+10	1.44047e+11	4.10648e+09	1.99872e+11	5.59979e+10	-6.2633e+09	-4.0331e+10	-3.10166e+11	-1.63561e+10	2.41248e+11	-2.98321e+11
5.2e-10	-6.75079e+09	1.27757e+11	1.56923e+10	-4.28711e+10	-3.7478e+10	3.97081e+11	-2.67013e+10	-2.07866e+11	-6.84573e+10	7.21764e+09	-1.92899e+11	4.04307e+09
5.25e-10	-1.24674e+10	1.01695e+10	1.72421e+11	2.27974e+09	-1.72072e+10	-1.365e+10	-2.22665e+10	-1.98995e+11	2.05126e+11	-1.43823e+10	-5.59969e+10	1.91014e+11
5.3e-10	-2.71041e+09	2.08665e+11	1.45418e+11	-8.15827e+09	-8.92373e+10	1.44201e+11	1.97852e+09	-4.72855e+10	1.11292e+11	-1.37069e+10	-6.18905e+10	1.64691e+11
5.35e-10	1.65167e+10	6.03015e+10	2.75075e+11	-1.25431e+10	-1.91426e+11	-1.96319e+11	-7.27547e+09	-6.24073e+10	7.45204e+10	7.50788e+08	1.49612e+11	-2.98231e+10
5.4e-10	6.16583e+09	-3.09662e+10	3.43968e+09	-2.32547e+09	-4.61582e+10	1.51931e+11	-1.15864e+10	-2.10354e+10	-1.61606e+11	-3.57048e+09	1.12586e+11	-1.07623e+10
5.45e-10	1.61234e+10	7.72041e+10	1.80143e+11	7.40874e+09	8.7298e+10	1.58133e+11	1.63993e+10	-9.31458e+10	2.36658e+11	-1.23583e+10	5.29308e+10	6.55096e+10
5.5e-10	-3.26653e+09	2.51949e+11	1.04997e+11	-5.58644e+09	-8.55777e+10	5.00313e+10	1.86439e+10	-2.28576e+11	-5.97123e+11	-5.38807e+09	1.1562e+10	7.54717e+10
5.55e-10	3.21673e+10	-2.22749e+10	-2.79434e+11	-2.07389e+10	-1.60309e+11	1.9371e+11	-1.22117e+10	-1.83058e+11	1.0209e+11	-1.7567e+10	2.00162e+11	-6.48087e+10
5.6e-10	-5.8056e+09	-2.35468e+09	-1.994e+11	1.10131e+09	5.47583e+10	-1.06746e+11	-3.56773e+09	8.60263e+10	-1.11823e+11	-7.08166e+09	-1.5182e+10	2.23946e+11
5.65e-10	3.80371e+10	-3.9322e+11	-2.26972e+10	-7.10359e+09	-1.62457e+10	1.27299e+10	-1.3072e+10	1.14237e+11	2.08174e+11	-6.02722e+09	8.4849e+10	1.90255e+10
5.7e-10	6.89608e+09	-1.53443e+11	3.94482e+10	4.9242e+09	-1.4807e+11	-1.06637e+11	7.31525e+09	2.40618e+11	1.77908e+10	-1.45285e+10	8.31687e+09	1.57705e+11
5.75e-10	1.97428e+09	6.37442e+10	-1.29408e+11	-1.42684e+10	2.14364e+11	-1.18634e+11	-2.25767e+09	1.16094e+11	-7.89232e+10	1.72416e+10	1.43384e+11	-1.52685e+11
5.8e-10	-1.32964e+10	1.15716e+11	-1.67386e+10	-1.20772e+10	4.06907e+10	-1.57721e+11	-1.79938e+10	3.41951e+10	-5.47376e+10	2.22299e+09	-1.55921e+10	-1.53747e+11
5.85e-10	-5.61032e+09	2.88636e+11	5.62861e+10	-2.9638e+09	1.10101e+11	9.78025e+10	-1.65139e+09	9.50739e+09	1.76632e+10	-5.79518e+09	9.53353e+10	9.25168e+10
5.9e-10	-2.38112e+10	-1.40411e+11	1.65549e+11	-1.25399e+10	2.61235e+11	-2.45586e+11	-9.01472e+09	-5.73824e+10	1.26539e+11	5.27782e+09	-2.79332e+11	-5.56006e+10
5.95e-10	-1.31315e+10	1.43991e+11	9.70918e+10	6.72374e+09	5.42383e+10	-1.45956e+11	1.03713e+10	-2.28535e+11	-6.24897e+10	-8.48653e+09	-2.4307e+10	-1.49309e+10
6e-10	-7.99352e+08	-1.97195e+11	-1.89272e+11	-2.0284e+09	-1.91398e+11	2.7118e+09	-5.54155e+09	-6.22242e+10	-9.94506e+10	1.65779e+09	-1.17819e+11	-7.1572e+10
6.05e-10	1.18863e+10	3.92352e+10	-8.3571e+10	1.41928e+10	-3.47235e+11	-2.98343e+11	1.3441e+10	6.44345e+10	1.15882e+11	-9.34904e+09	1.42715e+11	-8.28883e+10
6.1e-10	-7.74966e+09	6.46283e+09	1.35074e+11	2.29809e+09	-7.74908e+10	7.74302e+10	-1.1714e+10	1.63007e+11	2.44305e+11	-2.80265e+09	1.16337e+10	-2.11896e+11
6.15e-10	4.25936e+09	-3.12257e+09	-1.28684e+11	-5.07241e+09	-1.11099e+11	-1.67983e+10	6.10305e+09	2.29692e+10	-3.54828e+11	4.28907e+09	1.55244e+11	-1.06238e+11
6.2e-10	1.33589e+09	6.50415e+10	1.28453e+11	-3.4339e+09	-4.68576e+10	-8.80078e+10	-2.81783e+09	2.21865e+11	1.43759e+10	-1.26262e+10	-2.21278e+11	-1.51514e+11
6.25e-10	1.23028e+09	-1.39686e+11	1.63243e+11	2.94722e+09	1.31622e+11	2.48666e+11	-1.15018e+10	1.08653e+11	1.62546e+11	-1.01401e+09	4.45367e+10	-3.69452e+11
6.3e-10	1.32217e+10	1.2349e+11	1.64773e+11	1.00891e+10	1.00609e+11	-7.35045e+10	-9.42475e+09	1.16811e+11	-1.8868e+10	7.22266e+09	-1.86634e+11	-2.05417e+11
6.35e-10	-1.04982e+10	-1.68132e+10	-8.48286e+10	-3.19854e+10	-1.77904e+11	1.86255e+10	8.33281e+09	-8.71885e+10	-3.09361e+11	-1.63228e+10	-2.17887e+11	1.02928e+10
6.4e-10	1.09039e+10	-1.78433e+11	-1.67192e+11	-4.68889e+09	-3.79206e+10	7.65899e+10	-1.59229e+10	1.14555e+11	-4.49512e+10	3.51321e+09	-7.99344e+10	6.8495e+10
6.45e-10	7.51577e+08	9.54235e+10	1.50278e+11	-7.51656e+09	3.06687e+11	5.74551e+10	1.8041e+10	-1.16879e+11	2.1417e+11	-2.73779e+09	2.1586e+10	-2.27163e+10
6.5e-10	1.02872e+10	1.28358e+11	-1.45485e+11	2.32165e+09	-1.95754e+11	-6.24013e+10	-6.19748e+09	2.22133e+11	3.18679e+09	-8.51337e+09	2.24617e+10	7.12175e+10
6.55e-10	5.80486e+09	-1.24265e+11	-1.06019e+11	2.13925e+09	-8.85326e+10	1.06543e+11	-1.44621e+10	6.15236e+10	1.59421e+11	2.1817e+09	5.94211e+10	1.94403e+11
6.6e-10	1.19031e+10	-1.18901e+11	-9.91436e+10	-1.30954e+10	1.79733e+11	4.03909e+10	-4.5406e+10	-4.06316e+11	3.81186e+10	5.24727e+08	-1.29831e+11	1.04984e+11
6.65e-10	-6.90843e+09	2.639e+10	9.88037e+09	-1.63224e+10	1.18189e+11	-2.27502e+10	-1.15662e+10	-2.24968e+10	2.36625e+11	-2.36738e+10	1.73579e+11	-1.6964e+11
6.7e-10	-4.68684e+09	-1.46153e+11	2.11481e+11	5.0343e+09	1.17573e+11	9.19946e+09	-1.65401e+10	5.47557e+10	-1.2333e+11	-2.18284e+10	4.52706e+10	2.56512e+11
6.75e-10	-1.04862e+10	1.84568e+11	8.32137e+10	9.43283e+09	-1.28404e+11	1.01627e+11	1.12926e+10	-1.10356e+11	2.64845e+10	7.18878e+09	-1.58355e+11	1.30972e+11
6.8e-10	-6.1437e+09	1.12268e+11	1.17585e+11	1.54446e+10	-2.89211e+11	1.60379e+11	-3.96212e+10	-7.79648e+10	3.36156e+11	1.72785e+10	-3.69115e+10	2.60745e+11
6.85e-10	-2.61957e+09	1.92943e+11	2.18073e+11	-1.03705e+10	2.52428e+10	2.14909e+11	4.26729e+07	-1.05133e+10	1.09457e+10	1.38889e+09	-3.16461e+10	2.52571e+10
6.9e-10	-2.91137e+09	1.06252e+11	3.13767e+10	-2.62236e+10	-3.28761e+11	1.39996e+11	-1.03253e+10	1.52402e+11	4.11274e+11	-9.32842e+09	-1.37001e+11	-8.61574e+10
6.95e-10	4.84245e+10	2.79748e+11	3.1967e+11	-3.58093e+09	9.78591e+10	5.06608e+10	-8.65995e+09	-1.62572e+11	-1.21545e+10	-3.99158e+09	1.62752e+11	-1.44529e+11
7e-10	2.30003e+10	1.2899e+11	6.40491e+10	-5.23211e+09	-3.39077e+10	2.25145e+11	-2.63646e+09	1.29818e+11	-7.52858e+10	-2.46617e+10	9.77677e+09	-1.11774e+11
7.05e-10	-1.71457e+10	2.67628e+11	6.92443e+10	1.28484e+10	-7.72163e+10	1.07983e+10	-2.33163e+10	-7.45425e+10	-1.45637e+11	1.3817e+10	-1.12106e+11	-3.21148e+11
7.1e-10	-6.54253e+09	3.82322e+10	-2.4262e+09	-6.93912e+09	-9.70711e+10	6.83911e+10	-9.50703e+09	-9.44711e+10	1.27117e+11	1.70711e+10	-1.57392e+11	-1.31536e+11
7.15e-10	-1.16301e+10	3.14752e+11	2.41157e+10	-5.43845e+09	1.74519e+11	-1.42771e+10	-1.7055e+10	-1.97644e+11	1.45177e+11	-1.90793e+10	-1.12936e+11	1.244e+11
7.2e-10	-7.12692e+09	6.44234e+10	1.09923e+10	2.19366e+09	-1.8606e+11	7.54074e+10	-1.42937e+09	8.7679e+10	6.57896e+10	-2.06468e+10	-2.44826e+11	-7.3063e+10
7.25e-10	1.64726e+09	2.72236e+10	-1.3132e+11	6.41238e+09	1.6284e+11	5.38325e+10	1.08894e+10	-2.38347e+11	1.41185e+11	-1.68969e+10	-8.08097e+10	-1.54986e+11
7.3e-10	-2.57123e+09	1.03996e+11	9.15722e+10	9.48357e+09	-1.91471e+11	7.72524e+10	-1.98786e+09	-3.47823e+10	-1.95632e+11	-1.26583e+10	-2.62864e+10	2.4865e+10
7.35e-10	-1.27048e+10	1.2049e+11	1.33536e+11	-7.26929e+09	3.1186e+11	-9.43318e+10	4.01884e+08	6.95337e+10	-4.11597e+10	-1.17169e+10	2.41317e+11	1.64683e+10
7.4e-10	1.22195e+10	-1.85456e+10	-2.96304e+11	-3.75655e+08	2.21008e+11	-4.66636e+09	-1.30009e+10	1.9144e+11	1.7931e+10	2.35831e+09	1.48037e+11	-2.27432e+11
7.45e-10	1.53959e+10	-2.26644e+10	-1.3802e+11	-8.62158e+09	-6.48299e+10	5.15367e+10	-9.49414e+09	1.6219e+11	-2.72285e+11	-7.27019e+09	8.17881e+10	5.52005e+10
7.5e-10	-3.82716e+09	5.41982e+10	1.10629e+11	2.90773e+09	2.13985e+11	2.45247e+11	-8.11541e+09	-7.02724e+10	-1.53201e+11	-3.33232e+09	-6.36142e+10	-1.53753e+11
7.55e-10	1.41263e+10	-6.99604e+10	-6.10536e+10	1.22059e+10	1.17509e+11	1.30125e+11	-6.30379e+09	6.98812e+10	6.18484e+10	-2.6849e+10	-1.92268e+11	1.61833e+11
7.6e-10	-7.38943e+09	2.27511e+11	-3.12953e+10	1.53998e+10	1.34843e+11	3.18683e+11	-5.3916e+09	-9.19341e+10	-2.66242e+10	8.6127e+09	-1.38845e+11	-1.30346e+11
7.65e-10	4.55944e+09	-7.0942e+10	-5.26096e+10	1.55627e+10	1.80488e+11	3.6678e+11	2.42579e+10	2.34482e+11	1.33166e+10	-4.67433e+09	-1.12133e+11	5.74991e+10
7.7e-10	-2.47077e+10	-3.29434e+11	-2.99375e+11	3.87144e+09	1.00718e+11	1.52316e+11	-1.96918e+10	-1.4573e+11	-1.26441e+11	-1.49606e+10	6.52308e+10	5.2988e+10
7.75e-10	1.18135e+10	-7.76651e+10	2.18693e+11	-1.08161e+10	-2.34977e+10	6.63431e+09	-1.89872e+10	-1.38955e+11	9.29433e+10	1.74371e+10	-1.50165e+11	-4.51734e+10
7.8e-10	-2.04561e+10	-2.23524e+11	-1.17677e+11	2.82142e+09	-2.07799e+10	-5.16529e+10	4.33721e+09	1.31773e+11	8.42057e+10	6.03923e+09	-5.00388e+10	1.1573e+11
7.85e-10	-9.1183e+09	-3.1263e+11	-5.35641e+10	5.08486e+09	1.22216e+11	-1.61258e+11	-6.41319e+09	2.14202e+11	4.2878e+10	3.36173e+09	-7.62321e+10	-8.84909e+10
7.9e-10	-1.10651e+10	-2.96611e+10	-1.42177e+11	-1.0034e+10	-4.90478e+10	-1.76383e+10	-1.69737e+10	-5.41912e+10	-8.31048e+10	2.31343e+09	-1.55368e+11	-6.41346e+10
7.95e-10	1.61214e+10	6.146e+10	1.7424e+11	-2.85203e+10	2.86867e+11	1.72831e+11	4.55697e+09	1.27348e+11	2.1111e+11	-1.39969e+10	-2.18051e+10	3.66508e+10
8e-10	2.70231e+09	2.82228e+10	9.55138e+10	4.89824e+09	4.64942e+10	-2.0211e+11	7.36879e+09	1.06098e+11	2.24934e+11	-6.11695e+09	-2.8873e+10	-2.75662e+10
8.05e-10	2.01202e+10	-6.68062e+10	1.07933e+11	-4.876e+09	-9.86644e+10	-8.76622e+10	-2.14751e+09	3.33424e+10	9.5866e+10	7.67123e+09	5.57807e+10	-1.25891e+11
8.1e-10	-2.45715e+09	2.1299e+11	1.62505e+10	-1.70418e+10	1.4696e+11	1.41721e+10	1.76506e+09	-1.02451e+11	8.45147e+10	1.45505e+10	1.88746e+11	1.58979e+11
8.15e-10	-1.50275e+10	-1.3987e+08	-1.24857e+10	1.17819e+10	4.00599e+11	-8.74148e+10	-1.20718e+10	9.89928e+10	3.45673e+11	9.82933e+09	1.90833e+10	1.84655e+11
8.2e-10	-9.41052e+09	-9.61408e+10	2.16899e+10	1.03202e+10	8.10787e+10	-1.43018e+11	1.82212e+09	-7.81198e+10	-6.82937e+10	-4.57397e+09	-2.74038e+10	1.66558e+11
8.25e-10	-3.45168e+09	9.03793e+10	-8.46442e+10	-2.73873e+10	-1.85446e+11	2.07468e+11	-7.9755e+09	-1.09457e+11	-2.45316e+10	-6.2896e+09	1.05388e+09	1.17482e+11
8.3e-10	-4.28399e+09	-6.22331e+10	7.4051e+10	9.74136e+09	6.3822e+10	-2.7118e+11	7.38166e+09	-1.40893e+11	-1.68059e+11	8.88622e+08	-3.35653e+09	3.33619e+10
8.35e-10	1.9281e+09	-3.16605e+10	2.4802e+09	2.0183e+10	2.51663e+11	6.95888e+10	-1.15969e+10	9.94921e+10	-3.64155e+11	-8.51013e+09	-6.50933e+10	3.23305e+11
8.4e-10	2.82625e+09	-6.3996e+10	-1.42274e+11	-4.44241e+09	4.82435e+10	-5.76674e+09	1.58503e+08	1.85148e+09	7.61426e+10	-4.54926e+08	-1.59197e+11	1.66276e+11
8.45e-10	-9.55903e+09	-2.22451e+11	1.4115e+11	-3.85721e+09	-4.53326e+10	-1.02376e+11	1.1081e+10	-6.02666e+10	-4.08031e+11	-1.13165e+10	1.85053e+10	-1.39723e+11
8.5e-10	-2.77458e+09	9.33104e+10	-1.51573e+11	5.31503e+09	-1.22653e+11	-9.66945e+10	8.30103e+09	-1.26863e+11	6.81892e+10	-2.07274e+10	-6.78617e+10	8.94517e+10
8.55e-10	1.18748e+10	-1.30166e+10	-1.37721e+11	-5.40891e+09	-1.89556e+11	-5.64227e+09	3.5866e+09	-3.0576e+10	-9.36694e+09	-4.55017e+09	-9.98231e+10	1.14931e+11
8.6e-10	-1.85842e+09	1.1986e+11	-2.10013e+10	6.18121e+09	-2.26113e+11	-7.66604e+10	-1.86304e+10	-2.69648e+11	-2.53712e+11	-5.56357e+09	-1.5625e+11	-6.4325e+09
8.65e-10	3.33906e+10	3.301e+11	-1.53303e+10	-2.68858e+10	6.56717e+10	8.10993e+10	-1.75419e+10	1.72715e+11	3.57703e+10	1.38892e+09	1.23852e+11	2.0399e+11
8.7e-10	-1.70291e+10	-4.88883e+09	-7.04492e+10	2.4947e+09	-6.94355e+10	1.50568e+10	-1.07111e+10	-1.78145e+11	1.71244e+11	-8.24179e+07	3.84302e+09	7.11556e+10
8.75e-10	-1.44208e+10	1.31499e+11	-2.16598e+11	-1.10746e+10	1.33031e+10	8.05761e+10	9.15874e+09	-1.30474e+11	2.23917e+11	-3.86898e+09	2.13377e+10	-4.69982e+10
8.8e-10	3.79528e+09	-1.48619e+11	-1.09537e+09	1.06634e+10	-1.72932e+11	-4.0381e+11	-3.16355e+09	-2.76138e+10	-1.52649e+10	-1.63296e+10	-2.24788e+11	6.43162e+10
8.85e-10	-3.34889e+09	1.64684e+11	4.71885e+09	-5.79088e+09	-2.1165e+11	1.08931e+11	7.60045e+09	4.58397e+10	1.72236e+11	1.3995e+10	3.26993e+11	1.50167e+10
8.9e-10	1.50033e+10	-9.27969e+10	-2.81429e+10	1.014e+10	2.18425e+11	2.03078e+11	2.1932e+09	-2.95634e+11	7.73462e+10	1.9941e+10	2.77221e+11	5.89143e+10
8.95e-10	-2.13657e+10	-3.71961e+10	-1.38552e+11	-2.89318e+08	-3.88058e+11	-2.07927e+10	-2.04686e+10	-4.16955e+10	5.15515e+10	-3.28183e+09	1.27913e+11	1.47849e+11
9e-10	-4.0636e+09	-2.61642e+10	-4.5779e+10	-3.22726e+10	-2.10346e+11	-2.29107e+11	-3.75662e+09	1.55427e+11	1.82929e+11	-7.64396e+09	3.10801e+11	-4.32512e+10
9.05e-10	6.99947e+09	8.78952e+10	-8.15469e+10	2.78876e+09	-3.88711e+10	-2.42056e+10	-2.95054e+09	7.6047e+09	1.23361e+11	-6.2199e+09	1.62248e+10	1.40623e+11
9.1e-10	6.61766e+09	1.15992e+11	-1.9701e+11	-2.70186e+08	-4.46843e+10	-5.83441e+10	-6.89692e+09	-2.11145e+10	1.24447e+11	2.06377e+09	9.89673e+10	1.39121e+11
9.15e-10	-7.30135e+08	1.3936e+11	-5.62998e+10	1.43103e+10	1.17882e+11	-2.00354e+11	-6.64936e+09	1.88002e+11	-5.44125e+10	-2.01745e+10	1.16899e+11	2.30244e+11
9.2e-10	1.01045e+10	-1.3822e+11	-1.51218e+10	2.38105e+09	2.20353e+11	-1.41338e+11	-2.21597e+10	-2.93952e+11	-7.95305e+10	-5.25559e+09	-2.34687e+11	1.12362e+11
9.25e-10	4.88234e+09	-9.28217e+10	-5.94893e+10	4.71297e+09	1.14411e+11	8.13374e+10	-8.42996e+09	-1.71361e+10	-8.80496e+10	-4.40646e+09	-6.10569e+10	1.71329e+11
9.3e-10	-3.50576e+10	3.21263e+11	-1.51237e+10	4.31039e+09	-1.92639e+11	9.03814e+10	-1.30175e+09	3.36479e+10	-1.53829e+11	-1.11298e+10	2.75349e+10	-1.27273e+11
9.35e-10	-5.17048e+09	9.2036e+10	1.21956e+11	-5.00448e+09	1.13356e+11	-8.71811e+10	-1.66902e+10	2.36207e+11	1.52953e+11	-9.37541e+09	1.01677e+11	-3.1637e+10
9.4e-10	-1.24218e+10	-3.16422e+10	-1.27468e+11	-1.32135e+10	1.87443e+11	1.1463e+11	-1.16652e+09	1.90612e+11	4.6241e+10	4.85057e+08	3.38205e+10	-1.70402e+11
9.45e-10	-1.23903e+10	-2.07447e+11	-7.28688e+10	-1.07415e+10	1.72257e+10	-5.30108e+10	1.00938e+10	9.87179e+10	-1.34636e+11	2.80153e+10	-3.77045e+11	1.15688e+11
9.5e-10	5.37708e+09	-4.36169e+10	9.51687e+09	1.46407e+10	-1.14512e+11	8.82627e+10	1.35941e+10	1.72231e+11	-1.41017e+11	1.0979e+10	-8.11612e+09	-1.46834e+11
9.55e-10	-8.69735e+09	-2.78112e+10	3.45328e+10	-6.55494e+08	-2.9824e+10	-1.03387e+10	2.60394e+09	1.1347e+11	2.9888e+11	-8.09511e+09	-3.38555e+11	-1.67775e+11
9.6e-10	1.37637e+10	8.28337e+10	-4.26723e+10	-3.57398e+09	-5.6221e+09	1.34272e+11	-2.07782e+09	-4.20525e+10	-3.84109e+10	-1.49465e+10	2.44014e+10	8.93772e+10
9.65e-10	-3.80439e+09	-8.13013e+10	1.12858e+11	6.03671e+09	-3.281e+10	5.50701e+10	3.92248e+09	-4.16627e+11	2.07945e+10	-9.28459e+09	6.26964e+10	-1.58523e+11
9.7e-10	-1.66715e+08	-1.77641e+11	1.05349e+11	-4.47827e+09	-8.93337e+10	-2.0936e+11	-1.32704e+10	5.7849e+10	1.15165e+11	-4.38404e+09	-4.22079e+10	-1.1221e+11
9.75e-10	-3.91949e+09	2.69386e+09	-1.04335e+11	-6.26559e+09	1.22974e+11	1.6365e+11	-1.53533e+10	1.75204e+11	1.07284e+11	-9.81259e+09	-1.0874e+11	-3.93312e+10
9.8e-10	-6.72881e+09	1.73302e+11	2.86529e+11	-4.70191e+09	-6.19931e+10	8.87266e+10	1.34961e+10	-2.0966e+11	-1.43366e+11	-9.58187e+09	2.43848e+10	-4.95766e+10
9.85e-10	-1.32605e+10	-5.57181e+10	8.56516e+10	5.64084e+09	1.35986e+11	7.24826e+09	-1.17798e+10	1.37079e+11	2.92552e+10	-1.90969e+10	-3.30394e+11	1.20471e+11
9.9e-10	2.33576e+10	3.53308e+11	-2.27945e+11	-1.94354e+10	-1.98815e+11	1.70226e+11	-1.32251e+10	-5.0509e+10	9.90756e+10	-5.97133e+09	3.47519e+10	-2.54881e+11
9.95e-10	-1.3909e+10	6.26198e+10	-1.40714e+11	4.52029e+09	5.07389e+10	-6.81907e+09	-1.14882e+10	-1.38082e+11	-1.33447e+11	-7.82303e+09	-7.37774e+10	7.2883e+09
1e-09	3.78124e+09	1.97793e+11	2.76597e+10	7.39349e+09	-2.8176e+09	4.00284e+10	6.11467e+09	3.10725e+11	1.83094e+11	-6.02582e+09	-1.49875e+11	-1.5842e+11
