Tue Oct 22 15:16:11 2024

<base> : Rectangle : 0m, 0m, 0m; 5um, 100nm, 5nm. Cells : 1000, 20, 1. Cellsize : 5nm, 5nm, 5nm
<supermesh> : Rectangle : 0m, 0m, 0m; 5um, 100nm, 5nm. Cells : 1000, 20, 1. Cellsize : 5nm, 5nm, 5nm

Saved data (dataname (unit) <meshname> (cells_rectangle)) : 

time (s)	<mxdmdt> (1/s) <base> (2.6um, 0m, 0m; 2.61um, 50nm, 5nm)			<mxdmdt> (1/s) <base> (3um, 0m, 0m; 3.01um, 50nm, 5nm)			<mxdmdt> (1/s) <base> (3.5um, 0m, 0m; 3.51um, 50nm, 5nm)			<mxdmdt> (1/s) <base> (4um, 0m, 0m; 4.01um, 50nm, 5nm)			<mxdmdt> (1/s) <base> (4.5um, 0m, 0m; 4.51um, 50nm, 5nm)			

0	-22086.9	-300087	-1.22679e+06	5511.29	295944	-3562.82	-83645.3	521991	-164056	29679.8	-221837	-581690	58474.4	-922625	701896
5e-12	2.62014e+10	2.50235e+10	-1.54592e+11	1.58899e+09	1.96842e+11	-3.04748e+10	4.57944e+09	-2.75953e+11	1.72753e+11	1.00869e+10	-1.28183e+11	3.32242e+10	-2.61169e+09	-3.91546e+11	1.85487e+11
1e-11	-5.26079e+09	-5.45684e+10	3.27612e+10	5.383e+08	7.78827e+10	-7.03815e+10	-7.3478e+09	-3.94097e+10	-1.7291e+11	-1.08503e+10	-7.50092e+09	1.13314e+11	-1.80317e+10	4.96889e+10	-7.19133e+10
1.5e-11	5.45811e+10	-1.91837e+10	-4.46822e+11	-5.89512e+08	6.47719e+10	-1.87177e+11	-1.72242e+09	3.1871e+11	-1.69964e+11	-4.38163e+09	6.9268e+10	-1.82578e+11	-1.98309e+09	3.41669e+10	-1.13882e+11
2e-11	1.13421e+11	1.97902e+11	-3.9775e+11	1.91251e+10	1.91429e+11	-1.41639e+11	1.57425e+10	-8.64193e+10	1.76708e+11	6.31067e+09	1.40649e+11	-1.57901e+11	-1.46559e+10	-1.71848e+11	-1.01286e+11
2.5e-11	7.69942e+10	-2.64914e+11	-3.56829e+11	-1.82387e+08	2.11397e+11	-2.36642e+11	1.02e+09	-1.23278e+11	-6.06283e+10	-2.28318e+09	-8.37578e+10	1.15338e+11	-2.66341e+09	1.03996e+11	8.73162e+10
3e-11	1.04814e+11	-3.50177e+10	-3.91192e+11	-9.81215e+09	-4.25552e+10	-1.89438e+11	-7.91418e+09	6.43258e+10	1.56237e+10	-7.17501e+09	4.36029e+09	-8.54766e+10	-8.42969e+09	-2.07311e+11	-1.37573e+10
3.5e-11	7.54898e+10	-3.80111e+11	-3.53229e+11	4.58142e+09	-3.05046e+10	-5.93184e+10	-2.5076e+10	1.73736e+11	-6.04399e+08	-8.44487e+09	-2.07752e+11	-2.31929e+11	1.5734e+10	1.23216e+11	5.41154e+09
4e-11	1.23146e+11	1.29146e+11	-4.78794e+11	-7.88735e+09	-1.42296e+11	1.83191e+11	-3.03235e+09	2.11218e+11	9.58154e+10	-3.38677e+09	-1.5639e+11	8.66046e+10	4.38605e+09	7.12757e+09	-1.07737e+11
4.5e-11	6.79812e+10	-2.11119e+11	-2.88847e+11	-9.2168e+09	-4.89673e+10	-1.5041e+11	8.34975e+08	6.81179e+10	9.74759e+10	-1.4539e+10	-2.5717e+11	-4.60902e+10	-4.39413e+09	-2.3266e+11	-6.3041e+10
5e-11	9.54578e+10	7.62045e+10	-3.92426e+11	2.07286e+10	2.8377e+11	5.3693e+10	-1.14645e+10	2.73605e+11	-7.44367e+10	5.16211e+09	1.845e+11	1.51412e+11	-1.40419e+10	1.69539e+11	8.68578e+10
5.5e-11	3.24425e+10	1.02886e+11	-2.5392e+11	5.02114e+10	2.09182e+11	3.08489e+11	-1.28192e+10	-5.42845e+10	4.89842e+10	8.98817e+09	-1.3255e+11	1.10777e+11	-2.85419e+10	3.0604e+11	-1.89343e+11
6e-11	4.30621e+10	-2.67799e+11	-1.67658e+11	6.02094e+10	2.78601e+11	4.12526e+11	1.81287e+10	9.82249e+10	6.11647e+10	-1.48925e+10	8.30066e+10	3.20911e+11	1.53593e+09	1.19332e+11	9.58774e+10
6.5e-11	2.02735e+09	2.24829e+11	-4.57447e+10	5.68978e+10	2.33976e+11	3.69724e+11	2.95139e+10	2.0572e+11	-1.74723e+11	5.53713e+09	-1.85918e+10	1.31579e+11	-7.68405e+09	5.58639e+10	1.25953e+11
7e-11	1.23977e+11	-1.036e+10	-5.3378e+11	7.87816e+10	3.81791e+11	1.27958e+11	1.62715e+10	1.68112e+11	2.93937e+11	5.19764e+09	-1.76414e+11	3.59527e+10	1.03047e+10	4.90512e+10	-2.48251e+11
7.5e-11	1.23491e+11	-1.09958e+11	-3.61748e+11	1.90802e+09	9.08632e+10	2.47754e+11	1.27093e+10	1.27895e+11	4.23155e+10	2.305e+09	-2.38419e+11	-1.84129e+11	1.66485e+10	-9.88101e+10	5.68606e+10
8e-11	1.00988e+11	7.19564e+10	-3.69432e+11	5.0142e+10	4.43373e+11	-9.956e+10	1.35947e+10	4.2444e+11	-1.60161e+11	2.62858e+10	4.79681e+10	3.38295e+11	-1.42054e+10	-1.04134e+10	-3.77057e+10
8.5e-11	1.00293e+11	-1.32434e+10	-3.58617e+11	1.49208e+10	5.20623e+10	2.80957e+10	3.10501e+09	1.0587e+11	-6.5574e+09	7.69475e+09	6.5602e+10	1.23242e+11	-1.90678e+10	-2.26492e+10	1.99716e+09
9e-11	6.2261e+10	-2.08377e+11	-2.55849e+11	-3.72785e+10	-1.67294e+11	-3.65896e+10	9.87833e+09	6.50918e+10	8.22102e+10	2.13178e+10	1.08464e+11	2.82763e+11	-7.31499e+08	-2.51651e+11	1.01281e+11
9.5e-11	1.09583e+11	2.35248e+11	-4.23875e+11	-2.94316e+10	-1.38616e+11	-1.02522e+11	1.10558e+10	3.66232e+10	1.19778e+11	4.28948e+10	-2.23495e+11	5.01455e+11	-1.11127e+10	-1.41776e+11	-2.95421e+10
1e-10	5.48747e+10	-3.15389e+11	-2.84919e+11	5.74121e+10	1.96017e+11	3.45431e+11	9.8381e+07	7.61835e+10	8.81866e+09	7.21666e+09	2.14162e+11	-6.42054e+10	-1.01073e+10	-4.33534e+10	-1.71453e+11
1.05e-10	8.70407e+10	-1.28405e+10	-2.85151e+11	1.15193e+10	8.86704e+10	1.79213e+11	-1.00645e+10	1.28096e+11	1.28813e+11	1.94213e+09	1.60597e+11	1.12003e+11	-6.31869e+09	1.81007e+11	-5.98543e+10
1.1e-10	1.02044e+11	-1.08258e+11	-2.49262e+11	1.87006e+11	5.08774e+11	2.61285e+11	-1.40387e+10	-1.35186e+11	3.12276e+09	-7.35669e+09	8.105e+08	1.93465e+11	1.85645e+09	-1.35379e+11	1.77542e+11
1.15e-10	1.83169e+11	-6.61821e+10	-3.911e+11	8.21765e+10	3.29299e+11	1.50896e+11	1.96446e+10	4.46263e+11	1.09046e+11	1.53046e+10	9.31214e+10	1.5044e+11	-1.59152e+10	7.61176e+10	-1.75281e+11
1.2e-10	2.75312e+11	-3.11749e+11	-4.92167e+11	5.6881e+10	1.84432e+11	2.59893e+11	1.75586e+10	2.02101e+11	7.54413e+10	-2.03483e+10	-6.98141e+10	3.27168e+10	1.11165e+08	-1.90614e+11	1.26067e+11
1.25e-10	2.89975e+11	-3.79102e+11	-5.98824e+11	1.86185e+10	1.88749e+11	5.40536e+10	7.30198e+09	5.79635e+10	1.13022e+10	-1.57907e+10	-4.15056e+10	1.33855e+11	-2.98507e+10	1.35351e+11	-2.58144e+11
1.3e-10	1.67749e+11	-3.13586e+11	-1.12932e+11	4.34501e+10	2.20411e+11	-4.36196e+10	-9.57634e+09	1.6675e+11	-1.6888e+11	-1.0781e+10	1.20357e+11	-4.30713e+10	-2.54649e+10	1.3149e+11	-1.59447e+11
1.35e-10	1.44327e+11	-3.19136e+11	-2.58023e+11	1.36423e+10	2.51804e+11	3.0415e+11	-2.19079e+10	-6.04836e+10	-1.93409e+11	1.4655e+10	-5.69935e+10	2.1534e+11	1.52794e+10	2.3799e+10	1.72797e+11
1.4e-10	2.20599e+10	-3.56723e+10	-1.35798e+11	2.42197e+10	1.98998e+11	1.56329e+09	2.57175e+10	1.02434e+11	2.73462e+11	-1.29174e+10	2.02951e+11	3.89687e+10	-2.1095e+10	-8.56724e+10	-3.11439e+11
1.45e-10	8.53138e+10	-2.04109e+11	-2.87548e+11	4.90716e+10	3.0376e+11	-1.28971e+11	1.70474e+10	-5.25682e+10	1.6732e+11	1.55565e+10	-1.83628e+11	1.62836e+11	-1.13747e+10	7.5713e+10	1.74377e+11
1.5e-10	5.21391e+10	-2.86315e+10	-2.25156e+11	5.61977e+10	4.88746e+11	-3.364e+10	-2.31841e+10	-3.97651e+10	-7.89642e+10	-5.27654e+09	1.59202e+11	6.07981e+10	-6.15765e+09	2.11376e+10	2.4158e+10
1.55e-10	1.14454e+11	1.20287e+11	-4.27575e+11	2.15652e+10	1.23748e+11	2.84553e+11	6.2876e+09	6.39374e+10	1.53632e+11	4.75609e+10	-7.21802e+10	2.93666e+11	-8.56743e+09	-9.96683e+10	-2.19066e+11
1.6e-10	1.04654e+11	1.02711e+11	-3.35422e+11	4.83834e+10	2.29567e+11	1.47683e+11	-1.13452e+09	6.19884e+10	2.44037e+11	1.02873e+10	8.5089e+10	2.1612e+11	1.31362e+10	-1.4164e+11	1.82e+11
1.65e-10	9.17691e+10	-4.85304e+09	-2.52861e+11	7.20885e+10	3.51857e+11	-1.53147e+11	2.5046e+10	1.01438e+11	1.74521e+11	1.52992e+10	1.52628e+11	3.71314e+11	-2.60086e+10	4.02286e+10	-1.03221e+11
1.7e-10	2.24983e+11	-2.32816e+11	-4.97767e+11	2.2049e+10	-9.77157e+09	-2.49607e+11	2.84962e+10	2.36743e+11	-4.5061e+10	1.10735e+10	3.57524e+10	2.96866e+11	9.65034e+08	-2.2107e+10	-1.10787e+11
1.75e-10	2.86134e+11	-6.04033e+11	-2.02882e+11	5.64586e+10	1.13804e+11	-2.60744e+11	-8.70623e+09	-4.18548e+10	-4.16928e+10	-9.94587e+08	-1.01221e+11	7.02617e+10	1.63678e+10	-8.2767e+10	2.21059e+11
1.8e-10	1.65186e+11	-2.69263e+11	-3.05721e+11	7.15339e+10	1.21501e+11	-4.56341e+11	1.26362e+10	1.19552e+11	1.32068e+11	-6.96279e+09	-3.36264e+10	2.02398e+11	4.32074e+09	3.55195e+09	4.20318e+11
1.85e-10	2.63063e+11	-7.29461e+11	-3.1911e+10	1.13606e+11	9.48122e+10	-4.07247e+11	-2.29142e+09	1.10932e+10	1.34688e+11	-1.44479e+10	3.63006e+10	-1.50779e+10	2.40333e+08	-2.36037e+11	1.5412e+11
1.9e-10	6.5788e+10	-3.68355e+11	2.13846e+11	9.71836e+10	3.14494e+11	-2.74279e+11	1.06338e+10	3.23724e+11	-8.36353e+10	4.57212e+10	-2.09272e+11	3.60809e+11	-8.00889e+09	-1.80398e+10	2.15563e+10
1.95e-10	4.85196e+10	-2.27875e+11	2.23259e+11	2.17849e+10	1.83468e+11	-1.3003e+10	7.13561e+09	1.90077e+11	-1.68331e+11	1.47964e+10	2.28168e+10	1.60416e+11	-1.7424e+10	-1.79979e+11	-2.05232e+11
2e-10	-8.81092e+08	1.51252e+11	-7.90509e+10	-5.76042e+08	-1.64117e+11	-1.23824e+11	5.75727e+10	3.47795e+11	-7.96349e+10	5.44027e+09	-5.8886e+10	1.63184e+11	-2.06792e+10	5.80732e+10	-8.77669e+10
2.05e-10	2.18906e+10	-1.87956e+11	1.43856e+11	4.50045e+10	1.15201e+11	-2.34339e+11	-2.16609e+10	-3.21557e+10	6.53215e+10	1.44639e+09	4.84136e+10	3.57411e+11	-2.62689e+10	-2.83663e+10	-1.6168e+11
2.1e-10	5.65022e+10	-1.76976e+11	-1.21145e+11	4.07699e+10	3.63844e+11	1.75642e+11	1.23065e+10	1.15553e+11	9.82354e+09	-8.72903e+09	-1.76462e+11	3.39572e+11	1.77109e+09	-9.53469e+10	9.26856e+09
2.15e-10	7.0163e+10	-1.53927e+11	-1.87223e+11	3.03175e+10	3.24959e+11	1.65013e+11	4.77413e+10	1.61539e+11	-1.98255e+11	7.99303e+09	1.56999e+11	4.77081e+10	3.22883e+09	-7.87632e+10	-1.89443e+10
2.2e-10	1.60277e+11	-3.86907e+11	-3.0021e+11	5.73861e+10	2.7571e+11	-1.85384e+11	8.40424e+10	4.28213e+11	-2.10526e+11	-5.84374e+09	1.81913e+11	6.97042e+10	-8.72895e+09	9.35553e+10	-1.60325e+10
2.25e-10	1.84862e+11	-4.73094e+11	-1.89667e+11	6.85184e+10	2.25102e+11	-1.38844e+11	2.87359e+10	1.95215e+11	-1.70807e+11	-1.5081e+10	2.1737e+11	-3.44061e+10	-1.06403e+10	-1.06149e+10	-9.02868e+10
2.3e-10	1.32652e+11	-2.28075e+11	-2.64479e+11	8.78386e+10	1.96087e+11	-1.76985e+11	1.24646e+10	2.39962e+11	-6.99465e+10	7.88877e+09	-4.54869e+10	1.55116e+11	8.03817e+09	-9.26641e+10	9.6187e+10
2.35e-10	2.33022e+11	-5.46264e+11	-3.81678e+10	1.16321e+11	2.92177e+11	-3.0998e+11	-2.33895e+10	-1.39614e+11	-1.22761e+11	-1.59746e+10	-4.14482e+10	-2.72424e+10	-8.22777e+09	1.65695e+11	1.70477e+11
2.4e-10	2.95127e+11	-6.28648e+11	-1.45895e+11	1.09517e+11	1.21523e+11	-3.34236e+11	9.27289e+09	9.12807e+10	-1.58786e+10	-2.08097e+09	1.18042e+11	2.57026e+11	-1.05301e+10	-3.41384e+10	-7.00404e+10
2.45e-10	1.62953e+11	-4.20847e+11	7.99788e+10	9.55466e+10	2.24122e+11	-3.27145e+11	2.0046e+10	1.43371e+11	-7.38992e+10	3.30721e+10	2.60447e+11	8.78303e+09	-8.6607e+09	-5.80022e+10	8.918e+10
2.5e-10	9.2187e+10	-1.79405e+11	9.67101e+09	9.70771e+10	1.09033e+11	-3.58538e+11	3.03362e+10	2.19895e+11	-2.38256e+11	2.79665e+09	1.1342e+11	8.61344e+10	-9.67914e+09	-1.34987e+11	-2.06185e+10
2.55e-10	1.19115e+11	-3.38999e+11	-1.87973e+10	-9.09838e+09	4.44463e+10	8.77471e+10	2.08505e+10	3.83914e+11	2.61739e+11	-3.68648e+09	4.37178e+10	1.75819e+11	-2.92357e+09	8.59878e+10	1.57068e+11
2.6e-10	1.05636e+11	-4.0595e+11	1.7008e+11	5.21062e+10	2.33459e+11	-1.38034e+11	3.53163e+10	2.45445e+11	-2.05815e+11	1.14787e+10	2.01823e+11	2.55198e+11	1.98826e+09	2.89611e+11	1.56571e+11
2.65e-10	8.6164e+09	-1.16424e+11	4.30604e+10	1.17301e+11	3.97733e+09	-5.16372e+11	3.30638e+10	2.36103e+11	-2.03571e+10	-1.49213e+10	-1.0541e+11	-3.77864e+10	-5.19903e+09	-1.71565e+11	1.08287e+11
2.7e-10	3.74229e+10	-1.27639e+11	-1.28157e+11	1.00735e+11	1.3014e+11	-3.5625e+11	3.20652e+10	2.30405e+11	-1.71813e+11	-1.14463e+10	-2.24529e+10	5.49123e+08	-2.52938e+10	-6.40613e+10	3.27614e+10
2.75e-10	7.00257e+10	-3.37877e+11	-1.77657e+11	2.51972e+10	1.73252e+11	-8.16987e+10	4.55154e+10	3.44581e+11	-3.02024e+11	-5.18601e+09	8.24856e+10	1.93307e+11	-3.66359e+09	-1.31127e+11	4.66868e+10
2.8e-10	-3.14736e+10	1.24825e+11	1.10625e+11	6.3389e+10	1.05573e+11	-2.55889e+11	2.04633e+10	1.86607e+11	-9.50002e+10	8.50438e+09	5.43263e+10	1.69e+10	6.27662e+09	-7.93523e+10	1.04289e+11
2.85e-10	4.20369e+10	-1.15509e+11	-3.23179e+10	5.70025e+10	3.58441e+11	-1.25891e+11	2.80139e+10	1.50598e+11	-9.67783e+10	1.19618e+10	9.34047e+10	4.24597e+10	-1.42999e+10	-8.62655e+10	9.50938e+10
2.9e-10	2.16634e+11	-6.02733e+11	1.42644e+11	4.53467e+10	1.64283e+11	-1.62294e+11	-1.93957e+09	4.37189e+10	-1.0224e+11	-1.43022e+10	-9.61016e+10	4.75436e+09	-2.00302e+09	5.34271e+10	-1.29855e+11
2.95e-10	1.47925e+11	-3.62593e+11	3.67695e+11	3.82499e+10	8.37711e+10	-2.60027e+11	2.2278e+10	2.54973e+11	-2.10292e+11	2.44968e+10	3.4201e+11	5.8468e+10	6.22689e+09	-2.26901e+11	2.12961e+11
3e-10	1.51841e+11	-3.40385e+11	4.02278e+11	5.37525e+10	-1.75044e+11	-3.37206e+11	-1.39415e+09	-1.86701e+11	-1.01131e+11	1.42504e+10	2.33953e+11	2.70391e+10	2.13789e+10	-9.20267e+10	2.89525e+11
3.05e-10	6.32586e+10	-6.19373e+10	3.95851e+11	2.3354e+09	-1.6654e+11	-8.81861e+09	3.31449e+09	1.17119e+10	3.87358e+10	9.05816e+09	2.20404e+11	1.4678e+11	7.58179e+09	3.35322e+11	2.19386e+11
3.1e-10	1.50913e+10	4.95643e+10	1.64892e+11	-1.36528e+10	-1.46682e+11	1.18546e+11	-5.24356e+09	-1.88205e+11	-2.16293e+11	-1.27687e+09	2.22246e+10	-1.98846e+11	-2.25764e+10	-2.28411e+11	-4.39287e+10
3.15e-10	1.89951e+10	-5.88187e+10	-8.77018e+10	-1.94454e+10	4.71706e+10	4.60012e+10	5.66308e+10	3.56295e+11	-2.01477e+11	-1.15854e+10	-1.11685e+11	7.50336e+10	1.63016e+10	-1.5507e+11	4.34833e+11
3.2e-10	-4.65447e+09	-9.21955e+09	7.53659e+10	4.57872e+10	1.53642e+11	-1.71763e+11	-1.62156e+10	-4.6683e+10	1.20999e+11	-1.05321e+10	9.2526e+10	1.47714e+11	-4.75311e+09	-2.62373e+11	1.24642e+11
3.25e-10	5.25169e+10	-2.62975e+11	-2.25486e+11	-2.83362e+10	-2.60793e+11	-1.01905e+10	1.67177e+10	-6.06565e+10	-2.75308e+11	3.38948e+09	1.21341e+11	-1.59631e+10	-8.41664e+09	6.57048e+10	-1.17396e+11
3.3e-10	5.30873e+10	-3.21965e+11	-3.41189e+10	1.54662e+10	-1.21844e+11	-7.72468e+10	-8.30853e+09	1.6803e+11	1.17981e+11	4.82848e+10	3.10208e+11	7.46147e+10	-4.82164e+09	-1.80304e+11	2.45922e+11
3.35e-10	1.55838e+11	-5.55419e+11	1.74267e+11	-1.71358e+09	-2.54917e+10	-9.69374e+10	1.67995e+10	-4.12943e+09	-2.11772e+11	1.6833e+10	2.67384e+11	2.2026e+10	-1.90807e+09	-1.4241e+11	-1.17674e+11
3.4e-10	1.57767e+11	-4.56774e+11	4.85331e+11	1.77755e+10	-5.66806e+10	-9.79479e+10	4.65233e+09	2.62305e+11	-8.85088e+10	-1.79392e+09	8.55043e+10	-6.21056e+10	1.55781e+10	-7.19878e+10	8.54819e+10
3.45e-10	4.17712e+10	-7.16873e+10	2.91531e+11	2.99408e+10	-6.20672e+10	-2.94987e+11	-1.44388e+10	7.52564e+10	-1.3651e+11	-2.51077e+10	-2.95635e+11	1.23513e+11	3.04878e+09	7.36042e+10	9.96691e+10
3.5e-10	4.05021e+10	-1.47824e+11	8.49216e+10	-4.33949e+09	-1.01149e+11	1.42553e+11	-2.10432e+10	2.2784e+10	1.59527e+11	-2.98565e+10	-2.98771e+11	4.36073e+10	-1.85125e+10	-8.97805e+10	-7.35899e+10
3.55e-10	5.08814e+10	-2.34149e+11	8.65653e+10	3.52499e+10	-1.80021e+11	-3.51803e+11	1.61773e+10	4.4499e+10	-1.77499e+11	-2.43736e+09	4.77646e+10	3.01428e+10	-6.57571e+09	-5.90762e+10	7.96145e+10
3.6e-10	1.14302e+10	-1.58395e+11	1.42552e+10	-1.60574e+10	1.54972e+11	9.40128e+10	1.85874e+10	1.98309e+11	-1.81392e+11	-6.41273e+09	9.15603e+10	-2.3207e+11	-2.75227e+10	-1.11575e+11	2.28824e+11
3.65e-10	1.58819e+10	-2.05276e+11	-8.09784e+10	-1.73322e+10	8.0306e+10	1.11876e+11	1.74316e+10	1.21593e+11	-1.99422e+11	1.83604e+10	1.93822e+11	-5.12721e+10	5.94857e+08	-5.77113e+10	-1.07489e+11
3.7e-10	1.80726e+10	-1.3491e+11	-1.69053e+11	7.33198e+10	7.41497e+09	-3.55588e+11	2.7177e+09	9.2506e+10	-7.44476e+10	3.84724e+09	5.69533e+10	-2.64503e+11	-3.71834e+09	-7.10975e+10	1.37167e+11
3.75e-10	1.47266e+09	-1.01293e+11	-5.91351e+10	4.70305e+10	6.72802e+09	-1.90564e+11	1.60409e+10	-1.36312e+11	-2.60929e+11	-3.82909e+09	2.77092e+11	1.57952e+11	-2.43959e+10	-1.03473e+11	-1.23199e+11
3.8e-10	2.6903e+10	-1.56287e+11	3.80282e+10	1.50595e+10	-1.00862e+11	-7.65829e+10	-2.8984e+08	7.67497e+10	-4.49883e+10	-9.2436e+09	3.04605e+10	-2.40442e+11	-1.13734e+10	3.93034e+10	-1.14767e+11
3.85e-10	8.93532e+09	-1.53296e+11	1.66373e+10	3.07445e+10	2.46364e+10	-2.37942e+11	1.44982e+09	2.9945e+11	2.11311e+11	3.38427e+09	2.08546e+11	-1.5656e+11	-1.45531e+10	-1.9805e+11	-8.64086e+10
3.9e-10	-7.25977e+09	-7.01645e+10	1.56782e+11	5.52314e+10	1.03731e+11	-3.3457e+11	-1.80672e+10	-4.34284e+10	-4.43475e+10	-3.06335e+09	1.88066e+11	7.86268e+10	-1.5176e+10	2.27766e+11	-1.53209e+11
3.95e-10	1.3672e+09	2.33249e+08	4.80431e+10	5.0028e+09	2.12426e+11	-3.82409e+10	-5.77007e+09	2.53236e+09	-8.50647e+10	-4.64388e+09	-2.70649e+11	2.13358e+11	-6.733e+08	-2.7109e+10	-1.05752e+11
4e-10	2.73314e+10	-8.58053e+10	-1.45027e+11	1.09491e+10	1.12167e+11	-8.53113e+10	8.39424e+09	1.78621e+11	-4.1743e+10	-1.6288e+10	3.23335e+11	-1.41229e+11	1.674e+10	2.36292e+11	8.1393e+10
4.05e-10	1.5344e+10	2.44384e+11	-2.10851e+11	6.51607e+09	1.12856e+11	-4.93761e+10	1.91759e+09	3.42865e+10	-1.20368e+11	-9.32248e+09	9.57955e+10	1.04875e+11	-5.46574e+09	8.85016e+10	-1.91812e+11
4.1e-10	-5.4806e+09	1.17215e+11	-8.63831e+10	-8.20865e+09	-2.96105e+11	-2.88919e+11	-4.84991e+09	5.61389e+10	-1.60382e+11	-6.01e+09	-3.23599e+10	1.30888e+11	-4.51677e+08	1.07272e+11	5.90231e+10
4.15e-10	5.76733e+09	-1.96807e+10	-5.54845e+10	-1.56014e+10	-3.29208e+10	1.33291e+10	-1.28043e+10	-1.10412e+11	1.28193e+11	1.01635e+10	1.82304e+11	2.74564e+11	1.79785e+10	-4.71353e+10	1.26338e+11
4.2e-10	4.36493e+10	-2.58554e+11	-2.3281e+11	4.637e+09	1.42883e+11	2.09753e+10	-3.70183e+09	-1.05164e+11	1.18293e+10	3.97615e+09	1.12247e+10	9.13055e+10	1.29109e+10	3.09844e+11	3.40031e+11
4.25e-10	-7.24245e+09	1.34081e+11	3.66951e+10	-2.64755e+10	-1.63275e+11	2.20574e+11	-6.2886e+09	1.63474e+11	9.73974e+10	-1.39495e+09	8.70767e+10	-1.50074e+11	-6.92409e+09	-3.70001e+10	5.70039e+08
4.3e-10	9.02157e+10	-4.69399e+11	1.55059e+11	2.1135e+09	7.56609e+10	-7.064e+10	-3.76476e+10	7.86234e+10	-2.56603e+11	4.74859e+09	-4.25552e+10	1.14575e+11	9.79206e+09	-2.06022e+11	-3.62633e+09
4.35e-10	-9.92672e+09	9.75541e+10	-5.12348e+09	-5.83368e+09	1.92862e+11	1.65521e+11	-1.66538e+10	2.6076e+11	1.93938e+10	-4.00117e+09	-7.47528e+10	-1.38049e+11	-2.01542e+10	-6.00281e+10	-8.66218e+10
4.4e-10	5.20081e+10	-8.54087e+10	-2.43084e+11	3.84055e+10	4.73251e+11	-3.33296e+11	-1.67723e+09	-1.71183e+11	4.83522e+11	-2.67809e+10	-5.95119e+10	9.34387e+10	8.77756e+09	-5.85158e+10	9.937e+10
4.45e-10	2.86405e+10	-4.28022e+10	-6.60277e+10	3.6816e+10	2.14555e+11	-6.02454e+09	-7.67102e+09	9.97483e+10	-5.24984e+10	-1.09537e+10	1.02841e+10	-1.71471e+11	1.22905e+10	4.30388e+10	2.20686e+11
4.5e-10	1.41728e+11	-2.18099e+11	-3.68296e+11	4.07279e+10	3.26448e+11	-1.59038e+11	-3.49193e+09	1.31786e+11	-2.79375e+11	-5.99221e+09	-2.60334e+11	1.66079e+11	-1.11014e+10	-9.82847e+10	4.43345e+10
4.55e-10	2.37514e+11	-4.39159e+11	-2.9718e+11	1.14203e+10	1.38261e+10	-1.8644e+11	2.13605e+10	4.63877e+11	1.78532e+11	-8.2538e+09	-1.07359e+10	1.42816e+11	-5.36735e+09	-1.47717e+11	1.10171e+09
4.6e-10	2.24592e+11	-5.28913e+11	-1.1218e+11	1.16416e+11	3.93594e+11	-3.37485e+11	1.25907e+10	1.91671e+11	7.17492e+10	4.95771e+09	1.46016e+11	2.03372e+11	-5.05152e+09	-1.25574e+11	-2.60869e+10
4.65e-10	2.51624e+11	-5.6044e+11	-2.54661e+11	4.62004e+10	7.12877e+10	-3.37604e+11	-1.31872e+10	2.28556e+11	1.46376e+11	-4.63409e+09	-4.95374e+10	-9.89927e+10	-4.54222e+09	2.57033e+10	-3.6591e+10
4.7e-10	8.18134e+10	-2.442e+11	-4.80696e+10	2.38343e+09	2.21006e+11	2.41086e+10	1.24964e+10	1.13643e+11	9.58594e+10	7.74746e+09	1.21307e+08	9.85005e+10	-5.9115e+09	1.61386e+10	2.59328e+11
4.75e-10	1.87074e+11	-6.19876e+11	1.30594e+11	-2.04658e+10	1.33657e+11	1.35316e+11	-1.23738e+10	-6.27169e+10	-3.53235e+09	-8.62538e+09	-4.80093e+10	-9.7989e+10	-2.35469e+10	1.52874e+11	4.43217e+10
4.8e-10	6.44369e+10	-2.77709e+11	7.36107e+10	8.76197e+10	1.15299e+11	-3.43767e+11	-3.40643e+10	-3.12879e+11	2.5477e+11	1.44036e+10	-2.47144e+11	3.27969e+11	-9.65189e+09	1.42056e+11	1.48179e+11
4.85e-10	6.61442e+10	-1.89353e+11	-3.17659e+11	4.00631e+10	3.69809e+11	9.47444e+10	6.45552e+10	4.24932e+11	-2.93429e+11	4.03004e+09	6.90663e+10	1.64508e+11	-6.45706e+09	-2.22446e+11	2.56887e+11
4.9e-10	9.7682e+10	-1.68588e+11	-2.42025e+11	8.62687e+10	3.7485e+11	-5.02463e+10	1.57875e+10	1.86698e+11	4.43839e+10	8.56816e+08	-9.75557e+10	1.80678e+11	-1.87886e+10	-1.65947e+11	-1.38944e+11
4.95e-10	2.57107e+11	-4.54572e+11	-3.05301e+11	4.20902e+10	2.20045e+11	-3.34545e+10	1.75587e+10	2.20472e+11	-4.05249e+10	1.12527e+09	2.42062e+11	-2.40001e+11	-1.00512e+10	1.34052e+11	-2.15959e+10
5e-10	2.12547e+11	-2.25129e+11	-3.5892e+11	8.08243e+10	2.7375e+11	7.41892e+09	1.72466e+10	3.2994e+10	-3.16388e+11	6.55778e+09	1.33397e+11	-1.03208e+11	2.86467e+10	-2.4191e+10	3.78868e+11
5.05e-10	2.05645e+11	-1.34985e+11	-4.59458e+11	1.97512e+11	5.50616e+11	-2.44802e+11	8.17709e+09	4.78937e+10	-1.95568e+10	-2.52276e+10	9.07291e+09	-5.62526e+10	-1.73238e+10	1.5788e+11	-2.39154e+11
5.1e-10	3.70694e+11	-5.74432e+11	-3.43065e+11	7.58557e+10	4.30484e+11	1.38383e+11	-1.01726e+10	2.18884e+10	2.91138e+10	2.40681e+09	9.02973e+10	-1.53121e+11	5.93597e+09	-9.54284e+10	6.33408e+10
5.15e-10	4.16508e+11	-5.77965e+11	-2.77223e+11	8.34754e+10	8.11605e+10	-2.7338e+11	1.61948e+10	1.32758e+11	-2.78769e+11	-7.54812e+09	-1.11163e+11	1.70551e+11	-9.29823e+09	-1.45701e+11	3.73384e+10
5.2e-10	4.10202e+11	-8.12192e+11	9.21332e+09	1.37842e+11	3.24819e+11	-2.70805e+11	5.26939e+10	3.93296e+11	-3.99699e+11	-1.64978e+09	-3.035e+10	1.23213e+11	8.46989e+07	8.47349e+10	-8.00436e+10
5.25e-10	3.33855e+11	-7.03506e+11	-2.00437e+11	5.76337e+10	2.39477e+11	-5.66968e+10	1.34721e+10	1.02041e+11	1.00243e+11	2.55317e+10	1.3414e+11	1.94855e+11	-1.88002e+08	1.49724e+11	8.98093e+10
5.3e-10	1.80431e+11	-4.3291e+11	2.65952e+11	6.75763e+10	1.87494e+11	-1.22068e+11	-1.62022e+10	-1.16809e+11	-9.09089e+10	3.53738e+10	1.95e+11	1.87089e+11	-9.38233e+09	-3.90313e+10	1.8931e+10
5.35e-10	7.35274e+10	-2.63422e+11	7.94901e+10	1.04998e+11	3.23428e+11	-2.39921e+11	1.15607e+11	5.22404e+11	1.03241e+11	6.57673e+09	2.75125e+11	-1.88465e+09	-3.56625e+10	7.51621e+10	-3.26159e+11
5.4e-10	8.23523e+10	-4.7624e+11	4.66288e+10	1.42661e+11	3.29509e+11	-3.09433e+11	7.70689e+10	4.1444e+11	-7.70404e+10	6.05298e+09	-8.64319e+10	2.03841e+11	5.91648e+09	1.24106e+11	2.56539e+11
5.45e-10	3.22049e+10	-8.87066e+10	2.70747e+10	1.25541e+11	2.52954e+11	-4.02179e+11	4.61488e+10	2.76668e+11	4.10855e+10	1.43144e+10	3.38017e+11	-1.93668e+11	7.19624e+09	-1.4792e+11	7.56108e+09
5.5e-10	9.58282e+10	-1.4057e+11	-2.71849e+11	3.39366e+10	2.92492e+11	1.99428e+11	6.01958e+10	2.30754e+11	-1.39233e+11	3.31378e+09	2.76615e+10	2.61203e+11	-1.32673e+10	5.90282e+10	1.02519e+11
5.55e-10	8.24461e+10	-1.0495e+11	-2.27678e+11	7.36839e+10	3.33257e+11	-1.94856e+10	3.05661e+10	1.55279e+11	8.62792e+10	1.7232e+10	1.07026e+11	1.03448e+11	2.76607e+10	-1.54728e+11	2.51208e+11
5.6e-10	2.06621e+09	8.049e+10	-8.19393e+10	1.84106e+11	4.86961e+11	-3.88644e+11	1.93444e+10	1.98436e+11	1.5207e+11	4.57511e+09	5.16513e+10	2.69156e+11	-2.49973e+10	1.89196e+11	7.6784e+10
5.65e-10	1.72369e+11	-2.27895e+11	-3.05148e+11	1.37276e+11	4.19669e+11	-2.32992e+11	3.11179e+10	1.91569e+11	-1.7489e+11	2.9167e+09	2.36048e+11	-3.96845e+10	2.24904e+10	1.24484e+11	2.1119e+11
5.7e-10	2.32758e+11	-4.46674e+11	-2.81678e+11	1.73923e+11	3.60869e+11	-3.34176e+11	2.79713e+10	9.62863e+10	-1.84758e+11	1.26392e+10	1.79136e+11	-1.64113e+10	1.73561e+10	-9.88997e+10	1.86855e+11
5.75e-10	1.33632e+11	-2.50889e+11	-1.03911e+11	1.69463e+11	2.83394e+11	-2.81994e+11	3.57288e+10	1.67082e+11	-2.48193e+11	5.54488e+09	1.28143e+11	1.78536e+10	6.48132e+08	1.21324e+09	2.28863e+11
5.8e-10	1.62289e+11	-4.18567e+11	2.86024e+10	1.37398e+11	2.54725e+11	-2.27563e+11	5.60255e+10	4.3557e+11	4.07993e+10	-6.55819e+08	9.72512e+10	-3.05553e+10	3.0024e+09	3.63628e+11	1.87866e+11
5.85e-10	2.66526e+11	-5.68593e+11	-4.31048e+11	1.02462e+11	3.25581e+11	-2.32543e+11	4.44689e+10	3.03381e+11	-1.15366e+11	2.83163e+10	2.36933e+11	5.4099e+10	-2.13876e+08	1.49114e+11	1.5736e+11
5.9e-10	1.27907e+11	-2.78225e+11	-1.68046e+11	9.57056e+10	2.93751e+11	-3.11943e+11	2.80635e+10	1.7613e+11	1.13361e+11	8.25892e+09	1.31532e+11	-1.09265e+11	1.34768e+10	6.25667e+10	2.16089e+11
5.95e-10	6.57263e+10	-2.84505e+11	2.87781e+10	8.676e+10	4.88625e+10	-4.33214e+11	2.60991e+10	1.60386e+11	-3.48069e+10	-3.35553e+09	5.39027e+10	1.53125e+11	7.16871e+09	9.88685e+10	1.17662e+11
6e-10	1.72763e+11	-3.68655e+11	-2.35131e+11	3.30544e+10	7.45053e+10	-2.14984e+11	2.22049e+10	1.76052e+11	1.76091e+11	7.58605e+09	1.27131e+11	-1.84685e+10	-1.23599e+10	-6.79842e+10	-2.39436e+10
6.05e-10	2.63133e+11	-5.1528e+11	-3.84953e+11	8.59058e+10	2.18021e+11	-3.52399e+11	4.21331e+10	2.4718e+11	4.67537e+10	3.24911e+10	2.74944e+11	1.02107e+11	-2.02838e+10	-7.52784e+10	-5.23627e+10
6.1e-10	2.21976e+11	-4.67462e+11	-2.14969e+11	7.99116e+10	4.16772e+11	1.02711e+11	1.92002e+10	6.69994e+10	5.78098e+10	1.30809e+10	1.71108e+11	1.45137e+11	1.33291e+10	3.74498e+10	1.10302e+11
6.15e-10	1.6959e+11	-4.18633e+11	-2.43329e+11	1.1664e+11	6.08604e+11	9.82926e+10	1.02697e+11	5.22196e+11	-3.17625e+10	-1.72753e+10	-2.42061e+10	-1.32788e+11	1.50677e+10	-1.6051e+11	1.51009e+11
6.2e-10	2.89989e+11	-6.58039e+11	-1.11302e+11	1.42453e+11	3.40991e+11	-2.50982e+11	1.65791e+10	6.04318e+10	-2.55117e+11	7.30474e+09	9.71791e+10	1.62483e+11	2.23419e+09	2.36005e+10	5.28295e+10
6.25e-10	1.93931e+11	-4.51812e+11	-1.607e+09	3.30059e+09	-1.26577e+11	-2.44804e+11	1.52952e+10	1.54666e+11	4.40259e+10	-2.42169e+10	-2.52704e+10	-6.29614e+09	3.61099e+10	2.12564e+11	5.23132e+11
6.3e-10	1.14488e+11	-3.20802e+11	1.08965e+11	1.13455e+11	2.3722e+11	-4.73063e+11	2.72989e+10	1.57886e+11	-1.56713e+11	5.0774e+09	9.54622e+10	-1.15576e+11	-2.23631e+10	-8.97132e+10	-1.73552e+11
6.35e-10	7.51472e+10	-1.99285e+11	-3.48712e+10	8.96417e+10	-2.81864e+09	-3.52526e+11	-1.96887e+10	-1.44351e+11	-4.35887e+10	1.6959e+10	5.43609e+10	2.65168e+11	3.06683e+10	1.31154e+11	2.72585e+11
6.4e-10	1.08871e+11	-4.27211e+11	1.63676e+11	9.0205e+09	2.36637e+11	1.28067e+11	4.64493e+10	1.98381e+11	-2.1556e+11	-4.28622e+09	-8.36603e+10	1.88933e+11	9.71631e+09	1.0242e+11	2.4616e+11
6.45e-10	6.36103e+10	-1.86073e+11	-1.22717e+11	4.05192e+10	1.80199e+11	-2.98166e+10	7.37542e+10	2.92864e+11	-1.59322e+11	-5.63954e+09	-1.08765e+10	-1.02305e+11	-1.5164e+10	7.12073e+10	1.12559e+11
6.5e-10	1.00456e+11	-3.0536e+11	1.05223e+11	8.70034e+10	3.25173e+11	-1.73549e+11	1.61973e+10	9.30131e+10	-1.03723e+11	2.34545e+10	1.83728e+11	-3.15669e+10	-7.08702e+09	-1.58654e+11	2.07145e+10
6.55e-10	1.73958e+11	-3.89686e+11	-7.55052e+10	1.15699e+11	3.40632e+11	-1.53611e+11	1.43066e+09	1.69852e+10	1.22549e+11	3.66101e+10	6.04316e+10	2.35008e+11	3.44092e+10	1.56148e+11	2.45689e+11
6.6e-10	2.51424e+11	-4.53655e+11	-8.8128e+10	1.03576e+11	2.96903e+11	-1.29363e+11	4.08525e+10	1.786e+11	-9.52688e+10	2.05006e+10	5.44146e+10	2.45654e+11	-1.69111e+09	1.32426e+11	1.45591e+11
6.65e-10	1.71762e+11	-3.49412e+11	-9.65391e+10	1.59763e+11	1.51819e+11	-4.36256e+11	5.10316e+10	4.54563e+11	-4.55166e+10	2.28428e+09	8.69213e+10	6.06718e+10	2.51355e+09	-1.12469e+11	2.75158e+11
6.7e-10	1.71975e+11	-3.88873e+11	-1.2748e+11	1.19207e+11	1.61938e+11	-3.13899e+11	1.55237e+10	-3.33454e+10	-2.52379e+11	7.41138e+09	1.63845e+11	-2.62459e+11	1.67696e+09	5.26908e+08	1.49594e+11
6.75e-10	9.83506e+10	-2.59548e+11	-5.26268e+10	1.22597e+11	2.63704e+11	-3.65251e+11	3.66732e+10	1.37825e+11	-2.63648e+11	1.22966e+09	8.28002e+10	1.37856e+10	-7.35666e+09	9.76736e+09	1.11334e+11
6.8e-10	1.11278e+11	-3.01888e+11	2.24553e+11	1.50945e+11	3.97315e+11	-3.90376e+11	-3.56826e+10	-2.82919e+11	-8.68399e+10	1.63336e+10	3.29947e+11	3.08791e+10	-6.26062e+09	-1.66173e+11	6.23432e+10
6.85e-10	1.38471e+11	-4.27528e+11	-4.52072e+10	7.87191e+10	1.22684e+11	-2.95045e+11	1.88373e+10	-2.02418e+10	-2.7746e+11	-6.09836e+09	5.6694e+10	5.2594e+10	-7.59454e+09	-5.8038e+10	-9.29335e+10
6.9e-10	2.2633e+11	-4.8472e+11	-2.84767e+11	1.27439e+11	3.20369e+11	-2.17707e+11	3.60353e+10	9.61932e+10	-3.95082e+11	1.05764e+10	4.1612e+11	-5.76383e+10	7.0959e+09	5.84447e+10	1.9824e+11
6.95e-10	2.60208e+11	-5.48836e+11	-3.64501e+11	6.34277e+10	1.16445e+11	-2.23955e+11	4.89892e+10	4.80761e+11	8.34892e+10	1.72338e+10	1.78344e+11	9.90833e+10	6.75685e+09	-1.12612e+11	4.51269e+10
7e-10	2.57515e+11	-4.24112e+11	-3.73871e+11	9.27399e+10	3.42208e+11	-4.63261e+08	7.00663e+10	2.43418e+11	-2.54356e+11	2.40427e+09	2.04152e+11	-2.78058e+11	4.05311e+10	1.44388e+11	4.56731e+11
7.05e-10	4.93736e+10	1.59781e+10	-1.86087e+11	9.36549e+10	4.85776e+11	-1.70334e+11	2.19546e+10	1.76556e+11	-1.37745e+11	1.50034e+09	6.76488e+10	5.67858e+10	-4.50918e+09	2.35183e+10	-2.68696e+10
7.1e-10	1.40711e+11	-2.43209e+11	-1.99572e+11	1.6216e+11	6.94009e+11	-3.42607e+10	2.346e+10	2.30355e+11	-2.11321e+11	4.40955e+09	1.00706e+11	-2.03494e+10	-9.93384e+09	-1.26023e+11	2.31479e+10
7.15e-10	2.22448e+11	-6.06014e+11	-1.41666e+11	9.35149e+10	2.54666e+11	-2.49566e+11	2.78983e+09	2.01447e+11	1.07915e+11	-1.13281e+10	3.26699e+10	-2.03942e+11	-9.35513e+09	1.32546e+11	-6.12924e+10
7.2e-10	9.73934e+10	-2.98303e+11	-7.74586e+10	9.8533e+10	3.32204e+11	-2.33318e+11	3.03241e+10	1.9758e+11	3.09801e+10	8.75149e+09	1.1975e+11	-1.26174e+10	1.80995e+10	1.52765e+11	-7.78864e+10
7.25e-10	1.31051e+11	-4.23471e+11	-3.35802e+11	4.02977e+10	1.83095e+11	4.61244e+10	1.28655e+10	1.17674e+11	1.88231e+11	-6.76254e+09	-3.54508e+11	2.38617e+11	2.28528e+10	2.65263e+10	2.35652e+11
7.3e-10	8.43025e+10	-2.6242e+11	-9.70396e+10	6.38823e+10	1.86708e+09	-3.9567e+11	5.00481e+10	3.36128e+11	-7.34011e+10	2.45577e+10	3.43129e+11	1.38988e+11	-2.46576e+10	-9.39131e+09	-8.31993e+10
7.35e-10	1.26694e+11	-5.28583e+11	3.44795e+09	7.38661e+10	3.52502e+11	-1.39735e+11	4.18203e+10	3.08385e+11	6.77879e+10	8.7499e+09	9.19409e+10	1.85806e+10	-1.42389e+09	-1.27152e+11	1.23644e+11
7.4e-10	8.03382e+10	-5.50453e+09	-3.61489e+11	1.11268e+11	3.76205e+11	-1.38447e+11	4.72519e+10	2.58034e+11	-7.45638e+10	-4.8694e+09	-1.05637e+11	7.53279e+10	-4.50961e+07	-1.40578e+11	2.01909e+11
7.45e-10	8.79707e+10	6.35395e+10	-3.55493e+11	4.30955e+09	8.62215e+09	-6.38745e+10	2.70736e+10	3.06016e+11	-5.66043e+10	2.99398e+10	2.14292e+11	6.38644e+10	2.62977e+10	2.55917e+11	2.15113e+11
7.5e-10	8.91719e+10	-3.79297e+11	-2.60247e+10	3.18404e+10	1.07979e+10	-3.97502e+11	2.97567e+10	1.94103e+11	-4.22715e+10	4.76014e+09	2.12973e+11	-1.15968e+11	2.01771e+10	1.78703e+11	1.3557e+11
7.55e-10	1.47336e+11	-2.86648e+11	-2.83453e+11	5.86899e+10	1.71532e+11	-2.45485e+11	2.34803e+10	-4.09509e+10	-3.19411e+11	8.78536e+09	2.4034e+11	1.85446e+11	9.76891e+09	2.82562e+11	1.82279e+10
7.6e-10	1.88381e+11	-3.04307e+11	-4.16375e+11	5.63991e+10	9.27921e+10	-3.0708e+11	5.56028e+09	-8.28471e+09	1.44603e+10	-7.48911e+09	1.12862e+11	-7.3001e+10	-7.31738e+09	-2.15716e+10	5.63831e+09
7.65e-10	1.36642e+11	-2.98617e+11	-2.05583e+11	9.32834e+10	3.0337e+11	-1.91264e+11	1.04287e+10	1.38519e+11	-1.63193e+11	1.83935e+10	1.32874e+11	1.75491e+11	-1.40524e+10	1.71782e+11	2.05922e+10
7.7e-10	1.1075e+11	-2.94209e+11	-1.78913e+11	3.33488e+10	1.00971e+11	-1.28003e+11	-1.40226e+10	8.58114e+09	-1.2567e+11	-4.72759e+09	3.11415e+11	-6.98711e+10	2.80454e+10	7.03827e+10	2.34114e+11
7.75e-10	2.06855e+11	-4.52349e+11	-3.72693e+11	6.20423e+10	3.05675e+11	-7.0614e+10	1.56999e+10	4.9091e+10	1.34391e+11	1.97668e+10	5.06571e+10	1.94433e+11	7.83042e+09	2.16818e+10	2.34786e+11
7.8e-10	1.17464e+11	-2.12693e+11	-2.6887e+11	6.46695e+10	2.23357e+11	-1.84894e+11	4.77722e+10	2.99165e+11	-8.37865e+10	2.0359e+10	1.68781e+11	1.2422e+11	2.56691e+10	-3.73706e+10	3.52092e+11
7.85e-10	1.68598e+11	-3.58848e+11	-2.11164e+11	8.74997e+10	3.88706e+11	1.16435e+10	2.80441e+10	2.04635e+11	-7.50484e+10	1.16613e+10	7.78835e+10	2.50666e+11	-1.27963e+10	2.17971e+10	-1.58556e+11
7.9e-10	1.538e+11	-8.52464e+10	-4.01223e+11	1.09212e+11	4.25606e+11	2.73152e+10	5.16485e+10	3.10804e+11	-2.75961e+10	2.38763e+10	2.71262e+11	1.99962e+11	1.08773e+09	2.99275e+11	1.64537e+11
7.95e-10	3.27885e+11	-5.82372e+11	-4.2256e+11	1.72225e+11	4.33603e+11	-3.03171e+11	2.21345e+10	1.84947e+11	2.04966e+11	1.63177e+10	1.06837e+11	-6.13942e+10	7.99933e+09	2.46516e+11	2.33409e+11
8e-10	2.91415e+11	-5.17714e+11	-5.49683e+11	1.44143e+11	5.40799e+11	-2.48329e+11	2.84712e+10	2.06283e+11	-1.77233e+11	6.04343e+08	2.51704e+11	5.86483e+10	2.77039e+09	8.50008e+10	1.61122e+11
8.05e-10	2.00344e+11	-5.10182e+11	-1.66821e+11	1.67271e+11	4.46045e+11	-2.98829e+11	4.87562e+10	2.85083e+11	-1.2193e+10	-7.21595e+09	-1.84998e+11	1.35327e+11	6.40476e+08	7.80166e+10	1.48665e+11
8.1e-10	2.40214e+11	-6.56392e+11	-3.15557e+11	6.37268e+10	2.18602e+11	-4.04838e+10	-6.82005e+09	6.98537e+10	-4.08476e+11	7.33207e+09	-1.8249e+11	1.12678e+11	1.09614e+10	-8.38765e+10	7.72775e+10
8.15e-10	9.73236e+10	-3.64729e+11	1.74859e+10	4.90898e+10	1.97477e+11	-1.71714e+09	4.04074e+10	2.98937e+11	-1.32586e+11	8.25859e+09	7.9782e+10	-4.28638e+10	1.47194e+10	-1.53602e+11	1.89509e+11
8.2e-10	9.93524e+10	-2.59776e+11	-2.37553e+11	2.63303e+10	1.71109e+11	-1.21244e+10	7.31659e+10	3.84304e+11	1.19769e+11	7.66317e+08	9.82677e+10	-1.61785e+11	2.61961e+10	7.48442e+10	1.81323e+11
8.25e-10	1.00788e+11	-2.08004e+11	-1.8783e+11	7.19593e+10	3.35126e+11	1.61019e+09	6.55724e+10	4.26127e+11	-3.23533e+11	-9.12432e+09	-2.5859e+10	-5.50795e+10	2.74111e+10	-8.13973e+10	1.83774e+11
8.3e-10	1.1241e+11	-3.76243e+11	1.51155e+10	2.42751e+10	1.05043e+11	-7.0974e+09	5.237e+10	3.19029e+11	3.37354e+10	2.3776e+10	2.38439e+11	-6.00265e+10	3.16885e+09	-2.24461e+11	6.33833e+09
8.35e-10	1.48887e+11	-3.46475e+11	-2.23593e+11	9.62439e+10	3.45844e+11	-2.53068e+11	1.20083e+11	5.49956e+11	-1.10211e+11	4.41322e+10	1.39173e+11	4.89318e+11	-9.40694e+09	4.50426e+09	3.86008e+10
8.4e-10	1.68057e+11	-4.27584e+11	-7.39845e+10	1.14765e+11	2.38849e+11	-4.24504e+11	9.64227e+10	4.01011e+11	-1.07746e+11	2.54746e+10	3.27344e+10	2.18864e+11	4.05201e+10	4.0896e+10	4.16597e+11
8.45e-10	1.94048e+11	-3.88556e+11	-2.16553e+11	1.4365e+11	5.47172e+11	-1.61551e+10	1.34513e+10	6.08918e+10	2.07675e+10	3.62178e+09	-2.20786e+11	2.60207e+10	2.39432e+10	8.86499e+10	2.99456e+11
8.5e-10	2.85687e+11	-4.18534e+11	-2.40449e+11	1.99245e+11	5.40894e+11	-5.41485e+10	-6.13987e+09	2.64693e+10	1.51167e+11	1.14908e+10	7.50098e+10	1.90783e+11	2.55611e+10	-1.5218e+11	1.63472e+11
8.55e-10	2.61865e+11	-4.97994e+11	-6.03811e+10	8.16653e+10	2.98817e+11	-7.70327e+10	1.31937e+10	6.91715e+10	-4.05564e+10	-2.01633e+10	8.49873e+10	-7.76672e+10	7.84754e+09	1.48757e+11	2.07689e+11
8.6e-10	3.19708e+11	-6.72124e+11	-7.65908e+10	2.23326e+11	3.99113e+11	-4.26761e+11	1.29544e+10	1.03906e+11	-3.95245e+11	7.71783e+09	1.55376e+11	1.55933e+11	9.13531e+09	2.56182e+10	1.10795e+11
8.65e-10	1.42408e+11	-5.14396e+11	1.54945e+11	1.42057e+11	4.55889e+11	-1.90152e+10	3.88481e+10	2.2242e+11	-2.34404e+11	2.89806e+10	-3.51012e+09	1.47384e+11	-9.63477e+09	1.7804e+11	4.57558e+10
8.7e-10	3.55697e+11	-5.94321e+11	-4.18434e+11	9.32203e+10	2.63143e+11	-1.08749e+11	7.47662e+10	4.69923e+11	1.02029e+11	1.9578e+09	5.75905e+09	2.16347e+11	-1.97779e+10	3.85734e+11	3.90256e+10
8.75e-10	2.00304e+11	-3.71748e+11	-2.13077e+11	1.38368e+11	3.87922e+11	-1.11436e+11	4.56604e+10	2.09694e+11	-1.15097e+11	1.28592e+10	1.19534e+11	5.32051e+10	-2.38851e+10	2.20686e+10	-2.22685e+11
8.8e-10	2.81775e+11	-6.11082e+11	-5.46493e+10	7.48107e+10	2.7108e+11	-1.12431e+11	4.08751e+10	1.17131e+11	-4.91189e+10	2.52056e+09	7.63318e+10	1.81876e+10	2.98416e+09	1.07289e+11	4.69383e+10
8.85e-10	1.76477e+11	-2.29612e+11	-2.71793e+11	1.02119e+11	2.57504e+11	-3.15791e+11	3.83564e+10	1.79385e+11	1.90725e+11	2.70283e+10	1.91808e+11	8.00571e+10	7.82524e+09	1.58702e+11	5.047e+10
8.9e-10	3.42577e+11	-6.4164e+11	-3.58096e+11	2.07873e+11	4.6576e+11	-2.61696e+11	7.82264e+10	4.22367e+11	-3.15212e+11	5.22444e+10	7.51288e+10	2.48981e+11	1.12326e+10	1.23486e+10	3.09168e+11
8.95e-10	1.49373e+11	-5.02825e+11	1.50366e+11	8.76633e+10	2.27435e+11	1.45387e+10	3.66001e+10	1.44433e+11	-2.04736e+09	5.41625e+10	2.85073e+11	2.60545e+11	8.61458e+09	-6.90957e+10	5.29452e+10
9e-10	3.09843e+11	-5.74681e+11	-2.01347e+11	6.77017e+10	1.89508e+11	-1.90733e+11	9.49891e+09	2.09067e+10	-1.02099e+11	2.48896e+10	1.57867e+11	2.51037e+11	2.18767e+10	-3.86608e+09	2.33412e+11
9.05e-10	1.43731e+11	-2.79919e+11	2.15118e+10	7.8606e+10	2.91014e+11	-6.32691e+10	8.71135e+10	4.26243e+11	2.99714e+11	-1.08108e+10	-3.66174e+10	-3.80568e+10	1.15516e+10	-5.67072e+10	1.78588e+11
9.1e-10	1.62473e+11	-2.80388e+11	-1.80034e+11	2.14302e+10	1.75541e+11	2.09567e+11	5.39687e+10	1.5234e+11	-9.90924e+10	-9.37233e+09	-3.35063e+10	1.81066e+11	-1.95359e+10	1.63436e+11	-2.74104e+10
9.15e-10	2.92794e+11	-4.8517e+11	-2.28893e+11	1.5077e+11	4.17518e+11	-4.31612e+11	7.80777e+10	3.40169e+11	-2.20155e+11	1.25747e+10	3.66753e+11	-3.44979e+10	7.56533e+09	5.83392e+10	1.87483e+11
9.2e-10	1.51935e+11	-2.16885e+11	-3.56131e+11	1.80877e+10	-3.73767e+10	-2.23554e+11	6.30721e+10	3.09769e+11	-1.19375e+11	-7.49193e+09	-1.12455e+09	-6.29991e+10	-1.36662e+10	-2.46954e+11	2.92272e+11
9.25e-10	1.40813e+11	-3.32737e+11	-1.56758e+11	3.65736e+10	2.01156e+11	3.50234e+10	3.26387e+10	2.46357e+11	8.97391e+09	9.82559e+09	1.24497e+11	2.52959e+11	1.0137e+10	5.06207e+10	2.291e+11
9.3e-10	1.01361e+11	-2.14074e+11	-1.44252e+11	5.55875e+10	2.79445e+11	3.24022e+10	2.81209e+10	3.42774e+11	-4.59062e+10	-2.43758e+09	1.08e+10	-6.23143e+09	-2.26622e+09	-7.79693e+10	-4.46575e+10
9.35e-10	1.13482e+11	-4.26642e+11	4.94508e+09	1.30637e+11	4.57402e+11	-1.11335e+11	4.41343e+10	3.07576e+11	1.65299e+11	2.19731e+10	6.2911e+10	1.91655e+11	1.18247e+10	1.53872e+11	9.8354e+10
9.4e-10	1.37907e+11	-4.57226e+11	-1.30582e+11	1.63166e+11	5.23443e+11	-1.42196e+11	2.19479e+10	1.46317e+11	-1.01791e+11	8.5368e+09	8.90142e+10	1.2127e+10	-1.90875e+10	4.202e+10	-1.76136e+10
9.45e-10	2.21202e+11	-1.18807e+11	-5.98834e+11	1.08403e+11	3.25275e+11	-1.90654e+11	1.16492e+10	1.88053e+11	9.59694e+10	-2.06055e+10	3.7633e+10	-1.18136e+11	1.67536e+10	9.19451e+10	1.86245e+11
9.5e-10	1.54099e+11	-3.77942e+11	-3.83602e+11	1.37008e+11	4.87853e+11	-7.18106e+10	2.4568e+10	1.55985e+11	8.54081e+10	3.75477e+10	3.14685e+11	4.99532e+11	-4.27438e+09	7.67524e+09	4.87516e+09
9.55e-10	3.61375e+10	-1.4175e+11	5.33923e+10	7.84482e+10	3.57321e+11	4.5712e+10	2.96128e+10	1.58127e+11	-1.99903e+11	3.33681e+09	-8.40329e+10	1.29394e+11	4.48676e+08	3.00076e+09	9.14668e+10
9.6e-10	1.40842e+11	-3.41658e+11	-1.32412e+11	1.1203e+11	3.14314e+11	-1.70337e+11	4.20433e+10	3.20892e+11	1.06123e+11	3.87468e+09	-4.93013e+10	3.9991e+11	9.35256e+09	-2.06538e+10	3.46429e+11
9.65e-10	1.60951e+11	-4.46512e+11	-2.20923e+11	8.74014e+10	3.25211e+11	-2.40917e+11	6.70184e+10	3.19645e+11	-4.30568e+10	2.1838e+10	1.01912e+11	2.52164e+11	1.65669e+10	-2.04169e+11	2.01325e+11
9.7e-10	2.41335e+11	-5.46831e+11	-3.08214e+11	7.19176e+10	1.88581e+11	-2.66491e+11	5.30978e+10	3.51753e+11	-8.18549e+10	1.73138e+10	2.06572e+11	1.23431e+11	5.73456e+09	1.63562e+10	7.06715e+10
9.75e-10	1.48886e+11	-2.77627e+11	-4.00417e+11	1.53118e+10	8.1404e+10	2.08914e+10	2.29174e+10	2.49424e+11	-2.06485e+11	3.09146e+10	-3.4443e+10	3.75521e+11	1.03902e+09	-1.00174e+11	4.19546e+10
9.8e-10	-2.96103e+10	-1.49602e+11	2.83508e+11	2.40221e+10	1.38045e+11	-1.7272e+10	1.22743e+10	1.33013e+11	8.44981e+10	1.54023e+10	1.3839e+11	2.4148e+11	7.91142e+09	-3.7913e+10	1.42581e+11
9.85e-10	1.30586e+11	-2.75412e+11	-3.98887e+11	1.03008e+11	5.01365e+11	1.05802e+11	2.32975e+10	2.95497e+11	-1.34744e+11	-3.7684e+07	4.68312e+10	2.26716e+11	2.74313e+09	-8.52222e+10	1.29905e+11
9.9e-10	1.19232e+11	-3.19562e+11	-1.14895e+11	5.78747e+10	2.17932e+11	-1.93838e+11	4.45714e+10	2.75926e+11	1.44823e+11	1.81023e+10	1.3658e+11	1.41555e+11	-2.20508e+10	1.33698e+10	-2.0104e+11
9.95e-10	2.47134e+11	-3.66612e+11	-4.23522e+11	5.34064e+10	2.81075e+11	-1.84759e+10	1.61128e+09	5.63527e+10	2.70765e+11	1.33695e+10	3.69402e+09	1.51169e+11	-2.34172e+10	-3.21967e+10	-4.90722e+08
1e-09	2.79509e+11	-5.29824e+11	-2.38302e+11	1.13419e+11	4.25662e+11	-3.63263e+11	9.89499e+09	1.57972e+11	-1.91598e+11	4.82583e+09	3.9831e+09	2.00575e+11	1.91272e+10	2.58222e+11	2.05485e+11
1.005e-09	1.53717e+11	-2.56594e+11	-3.85864e+11	1.4631e+11	3.09305e+11	-4.72765e+11	8.02747e+09	1.12814e+11	-1.5912e+11	4.46435e+09	1.10695e+11	1.55917e+11	2.08997e+10	-3.08645e+11	1.68254e+11
1.01e-09	1.28929e+11	-2.709e+11	-4.19321e+11	8.00491e+10	3.32666e+11	2.18953e+10	-1.75701e+08	4.22143e+09	9.42222e+10	2.66241e+10	1.53261e+11	1.12919e+11	-3.23883e+09	-2.01453e+11	9.33963e+10
1.015e-09	5.44875e+10	-2.06769e+11	-5.21983e+10	3.02214e+10	1.78223e+11	-1.24129e+11	2.60001e+10	1.65222e+11	-1.18847e+11	6.96838e+09	1.93083e+11	1.32805e+11	2.79398e+09	1.83631e+11	9.62716e+09
1.02e-09	7.93064e+10	-3.23583e+11	-3.22934e+10	7.98833e+10	4.16703e+11	9.80151e+10	2.5088e+10	1.93159e+11	-2.68502e+10	1.53101e+10	2.38199e+11	2.03094e+11	1.22335e+09	3.73569e+10	9.22682e+10
1.025e-09	7.66156e+10	-2.68667e+11	-2.09049e+11	1.40082e+10	1.67986e+11	1.60559e+11	-1.20374e+10	9.58079e+10	-1.01963e+11	1.01304e+10	2.81803e+10	4.58986e+10	3.56567e+09	-1.61561e+11	6.2009e+10
1.03e-09	5.70678e+09	2.17001e+09	7.91156e+10	-4.2579e+09	1.84454e+10	7.43773e+09	3.69646e+10	1.80575e+11	1.34031e+11	4.03619e+10	1.25359e+11	2.59719e+11	-1.59516e+09	-2.77247e+10	-6.43978e+10
1.035e-09	7.02942e+10	-2.81416e+11	-2.02603e+11	3.99106e+10	2.94371e+11	5.72529e+10	2.76945e+10	2.70358e+11	4.61204e+10	-8.2787e+08	-2.20091e+11	1.2976e+11	7.98769e+07	-5.14602e+09	9.35183e+10
1.04e-09	1.12913e+11	-3.81631e+11	-2.30337e+11	3.27628e+10	2.05182e+11	-1.1162e+11	7.19277e+09	8.68116e+10	4.46358e+10	-1.34959e+09	-8.29507e+10	2.87581e+10	-2.67517e+09	-6.21744e+10	5.36979e+10
1.045e-09	1.33164e+11	-1.96438e+11	-2.38482e+11	3.91911e+10	1.50692e+11	-1.62111e+11	-3.33166e+10	-1.80957e+11	-5.83736e+10	1.32741e+10	1.18508e+11	2.1773e+11	6.09649e+10	-1.4106e+11	4.51401e+11
1.05e-09	1.47629e+11	-4.90701e+11	-3.14431e+11	7.08226e+10	1.82761e+11	-3.47702e+11	2.10641e+08	-5.7889e+10	1.23688e+11	2.27808e+10	6.21298e+10	1.44779e+11	1.2522e+10	-1.94872e+11	1.79014e+11
1.055e-09	2.45271e+11	-7.04673e+11	-2.60587e+11	8.37991e+10	2.37472e+11	-2.08524e+11	3.38131e+10	2.57054e+11	-1.00843e+11	1.0062e+10	-2.08044e+11	1.70977e+11	-2.08822e+10	1.7875e+11	-8.04869e+10
1.06e-09	3.82847e+10	-2.50973e+11	2.14114e+10	6.10888e+09	-4.66108e+10	-2.6023e+11	1.1611e+10	7.69989e+10	1.26939e+11	6.62909e+09	2.93849e+11	7.76504e+10	3.28018e+10	-2.32337e+11	1.84213e+11
1.065e-09	4.47751e+10	-2.84404e+11	-1.50753e+11	9.93909e+09	3.8956e+09	-1.70887e+11	3.26968e+09	-3.88174e+10	3.6329e+10	8.57287e+09	4.82185e+10	2.5647e+11	-2.07239e+09	7.09851e+10	1.52457e+11
1.07e-09	6.56419e+10	-2.9461e+11	-2.95193e+10	6.41853e+09	-5.09346e+07	2.30978e+11	-3.96032e+10	-2.73959e+11	-6.77145e+09	-5.71491e+09	-1.00965e+11	9.48313e+10	7.12534e+09	-1.86474e+10	2.60672e+11
1.075e-09	1.07086e+11	-4.54622e+11	-1.39204e+11	4.38192e+10	3.89217e+11	-7.33449e+10	1.10605e+10	7.50291e+10	6.49823e+10	-8.81618e+09	-2.66494e+11	-1.65894e+10	1.73926e+10	2.68907e+11	8.39261e+10
1.08e-09	2.33253e+11	-4.6805e+11	-2.70773e+11	2.99166e+09	1.78286e+11	1.35896e+11	9.04374e+09	1.95264e+11	2.48404e+11	3.78675e+09	-1.58204e+11	2.09438e+11	-3.63764e+09	-9.95744e+10	-4.54212e+10
1.085e-09	2.5668e+11	-4.12292e+11	-4.7387e+11	-1.05457e+10	2.88049e+10	1.91531e+11	4.49879e+09	3.61628e+09	-1.15377e+11	-1.20072e+09	1.31507e+11	1.06623e+11	1.7852e+10	5.7363e+10	1.70998e+11
1.09e-09	2.18274e+11	-4.1989e+11	-2.00279e+11	9.14712e+10	2.72983e+11	-2.85226e+11	8.8469e+09	1.1883e+11	-1.10098e+11	-3.08549e+09	2.32042e+11	-1.6252e+11	-3.53116e+09	1.39046e+10	6.36391e+09
1.095e-09	2.15035e+11	-3.92942e+11	-2.3163e+11	1.25394e+11	3.4735e+11	-2.08654e+11	1.51162e+10	6.9875e+10	-2.56327e+11	-2.06867e+09	-6.53889e+10	1.51698e+11	3.8495e+09	-1.26953e+11	1.09837e+11
1.1e-09	1.6034e+11	-3.44304e+11	-2.30711e+11	1.72304e+11	5.2079e+11	-3.4441e+11	1.89906e+10	1.22426e+11	-6.0329e+10	-2.87456e+10	-2.0868e+11	-7.35119e+10	-6.62706e+09	3.45771e+09	1.14258e+11
1.105e-09	1.10758e+11	-3.68668e+11	7.1327e+10	1.57228e+11	2.31029e+11	-3.98226e+11	-1.50071e+10	-5.10866e+10	-4.96736e+10	8.22124e+09	7.20149e+08	1.55054e+11	-3.91443e+09	5.09717e+10	-9.95362e+10
1.11e-09	6.90772e+10	-1.7064e+11	-8.34316e+10	1.15154e+11	2.01266e+11	-3.10802e+11	-8.87521e+09	1.31033e+11	1.87917e+11	9.54982e+09	1.25396e+11	9.95718e+10	-9.02573e+08	1.67426e+11	1.26405e+11
1.115e-09	1.64256e+11	-4.87427e+11	-4.63436e+10	2.20821e+10	1.06765e+11	-8.04784e+10	4.89329e+10	1.6251e+11	-1.84599e+11	-3.48353e+09	1.13631e+10	-1.5167e+10	1.68962e+10	1.49154e+11	1.66064e+11
1.12e-09	1.09417e+11	-3.01251e+11	-2.84287e+11	8.4216e+10	2.12004e+11	-2.88221e+11	1.47459e+10	1.15907e+11	-8.25169e+10	1.39548e+09	-7.84398e+10	-7.15144e+10	-3.36557e+09	-1.49347e+11	1.73406e+11
1.125e-09	8.56538e+10	-2.38003e+11	-2.55807e+11	1.18322e+10	4.44248e+10	-4.24859e+10	5.97096e+10	3.04191e+11	-1.70796e+11	1.42445e+10	2.114e+11	9.54964e+10	-2.03535e+08	6.22579e+10	1.01158e+11
1.13e-09	1.63191e+11	-4.03653e+11	-2.73704e+11	6.1695e+10	3.6194e+10	-3.25742e+11	3.74375e+10	2.81128e+11	-9.68527e+10	4.5545e+10	4.01644e+11	2.86936e+11	-7.25767e+09	-9.43147e+10	1.39582e+11
1.135e-09	1.98041e+11	-3.89451e+11	-2.88003e+11	8.58984e+10	1.81397e+11	-2.43483e+11	2.83838e+10	2.64617e+11	2.12261e+11	2.24551e+10	1.74482e+11	6.99909e+10	2.32869e+10	3.7735e+11	1.0209e+11
1.14e-09	2.5526e+11	-5.92495e+11	-8.38673e+10	1.73103e+11	4.60891e+11	-2.59358e+11	-3.15596e+09	2.0056e+10	3.81142e+09	1.55832e+10	2.18879e+10	-6.63884e+10	-1.39441e+10	4.48469e+10	-1.06804e+11
1.145e-09	2.83386e+11	-5.64181e+11	-1.4171e+11	1.08433e+11	1.82643e+11	-2.82602e+11	1.36304e+10	1.44894e+11	-2.49488e+11	1.02577e+10	1.82727e+11	-2.2427e+10	2.28738e+10	-1.69949e+11	2.20385e+11
1.15e-09	1.95391e+11	-4.1862e+11	-9.65028e+10	8.36948e+10	3.05465e+11	-1.74631e+11	3.30112e+10	2.09514e+11	-8.65217e+10	2.52149e+10	2.78793e+11	3.66233e+09	-5.18084e+09	7.82138e+09	-2.18459e+10
1.155e-09	2.4095e+11	-5.49477e+11	1.07227e+11	1.17885e+11	1.14125e+11	-5.075e+11	-4.70901e+10	-1.33021e+11	-1.07703e+11	6.84033e+10	4.11519e+11	2.0946e+11	1.00971e+10	-1.00825e+10	3.02951e+11
1.16e-09	1.28814e+11	-3.81151e+11	1.74147e+11	1.36249e+11	4.16136e+11	-3.28298e+11	2.99995e+10	2.10573e+11	-1.55517e+11	1.99661e+10	2.94058e+11	-1.20041e+11	-7.78813e+09	-1.1278e+11	1.86413e+11
1.165e-09	1.54352e+11	-4.53575e+11	1.76272e+11	9.67066e+10	2.63172e+11	-2.99709e+11	2.52166e+10	8.65437e+10	-2.99431e+11	-1.72966e+10	1.88571e+10	4.34896e+10	-2.11866e+09	-1.25289e+11	-2.23297e+10
1.17e-09	4.49841e+10	-1.87483e+11	1.23029e+11	7.572e+10	7.03052e+10	-2.93557e+11	-1.69721e+10	-1.78532e+11	-2.18528e+11	8.02838e+09	3.24103e+11	-1.34695e+11	1.20438e+10	9.743e+10	1.10283e+11
1.175e-09	1.00968e+11	-2.1797e+11	-3.14452e+11	9.73694e+10	2.03697e+11	-2.55783e+11	5.7306e+09	1.80225e+11	8.38875e+10	2.61584e+10	2.74001e+11	2.10955e+11	1.21482e+10	7.98662e+10	-2.46479e+10
1.18e-09	9.61249e+10	-2.4089e+11	-7.73579e+10	7.18522e+10	-4.30359e+10	-3.42961e+11	-2.49314e+09	1.18625e+11	1.7668e+11	1.68713e+10	4.91114e+10	2.39012e+11	-5.14346e+09	2.44565e+11	-4.43457e+10
1.185e-09	1.0631e+11	-2.22538e+11	-2.48353e+11	6.6808e+10	1.78584e+11	-1.64879e+11	6.0483e+10	2.69166e+11	-2.4862e+11	2.70321e+10	1.63245e+11	2.29303e+11	9.69808e+09	8.6655e+09	1.38386e+11
1.19e-09	1.38792e+11	-3.57317e+11	-6.95787e+10	9.0583e+10	3.93774e+11	-1.41989e+11	2.6686e+10	9.71712e+10	-1.95922e+11	2.03649e+10	1.08408e+11	1.03216e+11	-9.14913e+09	-3.13543e+10	-3.40374e+10
1.195e-09	1.09464e+11	-3.378e+11	-2.63745e+10	9.53869e+10	-1.59076e+11	-4.96561e+11	8.54069e+09	7.19684e+10	-1.01524e+11	-1.62729e+10	-3.9875e+10	-1.88184e+11	4.38701e+09	2.0836e+10	2.08419e+11
1.2e-09	2.47255e+11	-5.79543e+11	-1.2529e+11	2.0124e+11	4.12237e+11	-3.89827e+11	3.23458e+10	1.45584e+11	-1.51823e+11	5.35073e+10	3.17092e+11	1.66435e+11	-5.01675e+09	-1.03402e+11	-2.86748e+10
1.205e-09	2.21001e+11	-3.81645e+11	3.18336e+11	9.0288e+10	3.42655e+11	-3.01807e+11	2.25714e+10	1.92269e+11	-4.89651e+10	-3.79167e+09	-5.90528e+10	-4.70179e+10	2.58333e+10	2.73265e+10	3.75376e+11
1.21e-09	2.26147e+11	-5.53311e+11	1.40382e+11	1.4019e+11	1.70003e+11	-4.618e+11	-1.22075e+09	2.07189e+10	-2.61564e+11	3.51719e+10	2.51326e+11	1.55484e+11	-1.14154e+10	2.92594e+10	-1.2859e+11
1.215e-09	1.49529e+11	-2.06644e+11	2.08235e+11	9.41422e+10	-4.78884e+10	-2.92368e+11	1.84755e+10	1.65461e+11	-1.45527e+11	1.99777e+10	4.14266e+11	-6.03853e+10	1.15372e+10	2.16452e+11	-3.67944e+10
1.22e-09	1.42449e+11	-2.67397e+11	3.45045e+11	1.78759e+11	-4.02247e+11	-5.97268e+11	-2.84734e+10	-9.56621e+10	1.38181e+11	3.70107e+09	8.71234e+10	6.0459e+10	-4.56228e+09	2.47183e+10	-1.49085e+11
1.225e-09	1.06306e+11	-2.59597e+10	3.95343e+11	8.1236e+10	3.45296e+11	-2.69957e+11	3.65714e+10	8.89325e+10	-2.98594e+11	8.5181e+09	2.51977e+11	8.85098e+10	-5.65254e+09	-3.52378e+11	-1.09351e+11
1.23e-09	3.80708e+10	-7.73905e+10	1.18207e+11	1.21941e+11	2.55259e+11	-4.36838e+11	7.66016e+10	3.4951e+10	-3.77691e+11	-2.33866e+10	-1.20237e+11	2.38322e+11	8.7908e+09	-2.66643e+11	3.67994e+10
1.235e-09	2.79289e+10	1.96387e+10	2.02965e+11	9.02261e+10	-2.57419e+09	-3.39815e+11	-1.25187e+10	4.86059e+10	-5.9538e+09	2.96215e+10	4.09912e+11	9.85038e+10	3.45227e+10	-7.92957e+10	1.81833e+11
1.24e-09	3.61001e+10	-2.62542e+11	-2.07357e+11	1.04112e+11	-9.41822e+10	-4.6033e+11	-1.4616e+10	-1.3199e+11	-3.03525e+10	9.8171e+09	2.0447e+11	-1.76861e+11	3.9409e+09	-1.52637e+11	1.45799e+11
1.245e-09	5.32697e+10	-2.487e+11	-5.18716e+10	7.29438e+10	1.37314e+11	-2.78569e+11	9.18069e+10	-1.04021e+11	-6.54457e+11	5.53893e+10	4.58359e+11	8.77303e+10	-2.74421e+09	9.83662e+10	-4.74055e+10
1.25e-09	4.08746e+10	-1.47322e+11	1.19391e+11	4.15495e+10	-3.92336e+11	-1.92817e+11	5.89313e+10	6.33096e+10	-4.59935e+11	4.87597e+10	3.82558e+11	-4.31877e+11	8.71517e+09	-8.79225e+09	2.74974e+11
1.255e-09	1.39247e+11	-4.92395e+11	2.04542e+11	1.65176e+11	-3.27142e+10	-5.00803e+11	-2.33605e+10	-6.85842e+10	-2.69893e+10	9.89899e+09	1.67014e+11	6.62751e+10	-1.73812e+09	2.75647e+11	1.72055e+11
1.26e-09	2.28526e+11	-3.69141e+11	4.0566e+11	5.41886e+10	-2.11155e+11	-2.20471e+11	5.84926e+09	-1.38533e+11	-3.16902e+11	7.95989e+09	1.15922e+11	1.89714e+10	4.88522e+09	-1.43703e+11	2.512e+11
1.265e-09	1.43294e+11	-2.49052e+11	2.45742e+11	3.81993e+10	-1.32827e+11	-1.30792e+11	-6.82289e+09	4.37358e+10	-3.54713e+10	-6.65843e+09	-1.22865e+11	1.52068e+11	1.69415e+10	-7.5589e+10	2.03509e+11
1.27e-09	1.61623e+11	-2.72315e+11	2.71788e+11	6.69244e+10	-2.23826e+11	-1.83464e+11	4.28139e+09	2.99838e+11	-1.04474e+10	8.82294e+09	1.49955e+11	-5.04208e+10	-1.13479e+10	2.42987e+10	6.60785e+10
1.275e-09	2.12006e+11	3.43734e+10	5.35932e+11	6.94316e+10	-3.9548e+11	-6.95934e+10	-1.60845e+10	8.74029e+10	-4.29253e+10	-4.32132e+08	1.2341e+09	-2.70227e+11	-7.38078e+09	5.92468e+10	1.40203e+10
1.28e-09	9.78911e+10	1.21104e+10	2.52593e+11	4.97172e+10	-1.24917e+11	-2.73518e+11	-1.49108e+10	3.67333e+11	3.03963e+10	-1.30653e+10	4.12648e+10	7.92155e+10	1.37653e+08	3.79505e+10	1.81269e+11
1.285e-09	2.34328e+10	-3.86466e+10	6.31723e+10	3.73707e+10	-9.13019e+10	-1.20939e+11	3.84118e+10	8.5455e+10	-2.74053e+11	3.11206e+10	3.7963e+11	-1.42116e+11	7.07955e+09	-1.65732e+10	2.3493e+11
1.29e-09	6.80665e+10	4.95856e+10	3.43446e+11	3.80353e+10	-3.75305e+10	-2.86128e+11	7.15013e+09	-2.76243e+11	-1.14148e+11	-1.96255e+10	-8.98095e+10	1.63892e+11	4.36738e+10	3.73938e+11	1.74077e+11
1.295e-09	2.15906e+10	-2.99326e+11	-6.39429e+10	1.08333e+11	-1.75306e+11	-3.86709e+11	2.64913e+10	-7.42424e+10	-2.2859e+11	-3.2579e+08	2.14499e+11	6.33465e+10	-2.6001e+09	-3.44799e+10	1.09966e+11
1.3e-09	3.13652e+10	-2.78422e+10	1.08759e+11	1.06199e+11	-2.94694e+11	-2.52885e+11	4.16755e+10	-8.42664e+10	-2.64294e+11	-1.42301e+08	1.82204e+11	-7.2448e+10	5.94026e+09	-6.65965e+09	1.81564e+11
1.305e-09	-8.49892e+09	1.77778e+11	4.20438e+09	1.07792e+10	-1.07594e+11	4.10415e+10	1.19947e+10	-8.70317e+10	-4.61402e+10	-2.16652e+09	2.67559e+11	-2.71802e+10	1.49119e+10	-3.34923e+10	2.62271e+11
1.31e-09	1.52897e+10	-1.69732e+11	-2.4484e+10	3.50872e+10	-5.07597e+10	-2.47928e+11	3.82729e+10	-5.15391e+10	-2.72569e+11	2.598e+08	-9.57967e+09	1.58673e+10	1.32927e+10	4.02773e+11	-7.432e+10
1.315e-09	8.91322e+10	-6.3663e+08	3.28605e+11	-3.56759e+10	8.85652e+10	6.44673e+10	2.87535e+10	-1.1146e+10	-2.54299e+11	1.61805e+10	5.08792e+10	-8.04346e+10	7.90952e+09	-1.36322e+10	1.09583e+11
1.32e-09	3.23245e+10	-1.39099e+11	9.42773e+10	7.84013e+10	-1.31019e+11	-2.96192e+11	-8.36426e+08	-1.09857e+11	-6.70698e+10	1.71025e+10	-1.42622e+11	-2.34086e+11	8.57169e+08	2.51505e+11	-4.73873e+10
1.325e-09	1.32349e+11	-1.31446e+11	5.06688e+11	8.59173e+10	-3.4548e+11	-4.72962e+10	2.58804e+09	1.72214e+11	-1.02523e+11	-1.539e+10	2.58033e+11	-4.47015e+10	-1.89227e+10	4.12875e+10	1.80981e+11
1.33e-09	1.25938e+11	8.32282e+10	4.17237e+11	1.0478e+11	-3.63118e+11	-2.92738e+11	9.31314e+09	-1.52295e+10	-1.67835e+11	-4.63382e+09	-7.5943e+10	-1.58684e+11	1.30845e+10	8.08614e+10	-5.08995e+10
1.335e-09	6.64866e+10	3.77684e+11	1.60449e+09	2.63674e+10	-2.64967e+11	4.73602e+10	4.83818e+10	-4.0739e+11	-5.39232e+10	1.18724e+10	7.10981e+10	-2.21141e+11	-6.07008e+09	5.2853e+10	-2.75143e+10
1.34e-09	2.29445e+10	9.52819e+10	1.88376e+11	6.20688e+10	-2.29709e+11	-1.17254e+11	2.54985e+10	-2.9165e+10	-2.056e+11	-1.17979e+10	-1.62545e+11	-2.12622e+11	2.23546e+10	3.46067e+11	5.5795e+10
1.345e-09	1.04203e+11	-1.21447e+10	4.67887e+11	9.82902e+10	-3.74219e+11	-2.29789e+11	3.5475e+10	-5.57394e+10	-2.14413e+11	1.07474e+10	1.55083e+11	-1.72132e+11	5.33827e+08	2.32454e+11	1.61259e+11
1.35e-09	1.5114e+11	3.39835e+10	5.5604e+11	9.08583e+10	-4.33055e+11	3.3899e+11	1.48463e+10	2.11743e+10	-1.70161e+11	3.35393e+09	-3.04573e+10	-1.18756e+11	-8.55996e+09	6.64699e+10	-3.06289e+11
1.355e-09	1.24615e+11	-1.39666e+10	3.13522e+11	2.95202e+10	-2.5708e+11	-2.47303e+11	2.72575e+09	6.1456e+10	-6.36804e+10	2.09726e+10	1.405e+11	-2.21873e+11	-1.31855e+10	1.68666e+11	-2.61723e+11
1.36e-09	1.23813e+11	-3.04188e+11	3.85588e+11	2.21267e+10	-5.58514e+10	1.46381e+11	-1.35029e+10	-1.36828e+11	3.77235e+10	2.01981e+10	-1.34649e+10	-2.32337e+11	-3.5396e+09	9.50161e+10	-6.62275e+10
1.365e-09	2.21486e+11	3.38747e+11	4.93042e+11	8.51671e+10	-2.88311e+11	-1.00783e+10	3.40029e+09	4.78107e+10	-2.01246e+10	1.15252e+10	-2.88531e+11	-1.58331e+10	-1.81586e+10	2.65823e+10	1.67321e+11
1.37e-09	2.32904e+11	1.4025e+11	5.62103e+11	7.16549e+10	-2.18954e+11	9.77673e+10	-4.48783e+09	3.56712e+09	-7.17959e+10	-1.56051e+10	1.23367e+11	-2.7202e+11	-1.30636e+10	-2.9751e+10	2.4936e+11
1.375e-09	1.88208e+11	3.82746e+11	2.46119e+11	1.22299e+11	-4.01265e+11	4.99339e+11	2.60911e+10	-1.20184e+11	-3.07259e+11	1.52985e+10	-2.59101e+11	-1.59743e+11	4.64984e+09	1.99385e+11	6.95775e+10
1.38e-09	2.35522e+11	6.87412e+11	1.56638e+11	8.97924e+10	-1.26225e+11	4.39893e+11	1.45303e+10	-1.32194e+11	-1.93821e+11	2.0017e+10	2.64067e+08	-3.41594e+11	3.67106e+09	1.56631e+11	1.04424e+11
1.385e-09	2.55509e+11	5.52206e+11	4.21702e+11	1.06495e+11	-1.70586e+11	3.66178e+11	8.15661e+09	1.18825e+11	-3.76029e+11	6.13084e+09	-1.94758e+11	-2.88632e+10	1.12171e+10	1.71972e+11	-1.69322e+11
1.39e-09	1.59261e+11	2.69098e+11	4.40612e+11	3.19086e+10	-1.02515e+11	1.70486e+11	-8.09657e+09	1.8907e+10	-8.68169e+10	2.35204e+10	-3.71639e+11	-3.97079e+10	1.42126e+10	1.24524e+11	2.56591e+11
1.395e-09	1.154e+11	4.38174e+11	1.48782e+11	-1.14495e+10	-8.75616e+10	-1.05362e+11	9.7563e+09	-9.38669e+10	-1.31571e+11	-4.3164e+09	-2.80086e+11	7.3877e+10	8.09849e+09	1.07954e+11	-4.24479e+11
1.4e-09	6.7695e+10	1.34939e+11	1.56498e+11	9.43703e+10	1.55455e+10	4.87748e+11	2.30038e+10	-1.37557e+11	-6.86661e+10	-3.23598e+09	3.20999e+08	-6.82244e+10	3.20712e+09	1.37974e+11	-1.38853e+11
1.405e-09	9.59482e+10	1.72379e+11	1.8392e+11	7.25447e+10	-2.4279e+11	2.10205e+11	2.27426e+10	-3.26609e+11	1.05736e+10	-6.68488e+09	-2.34148e+11	-1.31856e+11	-5.22729e+09	-6.03121e+10	-1.896e+10
1.41e-09	1.60403e+11	2.40733e+11	2.76313e+11	1.12297e+11	-2.55155e+11	4.58215e+11	4.52335e+10	-2.83946e+11	-1.3554e+11	5.99357e+09	-1.31283e+10	-1.44169e+11	-1.41704e+09	1.58304e+11	-1.10705e+11
1.415e-09	2.48905e+11	4.35497e+11	1.8361e+11	1.11858e+11	-3.07981e+11	2.92366e+11	1.88673e+10	-1.21866e+11	8.08244e+10	1.43076e+10	-1.55058e+11	-1.46767e+11	-8.45802e+09	-1.27878e+11	-8.58755e+10
1.42e-09	1.44561e+11	4.38406e+11	2.63878e+11	5.64581e+10	-1.22884e+11	1.39268e+11	2.39754e+10	-9.12222e+10	1.56547e+11	3.16256e+09	-5.25856e+10	-3.25064e+10	-4.95266e+09	1.28738e+11	-1.11798e+11
1.425e-09	3.47025e+11	6.18823e+11	2.92827e+11	5.29571e+10	-1.18162e+11	1.5439e+11	2.6763e+10	-1.59515e+11	1.05375e+11	-1.46137e+09	-1.15717e+11	-2.30462e+11	1.76592e+09	2.22474e+11	-7.1872e+10
1.43e-09	2.04362e+11	4.74587e+11	-2.08693e+09	7.10079e+10	-8.59064e+10	5.11141e+11	2.6588e+10	-1.40713e+11	-2.32251e+10	-2.58693e+09	-1.16821e+11	2.38102e+11	1.24476e+10	3.7228e+11	-1.66845e+09
1.435e-09	2.26687e+11	5.64582e+11	1.44406e+11	1.34864e+10	6.32912e+10	7.3833e+10	1.97388e+10	-1.19659e+11	1.34249e+11	-1.65356e+10	-1.07987e+11	-4.21755e+10	1.10888e+10	-2.23627e+11	-3.05541e+11
1.44e-09	1.54807e+11	3.9733e+11	3.31973e+11	4.81172e+10	2.17062e+11	2.45217e+11	-3.52553e+10	1.7918e+11	-2.73031e+10	3.08608e+10	-3.3249e+11	8.76597e+10	9.72337e+09	1.27107e+11	-1.2803e+11
1.445e-09	1.87268e+11	4.99721e+11	-1.59108e+11	2.18575e+10	-1.85313e+11	6.75582e+10	2.42792e+10	-1.40717e+11	2.05264e+11	1.60115e+10	-1.38212e+11	-8.69637e+10	-5.67441e+09	-4.41234e+10	-4.94213e+10
1.45e-09	2.28994e+11	5.58846e+11	1.96387e+11	7.92032e+10	-9.80359e+10	3.05161e+11	3.24891e+10	-3.26193e+11	-3.89531e+10	-5.71592e+09	-9.14779e+09	-1.12274e+11	-2.51361e+10	-3.66075e+11	-1.62459e+11
1.455e-09	3.02126e+11	8.52664e+11	6.15869e+10	8.45091e+10	-4.51584e+10	3.64645e+11	1.00645e+11	-5.43864e+11	1.23812e+11	1.93096e+09	-6.68778e+09	-1.21523e+11	1.51758e+09	1.78723e+11	-4.0579e+11
1.46e-09	3.04868e+11	7.82184e+11	-4.05421e+10	4.49299e+10	1.80376e+11	3.48925e+11	5.10203e+10	-3.06712e+11	-2.3962e+11	7.45383e+08	5.0397e+10	1.81602e+10	-1.99176e+09	2.88376e+10	1.90688e+10
1.465e-09	2.15584e+11	5.72944e+11	1.58276e+09	7.19044e+10	1.16894e+11	2.5553e+11	4.37018e+10	-4.15462e+11	-5.70513e+10	-9.80808e+09	1.10122e+11	-1.87094e+11	-2.34509e+09	-1.00812e+11	-9.39641e+10
1.47e-09	2.52428e+11	6.40025e+11	-9.68636e+10	4.49567e+10	-5.30861e+08	1.69123e+11	2.56866e+10	-1.05661e+11	2.00469e+11	1.98301e+10	-2.85736e+11	-1.78727e+11	1.59586e+10	-1.07474e+11	-7.12433e+10
1.475e-09	2.8906e+11	5.70416e+11	-1.45834e+11	6.88014e+10	1.42689e+10	3.71651e+11	3.68381e+10	-2.7535e+11	1.81714e+11	-1.253e+10	3.58822e+10	3.46866e+10	1.86831e+10	-1.54084e+10	-2.50585e+11
1.48e-09	3.6834e+11	7.2528e+11	3.50259e+10	9.82168e+10	-1.02095e+11	4.14365e+11	3.71646e+10	-3.04076e+11	1.62971e+11	-1.8298e+10	8.29953e+10	-3.6774e+10	4.73197e+09	-1.23174e+11	-3.13591e+11
1.485e-09	3.04804e+11	5.82541e+11	-1.30876e+10	2.8103e+10	-9.57217e+10	5.10524e+10	1.00294e+10	4.6308e+10	4.76704e+11	6.14295e+09	1.48496e+10	-9.28491e+10	2.08682e+09	-1.15235e+11	1.47143e+10
1.49e-09	2.3511e+11	4.29223e+11	1.6848e+11	5.31055e+10	-1.26834e+11	2.26394e+11	2.73616e+10	-1.94822e+11	8.33394e+10	1.33068e+10	-1.56507e+11	-1.97563e+11	6.87264e+09	5.27641e+10	-1.83996e+11
1.495e-09	3.40878e+11	6.07851e+11	6.97947e+10	7.37559e+10	-2.42046e+11	3.49902e+11	4.85815e+10	-3.38353e+11	2.15361e+11	-1.58708e+10	8.41401e+09	1.39941e+11	1.6323e+10	-1.31497e+11	-2.05329e+11
1.5e-09	3.52316e+11	5.92337e+11	-3.88002e+10	2.44313e+10	2.56815e+11	2.4338e+10	8.88897e+10	-1.50274e+11	3.54263e+11	1.03888e+10	-4.40667e+10	-2.57562e+11	9.72565e+08	-1.36966e+11	-1.74531e+11
