Fri Oct 18 16:05:25 2024

<base> : Rectangle : 0m, 0m, 0m; 1.5um, 50nm, 5nm. Cells : 300, 10, 1. Cellsize : 5nm, 5nm, 5nm
<supermesh> : Rectangle : 0m, 0m, 0m; 1.5um, 50nm, 5nm. Cells : 300, 10, 1. Cellsize : 5nm, 5nm, 5nm

Saved data (dataname (unit) <meshname> (cells_rectangle)) : 

time (s)	<mxdmdt> (1/s) <base> (300nm, 0m, 0m; 310nm, 50nm, 5nm)			<mxdmdt> (1/s) <base> (500nm, 0m, 0m; 510nm, 50nm, 5nm)			<mxdmdt> (1/s) <base> (700nm, 0m, 0m; 710nm, 50nm, 5nm)			<mxdmdt> (1/s) <base> (900nm, 0m, 0m; 910nm, 50nm, 5nm)			<mxdmdt> (1/s) <base> (1.1um, 0m, 0m; 1.11um, 50nm, 5nm)			

0	-17596.8	709988	809920	100904	-293118	1.84345e+06	24048.8	-589832	-757049	-52972.6	131640	-520642	523472	3.37247e+06	-3.49259e+06
5e-12	3.17484e+09	-1.11761e+11	-1.82522e+11	-1.25978e+10	1.66888e+11	-2.74401e+10	-3.75054e+09	6.6469e+10	2.36798e+11	1.85255e+10	3.37314e+11	8.31538e+10	-3.44434e+10	1.57104e+11	1.80862e+11
1e-11	-5.29418e+09	3.03699e+10	-6.84783e+10	-6.69826e+09	7.41234e+10	-1.04441e+11	-8.54815e+09	-1.04291e+11	-1.59669e+11	2.29565e+10	2.53825e+11	1.01876e+11	4.84512e+09	-2.02981e+11	-7.49143e+10
1.5e-11	-1.98166e+10	-2.67609e+11	1.77608e+10	3.77032e+09	-3.08226e+09	-9.44212e+10	2.22433e+10	-2.6829e+10	-3.90086e+11	-3.8051e+10	2.7623e+11	-6.61394e+10	-2.8383e+10	-3.9877e+11	-2.2262e+10
2e-11	8.40292e+08	-1.41045e+11	2.76398e+11	1.81723e+08	1.6542e+11	3.99735e+10	6.98946e+09	2.49707e+11	-1.15724e+11	1.38831e+10	-2.89312e+11	1.26725e+11	5.44903e+09	3.58966e+11	1.58573e+10
2.5e-11	9.84468e+09	2.83668e+11	1.28313e+11	4.39705e+09	-1.63424e+10	3.01262e+10	-2.77978e+09	-1.59045e+11	-8.37217e+10	4.47793e+09	2.12087e+11	-2.1238e+11	-2.12978e+10	1.38367e+11	5.02587e+10
3e-11	-2.11018e+10	-6.50735e+10	7.77558e+10	4.95721e+09	-3.02869e+11	-1.05127e+11	1.50044e+10	-2.89658e+11	-2.15976e+10	1.89073e+10	-9.21459e+10	-2.06931e+11	5.30934e+09	7.3705e+10	5.79579e+10
3.5e-11	-3.9186e+09	1.15384e+11	-3.74779e+10	4.94265e+09	-2.0165e+11	-1.21581e+11	1.03622e+10	-9.84977e+10	1.75603e+11	1.6945e+10	-8.45759e+10	-3.26394e+11	-8.31028e+09	3.89866e+10	1.877e+10
4e-11	1.94629e+09	-1.17957e+11	-1.42127e+11	-1.50861e+10	6.15243e+10	-1.14858e+11	6.28615e+08	8.33889e+10	2.99582e+10	-2.24585e+09	5.34564e+10	-5.20453e+10	-1.6673e+10	-1.31716e+11	1.37586e+09
4.5e-11	2.86056e+10	2.44554e+10	-3.41792e+11	2.34634e+10	-1.47522e+11	-2.66882e+10	-2.33262e+09	-6.14608e+10	1.14457e+11	-9.75011e+09	-1.67597e+09	8.32028e+10	2.2852e+09	-3.33615e+10	-2.29332e+10
5e-11	1.58281e+10	-6.91687e+10	-2.64516e+11	-3.01304e+09	-1.1977e+11	5.96641e+09	3.40338e+10	7.20474e+10	4.07195e+11	-1.3709e+10	1.1444e+11	-6.20049e+10	4.89691e+09	-2.54267e+11	2.45947e+11
5.5e-11	-8.99502e+08	3.50191e+10	1.46549e+11	8.89165e+09	-1.29623e+11	9.55054e+10	1.05523e+10	1.24701e+11	-1.65681e+11	1.04158e+10	1.60413e+11	-2.20306e+11	-2.03199e+09	-4.29139e+10	1.63565e+11
6e-11	2.24523e+10	-2.29236e+11	-3.90046e+10	-1.06411e+10	-1.04867e+11	1.29001e+11	6.56748e+09	-5.09494e+09	5.70637e+10	6.73044e+09	1.60638e+11	2.0534e+11	-1.26146e+10	8.67143e+10	-7.89648e+10
6.5e-11	1.98374e+10	-1.32053e+11	1.8305e+11	2.73566e+10	3.26286e+11	7.67599e+10	-2.99299e+09	2.18138e+11	2.08456e+11	7.14787e+09	-9.23894e+09	-1.13881e+11	-1.39123e+09	8.26566e+10	-1.72038e+11
7e-11	4.74551e+10	1.13781e+11	3.26031e+11	-1.66134e+10	3.29836e+10	-1.52971e+11	-1.88335e+10	8.61357e+10	1.69462e+11	2.60726e+10	-2.27195e+10	-3.16894e+11	4.29143e+09	7.72524e+10	2.7205e+11
7.5e-11	2.13206e+10	1.50364e+11	1.14885e+11	-1.40881e+10	-1.39523e+11	-6.28391e+10	1.21877e+10	8.23026e+10	-1.79377e+11	-1.2358e+10	-7.35307e+10	1.23063e+10	-2.46663e+09	-9.2038e+10	1.80689e+11
8e-11	1.49678e+10	6.13904e+10	1.28951e+11	1.07301e+10	1.45746e+11	3.38853e+10	-9.84822e+09	1.30893e+11	-1.95705e+11	-2.24951e+10	9.00491e+10	4.43506e+10	-9.43037e+09	-5.6383e+10	1.6773e+11
8.5e-11	1.90151e+10	2.0699e+11	-3.187e+10	3.05669e+10	-1.06304e+11	-1.85955e+11	-2.43086e+09	-2.36037e+11	-1.37582e+11	-8.99202e+09	-1.30364e+11	2.65109e+10	-1.10951e+10	6.57415e+09	2.38204e+10
9e-11	5.66733e+09	1.08023e+11	-1.03316e+11	-1.72568e+10	1.31759e+10	2.85389e+10	-6.55619e+09	-3.23567e+10	-1.56131e+11	2.64107e+09	-3.60576e+10	1.72939e+11	-1.03002e+09	9.68657e+10	-3.31853e+11
9.5e-11	1.59106e+10	-9.96798e+10	-1.11496e+11	4.69261e+08	-6.25025e+10	-4.74507e+10	-6.85e+09	-6.95415e+10	3.60622e+10	3.46535e+09	4.31305e+10	1.43935e+11	5.38274e+10	6.2591e+11	-1.30876e+11
1e-10	-1.22532e+10	1.47598e+11	-9.78394e+10	3.72891e+10	-1.78612e+11	-1.88582e+11	4.53122e+10	2.39122e+11	2.84704e+11	-3.70139e+09	4.98993e+10	-1.79277e+10	4.38907e+08	1.00487e+10	-1.49394e+11
1.05e-10	8.4765e+10	-3.08672e+11	1.31039e+11	1.0675e+10	-2.46371e+11	1.20532e+11	8.40634e+09	-1.76425e+10	1.80797e+11	-2.01059e+10	-4.47628e+10	-3.32274e+10	1.28103e+10	-3.51931e+11	6.47145e+09
1.1e-10	2.84596e+10	-1.6902e+11	-1.5384e+11	4.79034e+09	2.81312e+11	1.66643e+11	-4.4381e+10	-1.79496e+11	-1.03477e+11	-5.5698e+09	-1.58423e+10	2.50628e+10	1.9758e+09	-1.72325e+11	-1.94331e+11
1.15e-10	8.01311e+10	-2.9575e+11	2.58138e+11	4.7736e+10	-5.99132e+09	2.24536e+11	1.09197e+10	9.09412e+10	-8.19868e+10	1.99326e+10	-1.32441e+11	-2.21018e+11	4.57194e+10	-4.87643e+11	-1.52972e+11
1.2e-10	6.42787e+10	-2.28453e+11	3.44202e+11	3.87209e+10	-5.15314e+10	4.40956e+11	2.69311e+10	1.15307e+11	-1.06992e+11	2.73588e+10	-2.24278e+11	-9.43893e+10	7.67983e+09	-9.4862e+10	9.34626e+10
1.25e-10	6.22187e+10	4.2876e+11	2.58904e+10	7.65558e+10	4.28743e+11	3.8229e+10	2.80369e+10	2.56756e+11	-2.71725e+11	-1.22247e+10	5.76011e+10	-5.15044e+10	2.0237e+10	1.28254e+11	1.76417e+11
1.3e-10	1.8372e+11	5.65477e+11	-6.34101e+10	5.42777e+10	2.55826e+11	-1.81202e+11	-2.08501e+10	-8.99377e+09	8.08233e+10	-1.54977e+10	1.69465e+11	1.00717e+11	4.22628e+10	2.85291e+11	2.19425e+11
1.35e-10	1.20621e+11	3.06857e+11	-1.68131e+11	1.32266e+11	2.59143e+11	-4.51329e+11	2.24514e+10	-1.45096e+11	-9.35741e+10	2.68128e+10	-1.73925e+11	1.76635e+11	-1.37451e+10	1.52289e+11	-1.61908e+11
1.4e-10	1.28694e+11	1.03544e+11	-4.77492e+11	1.2918e+11	-3.20819e+11	-3.93974e+11	4.79849e+10	-2.13938e+11	1.58079e+11	-1.11043e+08	-7.11531e+10	2.52616e+10	-8.93722e+09	3.78801e+10	-1.24483e+11
1.45e-10	-1.58585e+09	9.19968e+10	-9.73626e+10	4.82309e+10	-1.16806e+11	-1.7836e+11	4.96992e+10	-2.57273e+11	2.28825e+10	2.63552e+10	1.27805e+11	1.93058e+11	-1.75594e+10	-6.75973e+10	-1.31112e+11
1.5e-10	9.33666e+10	-1.78539e+11	-1.96228e+11	8.51203e+10	-3.87501e+11	-1.50194e+11	2.26064e+10	-1.49363e+10	8.53159e+10	2.3547e+10	1.75032e+11	1.01366e+11	-1.53524e+09	1.47187e+11	-1.74395e+10
1.55e-10	1.65416e+11	-3.8767e+11	4.09095e+10	6.06591e+10	-1.50955e+11	1.81109e+11	1.49467e+10	5.53568e+10	1.30814e+11	4.00445e+10	2.2348e+11	-2.39194e+10	1.09255e+10	-6.88146e+10	-1.48882e+11
1.6e-10	1.06472e+11	-9.31912e+10	4.36818e+11	5.42954e+10	9.68153e+10	2.90575e+11	7.50998e+10	2.3738e+11	1.69095e+11	6.694e+09	2.4283e+10	4.4275e+10	-6.15624e+08	-5.81314e+10	5.68662e+08
1.65e-10	7.13721e+10	-6.71597e+10	2.46362e+11	1.14803e+11	1.55934e+11	2.77181e+11	7.42761e+10	2.65577e+11	7.40523e+10	1.42421e+10	-4.00488e+10	-1.42767e+11	-7.29231e+09	-2.48841e+10	-2.23315e+11
1.7e-10	1.33045e+11	1.9181e+10	3.0605e+11	3.69914e+10	8.99302e+10	1.07095e+11	1.04961e+11	4.80554e+11	-1.9518e+11	2.05186e+09	2.81541e+09	-1.69667e+11	-1.30977e+10	1.66564e+11	1.93918e+10
1.75e-10	7.65914e+10	-5.57348e+10	2.93545e+11	4.86965e+10	1.9083e+11	1.12872e+11	7.13193e+10	-8.01295e+10	-3.32783e+11	-1.76203e+10	8.91749e+10	-2.4738e+11	1.36337e+10	5.54335e+10	1.65053e+11
1.8e-10	3.9676e+10	1.03116e+11	1.35283e+11	2.74806e+09	1.28638e+11	2.56987e+11	3.07595e+10	-9.77183e+10	-8.73628e+10	-2.18683e+10	5.40169e+10	1.40025e+11	3.88086e+10	7.43959e+09	4.85446e+11
1.85e-10	1.00318e+11	2.1133e+11	-1.85762e+11	6.7477e+10	9.94128e+10	-1.64302e+11	5.12812e+10	-2.53292e+11	-3.33235e+10	1.78936e+09	-1.43832e+11	-1.72967e+11	5.57916e+10	2.31106e+11	2.70664e+11
1.9e-10	1.69828e+11	3.71132e+10	-4.4658e+11	8.21405e+10	1.37696e+11	-3.34735e+11	6.57719e+10	-2.34428e+11	3.05487e+11	4.55615e+10	7.06409e+10	2.58145e+11	-1.46579e+10	-1.65e+10	9.44316e+10
1.95e-10	1.89208e+11	-1.05329e+11	-3.77866e+11	1.64731e+11	-4.68257e+11	-3.11376e+11	4.491e+10	-6.48209e+10	2.0575e+11	4.73795e+10	1.34199e+11	1.78545e+11	4.75421e+10	4.32872e+11	-1.76124e+11
2e-10	1.76111e+11	-3.18895e+11	-1.43743e+11	6.80522e+10	-2.2359e+11	4.90716e+10	4.75585e+10	-4.60751e+09	2.64462e+11	3.65493e+09	1.48299e+11	5.37557e+10	2.39844e+10	9.6726e+10	-1.84129e+11
2.05e-10	1.94317e+11	-3.69216e+11	-1.60583e+11	1.54505e+11	-3.9232e+11	1.09988e+11	5.34787e+10	1.67288e+11	2.5569e+11	5.65528e+10	2.23388e+11	-2.34929e+11	-3.62795e+10	-1.73055e+11	1.59394e+11
2.1e-10	2.80074e+11	-5.5991e+11	1.79713e+10	1.7675e+11	-5.50756e+11	2.88461e+11	-1.49216e+10	-8.81902e+10	1.17743e+11	7.97096e+10	2.12892e+11	-2.31995e+11	2.70952e+10	-9.88857e+10	-1.6369e+11
2.15e-10	3.32718e+11	-2.91744e+11	5.33014e+11	1.84251e+11	1.55209e+11	5.31919e+11	9.21566e+09	5.12859e+10	-2.91703e+10	7.2114e+10	1.889e+11	-3.88801e+11	4.68487e+09	-1.43029e+11	-2.65156e+11
2.2e-10	3.2821e+11	1.73642e+11	5.10571e+11	1.64364e+11	4.29983e+11	1.05926e+11	4.17874e+10	1.54129e+11	-1.29023e+11	8.23015e+10	-1.6036e+10	-4.57491e+11	4.22203e+10	-2.00045e+11	1.95568e+11
2.25e-10	1.77682e+11	1.36978e+11	2.71195e+11	1.51796e+11	3.62973e+11	1.06292e+11	1.03593e+11	4.97379e+10	-3.48867e+11	9.85768e+10	-3.40903e+11	-2.49533e+11	4.11378e+10	-1.81244e+11	1.47026e+11
2.3e-10	3.09306e+11	4.0633e+11	3.7573e+11	2.53952e+11	4.65587e+11	-2.04901e+11	1.16888e+11	3.7556e+10	-3.8251e+11	1.29117e+11	-4.37736e+11	1.02395e+11	2.45144e+09	2.36197e+10	5.65928e+10
2.35e-10	2.78154e+11	4.07273e+11	9.27133e+10	1.5701e+11	2.20707e+11	-2.87779e+11	1.38901e+11	-2.92091e+11	-3.37864e+11	2.42818e+10	-2.28189e+10	2.39625e+11	1.49866e+10	2.15591e+11	-7.9759e+10
2.4e-10	5.54681e+11	4.36012e+11	-5.20193e+11	1.86322e+11	5.15594e+10	-4.44981e+11	1.58642e+11	-4.82721e+11	-9.61384e+10	1.02886e+11	-5.94688e+10	4.19229e+11	-5.78763e+09	5.3635e+10	3.142e+10
2.45e-10	3.57926e+11	4.07264e+10	-5.10414e+11	2.37354e+11	-3.47847e+11	-2.56974e+11	1.05459e+11	-1.78531e+11	3.33287e+11	4.37775e+10	1.41736e+11	1.72661e+11	3.89258e+10	6.20433e+10	-1.35683e+11
2.5e-10	5.56499e+11	-4.05428e+11	-7.69255e+11	2.31272e+11	-4.66912e+11	-1.50831e+11	1.50444e+11	-1.74929e+11	3.20029e+11	3.58675e+10	2.28486e+11	6.65561e+10	5.46755e+10	7.34196e+10	-2.10332e+11
2.55e-10	5.66981e+11	-6.64153e+11	-3.28247e+11	2.18474e+11	-3.36056e+11	2.06015e+11	9.37738e+10	1.44496e+11	2.14042e+11	7.55413e+10	2.22138e+11	-2.30996e+11	5.23695e+10	-1.00463e+11	-1.90629e+11
2.6e-10	4.504e+11	-5.79146e+11	2.27078e+09	1.93415e+11	-3.27581e+11	1.67882e+11	5.19249e+10	-5.51998e+10	2.74916e+11	5.4251e+10	2.45687e+11	-1.44016e+10	6.48132e+10	-3.57834e+11	-1.48619e+11
2.65e-10	3.43951e+11	-2.91866e+11	3.50795e+11	2.68258e+11	-1.31879e+11	4.57962e+11	2.39632e+11	5.08754e+11	4.60932e+10	1.31407e+11	3.79941e+11	-2.73597e+11	7.64316e+10	-4.39529e+11	-1.53939e+11
2.7e-10	4.90673e+11	-9.7484e+10	6.06305e+11	2.76028e+11	1.07221e+11	5.25374e+11	1.90725e+11	2.70292e+11	-2.5127e+11	1.65975e+11	-1.33881e+11	-6.1232e+11	6.57563e+10	-2.89302e+11	3.42312e+11
2.75e-10	3.25847e+11	-8.36091e+09	3.72108e+11	4.00345e+11	4.86855e+11	4.77222e+11	2.02264e+11	2.02098e+11	-4.52153e+11	7.27624e+10	-1.48214e+11	-1.62831e+11	6.47841e+09	5.47905e+10	1.38292e+11
2.8e-10	3.72197e+11	1.03029e+11	4.76279e+11	4.14635e+11	6.61273e+11	1.33997e+10	1.69434e+11	-4.48033e+10	-3.5956e+11	8.86804e+10	-1.85135e+11	-1.69884e+11	1.0807e+11	-1.30562e+11	4.11992e+11
2.85e-10	5.11596e+11	5.16017e+11	1.71968e+11	3.21281e+11	4.26859e+11	-3.00724e+11	1.51613e+11	-1.25752e+11	-2.59564e+11	1.47898e+11	-4.93339e+11	2.78587e+10	5.98398e+09	4.54118e+10	8.83045e+09
2.9e-10	3.58923e+11	4.1411e+11	1.50782e+11	3.5729e+11	3.29675e+11	-4.9812e+11	3.04432e+11	-5.91919e+11	-3.05167e+11	1.25638e+11	-3.95075e+11	2.34875e+11	2.21451e+10	1.43471e+11	-5.58172e+10
2.95e-10	5.7127e+11	5.01411e+11	-3.46095e+11	2.52619e+11	1.21018e+11	-3.7425e+11	3.04883e+11	-4.21416e+11	2.44457e+11	9.58357e+10	-1.91306e+11	2.14624e+11	2.99929e+10	1.4103e+11	1.33044e+11
3e-10	6.75915e+11	9.56813e+10	-6.91027e+11	2.62206e+11	-1.99446e+11	-3.95025e+11	2.12984e+11	-2.88111e+11	2.3239e+11	9.92149e+10	2.37315e+11	2.4743e+11	5.50934e+10	-9.67608e+10	-3.9287e+11
3.05e-10	3.43195e+11	1.2207e+10	-4.43593e+11	1.34808e+11	-2.12777e+11	-1.08138e+11	2.38597e+11	-1.4148e+11	6.05965e+11	2.28848e+11	3.41244e+11	5.0359e+11	8.40754e+10	1.13811e+10	-3.86163e+11
3.1e-10	3.60325e+11	-3.15422e+11	-3.05249e+11	3.07394e+11	-4.48209e+11	4.76558e+11	2.40054e+11	6.39878e+10	5.1618e+11	1.21765e+11	2.73017e+11	-5.55217e+09	5.67408e+10	-1.25539e+10	-3.22425e+11
3.15e-10	4.15743e+11	-5.33604e+11	-2.58071e+10	2.30583e+11	-2.75793e+11	3.62059e+11	1.86519e+11	3.30561e+11	2.62454e+11	1.3327e+11	4.27387e+11	-1.36367e+11	8.69425e+10	-2.12925e+11	-4.32961e+11
3.2e-10	5.41022e+11	-5.895e+11	1.84731e+11	2.24557e+11	-2.76914e+11	3.59784e+11	2.981e+11	5.78789e+11	5.56418e+10	1.38346e+11	-1.2987e+11	-3.81873e+11	4.05979e+10	-1.42911e+11	-3.32256e+11
3.25e-10	3.68576e+11	-1.6388e+11	3.75897e+11	4.14224e+11	2.66639e+11	6.57149e+11	1.70985e+11	3.40797e+11	-1.64865e+11	2.1114e+11	-3.0513e+09	-5.30408e+11	8.05276e+10	-3.05592e+11	-3.28073e+07
3.3e-10	4.38039e+11	1.45099e+11	5.02543e+11	2.48674e+11	1.8786e+11	4.78249e+11	1.05323e+11	1.80821e+11	-2.25795e+11	1.99604e+11	-2.67499e+11	-3.90064e+11	8.34442e+10	-1.59853e+11	2.18788e+11
3.35e-10	4.41441e+11	9.15094e+10	5.25433e+11	2.13574e+11	3.313e+11	1.94804e+10	2.50526e+11	1.08426e+11	-4.58265e+11	2.2999e+11	-4.82811e+11	-3.12235e+11	1.31427e+11	8.41651e+10	5.31315e+11
3.4e-10	3.98538e+11	3.56498e+11	3.67615e+11	3.11385e+11	5.61057e+11	-6.01344e+10	6.15836e+10	-1.1665e+11	-1.01151e+11	1.16757e+11	-3.21087e+11	1.04619e+11	9.00234e+10	1.65662e+11	5.55868e+11
3.45e-10	4.59861e+11	5.02513e+11	-1.16971e+11	2.994e+11	3.90671e+11	-2.48365e+11	2.21988e+11	-4.30603e+11	-2.23241e+11	1.78694e+11	-3.47053e+11	4.72236e+11	4.12846e+10	1.61624e+11	-2.2885e+10
3.5e-10	5.31292e+11	4.77452e+11	-1.04705e+11	2.96868e+11	2.7845e+11	-3.5976e+11	1.94598e+11	-5.01456e+11	-1.14651e+11	1.03213e+11	-8.75337e+10	3.26832e+11	7.32046e+10	2.96741e+11	-1.61668e+11
3.55e-10	6.78587e+11	1.92848e+11	-5.93393e+11	1.9573e+11	-1.4353e+11	-2.70277e+11	2.90116e+11	-5.42966e+11	1.54734e+11	1.25775e+11	1.10121e+11	3.46542e+11	4.27866e+10	1.06973e+11	-2.65201e+11
3.6e-10	6.0905e+11	-5.94156e+10	-6.02462e+11	4.46088e+11	-3.79223e+11	-5.09629e+11	1.94398e+11	-3.82089e+11	3.50495e+11	1.10432e+11	3.70691e+11	1.33177e+11	4.5362e+10	-5.70831e+10	-2.19589e+11
3.65e-10	4.48718e+11	-1.89078e+11	-4.18352e+11	4.51188e+11	-5.73231e+11	-1.04802e+11	2.76695e+11	1.34853e+11	4.93299e+11	1.82093e+11	5.56985e+11	2.24864e+11	3.95617e+10	-5.35174e+10	-1.47547e+11
3.7e-10	4.1588e+11	-3.65e+11	-1.18399e+11	2.97557e+11	-4.15241e+11	8.47827e+10	2.65704e+11	1.55702e+11	4.24272e+11	1.43819e+11	3.31529e+11	-1.97932e+11	1.82756e+11	-3.53564e+11	-6.15233e+11
3.75e-10	6.03243e+11	-5.88634e+11	3.13117e+11	3.46902e+11	-3.8817e+11	2.39365e+11	1.62279e+11	2.77149e+11	2.26776e+11	1.37411e+11	2.98515e+11	-1.84371e+11	4.11965e+10	-1.63805e+11	-2.68208e+11
3.8e-10	3.30167e+11	-3.8918e+11	2.92619e+10	4.71582e+11	-1.74206e+11	5.87202e+11	1.12593e+11	2.58054e+11	1.68332e+11	2.38212e+11	1.0309e+11	-5.67795e+11	1.04117e+11	-3.53463e+11	1.29114e+11
3.85e-10	6.37818e+11	-9.32775e+10	7.05484e+11	3.11978e+11	-1.04286e+11	5.05276e+11	4.31287e+11	6.29466e+11	-3.66425e+11	1.34067e+11	-1.17697e+11	-3.35571e+11	4.35907e+10	-9.69782e+10	2.34519e+11
3.9e-10	4.35868e+11	7.09022e+10	4.39528e+11	3.0582e+11	4.09183e+11	3.28845e+11	2.14593e+11	-1.88909e+09	-4.62371e+11	1.88303e+11	-2.80255e+11	-4.23112e+11	1.5992e+11	-1.45281e+11	5.99573e+11
3.95e-10	6.87045e+11	4.96746e+11	4.31617e+11	4.18107e+11	5.90001e+11	-2.07775e+11	2.65822e+11	-1.55932e+11	-4.81891e+11	2.20688e+11	-5.29111e+11	-2.15481e+10	6.96086e+10	1.43574e+10	3.791e+11
4e-10	6.17947e+11	6.32226e+11	2.02283e+11	2.80379e+11	3.70429e+11	-4.8394e+11	9.84439e+10	-1.18634e+11	-1.76484e+11	1.97156e+11	-5.26937e+11	1.01322e+11	1.15747e+11	4.45936e+11	1.3908e+11
4.05e-10	4.72981e+11	4.31044e+11	-3.54085e+11	3.46155e+11	-1.08253e+11	-5.88521e+11	2.2976e+11	-4.16145e+11	-8.29659e+10	1.47093e+11	-3.4452e+11	2.60612e+11	8.9488e+10	3.45597e+11	9.95824e+10
4.1e-10	3.88402e+11	3.87528e+11	-2.38449e+11	2.6187e+11	-2.06017e+11	-5.20477e+11	1.64192e+11	-3.04062e+11	1.14331e+11	9.70538e+10	-2.04575e+11	2.85665e+11	5.1879e+10	1.94406e+11	-3.02941e+11
4.15e-10	4.09246e+11	-6.73104e+10	-4.18764e+11	4.06985e+11	-3.55599e+11	-4.16218e+11	1.31633e+11	-1.18841e+11	3.37377e+11	2.19251e+11	1.05633e+11	6.38344e+11	9.64158e+10	2.70707e+11	-3.26532e+11
4.2e-10	4.37761e+11	-2.99888e+11	-3.94396e+11	2.65313e+11	-5.15043e+11	4.13084e+10	1.00317e+11	3.6095e+09	3.21843e+11	1.57664e+11	3.19562e+11	9.04367e+10	7.89728e+10	2.39066e+11	-3.64405e+11
4.25e-10	5.08407e+11	-4.23105e+11	-2.32824e+11	4.06685e+11	-6.53873e+11	2.04806e+11	1.18453e+11	-8.30231e+10	3.2848e+11	6.03196e+09	-1.24588e+10	-2.23873e+11	7.88628e+10	-1.99075e+11	-3.46302e+11
4.3e-10	4.69848e+11	-4.66796e+11	3.30157e+10	1.41865e+11	-3.21728e+10	2.80868e+11	2.85876e+11	6.60361e+11	3.10086e+11	7.81318e+10	3.50616e+10	-3.15022e+11	7.03174e+10	-2.96545e+11	-3.78275e+10
4.35e-10	6.76618e+11	-6.09126e+11	2.59731e+11	2.90471e+11	-2.97376e+11	5.85394e+11	3.37295e+11	6.82794e+11	-6.63662e+10	9.29557e+10	7.65034e+10	-3.29511e+11	7.05354e+10	-3.11536e+11	-5.51338e+10
4.4e-10	5.49707e+11	-2.62968e+11	5.33136e+11	2.58437e+11	6.64499e+10	4.44911e+11	2.13061e+11	3.61079e+11	-2.05854e+11	1.27129e+11	-1.79751e+11	-4.46686e+11	4.45662e+10	-3.3787e+10	2.13694e+11
4.45e-10	6.0847e+11	8.46066e+10	6.34716e+11	2.66998e+11	2.9541e+11	2.60584e+11	1.26414e+11	9.38374e+10	-2.59535e+11	1.20558e+11	-2.4229e+11	-2.22772e+11	1.32376e+11	-3.13188e+11	3.62701e+11
4.5e-10	6.16931e+11	2.41843e+11	5.91945e+11	2.60347e+11	3.70386e+11	2.36638e+11	2.56829e+11	-2.24283e+10	-4.84832e+11	1.03838e+11	-3.14621e+11	-7.53538e+10	5.45058e+10	-8.32317e+10	2.42756e+11
4.55e-10	6.833e+11	5.23929e+11	4.6714e+11	3.33659e+11	4.12857e+11	-2.16481e+11	3.51388e+11	-4.83538e+11	-5.67653e+11	2.33937e+11	-4.3576e+11	4.20555e+11	9.6888e+10	2.87835e+11	3.71376e+11
4.6e-10	3.74369e+11	3.61589e+11	4.51211e+09	4.05038e+11	3.94654e+11	-3.79214e+11	3.21575e+11	-5.86125e+11	-4.38303e+11	6.26218e+10	-8.75547e+10	1.93803e+11	1.3577e+11	4.03463e+11	5.66176e+10
4.65e-10	5.72669e+11	5.51287e+11	-3.23339e+11	3.51001e+11	2.69431e+11	-5.1122e+11	3.42556e+11	-7.44573e+11	-1.82082e+11	6.59104e+10	-8.49201e+10	1.56549e+11	1.53401e+10	1.42399e+11	1.89429e+11
4.7e-10	5.51448e+11	1.15334e+11	-5.24656e+11	4.49197e+11	-3.33963e+11	-7.6879e+11	3.07241e+11	-5.04413e+11	3.85802e+11	1.59899e+11	2.96489e+11	2.92473e+11	9.98514e+10	9.75093e+10	-3.90128e+11
4.75e-10	6.98654e+11	-2.05091e+11	-6.74549e+11	3.01274e+11	-2.00156e+11	-3.98084e+11	5.57509e+10	-1.68213e+11	9.3231e+10	1.4803e+11	3.00275e+11	4.27667e+11	1.00033e+11	-2.45456e+11	-5.14001e+11
4.8e-10	5.09468e+11	-2.02233e+11	-4.98361e+11	3.95454e+11	-5.98387e+11	7.33959e+10	2.31328e+11	4.23932e+10	4.68511e+11	4.81335e+10	1.30116e+11	1.09573e+11	5.76201e+07	1.92529e+11	-1.21122e+11
4.85e-10	7.79043e+11	-6.93645e+11	-2.45305e+11	3.75708e+11	-4.88634e+11	2.79832e+11	1.82235e+11	3.3512e+11	1.68413e+11	1.48962e+11	3.61957e+11	-1.2379e+11	8.59184e+10	-2.8506e+11	-2.88853e+11
4.9e-10	6.97736e+11	-7.27144e+11	-1.54324e+11	2.44577e+11	-4.41217e+10	4.11224e+11	3.41169e+11	6.33275e+11	8.6368e+10	1.61996e+11	9.33427e+10	-4.8963e+11	6.57841e+10	-4.00306e+11	-1.10196e+10
4.95e-10	5.10132e+11	-4.85355e+11	1.97782e+11	3.85295e+11	5.07229e+10	5.79495e+11	2.07374e+11	4.56795e+11	2.81828e+11	1.34697e+11	1.07271e+11	-3.17343e+11	8.92147e+10	-3.2208e+11	7.77865e+10
5e-10	6.86159e+11	-1.81815e+10	6.47869e+11	2.79693e+11	3.28895e+11	3.06868e+11	2.81898e+11	6.7611e+11	-1.70146e+11	2.10042e+11	-3.71585e+11	-5.2103e+11	6.53269e+10	-2.39572e+11	1.45267e+11
5.05e-10	5.0074e+11	1.86392e+11	4.95193e+11	2.91108e+11	3.35348e+11	1.92474e+11	1.37253e+11	2.50369e+11	-2.46634e+11	1.29045e+11	-2.23415e+11	-1.28136e+11	6.71322e+10	-3.09035e+11	3.79976e+11
5.1e-10	5.04189e+11	3.70385e+11	5.03986e+11	2.94773e+11	4.7979e+11	2.41827e+11	1.48597e+11	-1.67489e+11	-3.69788e+11	1.61808e+11	-4.06112e+11	-1.15561e+10	4.07508e+10	-2.16325e+11	2.50829e+11
5.15e-10	4.36598e+11	4.32395e+11	1.94993e+11	4.02221e+11	3.19267e+11	-4.73098e+11	2.02001e+11	-5.30062e+11	-1.83933e+11	6.46891e+10	-7.17574e+10	2.41552e+11	1.3091e+11	3.16787e+11	3.30515e+11
5.2e-10	5.30889e+11	5.56928e+11	2.25225e+10	3.02957e+11	1.19398e+11	-3.99382e+11	1.77942e+11	-3.92821e+11	-4.50036e+10	1.75412e+11	-2.18681e+11	3.57736e+11	8.62876e+10	2.73452e+11	1.99601e+11
5.25e-10	6.0154e+11	5.44841e+11	-4.08579e+11	3.32131e+11	-3.12313e+11	-4.85844e+11	2.00983e+11	-4.48945e+11	1.37565e+11	2.22123e+11	8.07683e+10	4.63994e+11	8.87524e+10	3.36158e+11	2.44444e+10
5.3e-10	6.60817e+11	1.91258e+10	-6.58e+11	4.35713e+11	-4.78217e+11	-4.88144e+11	1.44155e+11	-3.39761e+11	1.841e+11	1.83015e+11	2.41608e+11	3.22104e+11	7.77411e+10	1.45956e+11	-3.9732e+11
5.35e-10	6.36128e+11	-3.19728e+11	-5.56882e+11	2.16321e+11	-2.89393e+11	-2.182e+11	2.21817e+11	-6.62907e+10	5.10904e+11	7.34445e+10	1.93654e+11	1.36375e+11	1.29827e+11	-1.12221e+10	-3.95405e+11
5.4e-10	8.03152e+11	-5.61272e+11	-3.46558e+11	4.35145e+11	-6.07571e+11	1.8976e+11	1.93404e+11	2.95015e+11	3.8823e+11	1.30432e+11	3.91342e+11	-6.29989e+10	4.81817e+10	1.07799e+11	-2.18403e+11
5.45e-10	5.59774e+11	-4.53928e+11	-3.8287e+10	4.075e+11	-3.13891e+11	4.07164e+11	2.38957e+11	3.47002e+11	3.77128e+11	1.78424e+11	3.57096e+11	-2.85251e+11	1.79033e+11	-4.65375e+11	-3.16888e+11
5.5e-10	6.55476e+11	-3.91849e+11	4.83559e+11	4.86916e+11	-1.66377e+11	5.61108e+11	3.40045e+11	5.98951e+11	1.85762e+10	1.10952e+11	-8.56074e+10	-3.56412e+11	3.13543e+10	-1.09547e+11	-7.25221e+10
5.55e-10	5.50439e+11	-2.19974e+11	4.61786e+11	5.75463e+11	2.61649e+11	6.58214e+11	2.24023e+11	4.27515e+11	-1.67092e+11	1.886e+11	1.12953e+11	-4.75826e+11	-3.75287e+09	1.39068e+10	4.8243e+10
5.6e-10	5.73351e+11	-7.41903e+10	5.63653e+11	3.72707e+11	3.44987e+11	3.82863e+11	3.03716e+11	1.37567e+11	-6.09741e+11	1.24541e+11	-2.27451e+11	-1.77229e+11	7.01486e+10	-1.91193e+11	2.46917e+11
5.65e-10	6.29458e+11	2.25669e+11	5.73938e+11	3.53677e+11	5.22725e+11	4.02468e+10	3.06325e+11	-1.06923e+11	-5.9091e+11	1.94362e+11	-4.57468e+11	-2.96672e+11	2.2484e+10	-7.03281e+10	1.1537e+11
5.7e-10	5.22935e+11	4.55672e+11	3.50958e+11	4.34372e+11	4.96801e+11	-1.88915e+11	3.29583e+11	-3.10797e+11	-6.07665e+11	1.02341e+11	-3.4413e+11	-7.79845e+10	1.54033e+11	3.49495e+11	3.63449e+11
5.75e-10	6.74266e+11	7.99074e+11	1.12236e+11	2.68132e+11	1.95983e+11	-4.19611e+11	3.31429e+11	-4.89785e+11	-3.26074e+11	1.27964e+11	-3.83532e+11	5.52398e+10	9.08865e+10	3.71937e+11	1.35364e+11
5.8e-10	5.84932e+11	4.31544e+11	-3.52354e+11	3.01936e+11	-7.28342e+10	-5.19318e+11	3.04715e+11	-5.4356e+11	1.34124e+10	2.73761e+11	-1.54712e+11	6.69669e+11	4.47732e+10	2.73857e+11	1.83244e+11
5.85e-10	5.63443e+11	7.01866e+10	-6.98608e+11	3.82858e+11	-2.47143e+11	-5.51508e+11	3.20148e+11	-4.04083e+11	3.86743e+11	1.46801e+11	2.48279e+11	2.24057e+11	5.57315e+09	-9.94745e+10	-9.37884e+10
5.9e-10	6.2032e+11	2.37351e+11	-7.11778e+11	3.29243e+11	-5.07598e+11	-1.07473e+11	2.53134e+11	-2.35268e+11	4.37462e+11	1.56502e+11	2.81697e+11	2.19976e+11	2.62406e+10	-8.62946e+10	-1.85242e+11
5.95e-10	5.72744e+11	-4.93011e+11	-4.09934e+11	2.51876e+11	-4.44339e+11	-2.19632e+11	2.36918e+11	4.11671e+10	4.01131e+11	1.54318e+11	3.37899e+11	1.76228e+11	1.0175e+11	-1.94677e+11	-6.1497e+11
6e-10	3.83171e+11	-3.19035e+11	-1.74399e+11	5.52771e+11	-8.30026e+11	1.66164e+11	2.76798e+11	5.03877e+11	3.12091e+11	1.12884e+11	2.76195e+11	-1.59538e+11	7.43275e+10	-1.81099e+11	-1.57956e+11
6.05e-10	5.87104e+11	-5.91665e+11	-3.9183e+10	3.58844e+11	-4.53145e+11	5.05419e+11	3.00973e+11	5.7159e+11	3.71026e+11	2.18448e+11	3.00978e+11	-4.18516e+11	-3.40322e+10	1.05839e+11	-2.463e+11
6.1e-10	5.59457e+11	-3.61158e+11	4.29423e+11	5.79958e+11	-5.05102e+07	8.20206e+11	1.40009e+11	3.59721e+11	1.7597e+11	2.12077e+11	-8.30214e+10	-5.28843e+11	2.3329e+10	-2.32823e+11	-2.09885e+11
6.15e-10	6.44473e+11	-5.94245e+11	5.14356e+11	3.17807e+11	3.261e+11	3.74652e+11	2.98328e+11	6.37651e+11	-2.70627e+11	1.18681e+11	-1.74654e+11	-3.56422e+11	7.78761e+10	-1.13284e+11	2.5467e+11
6.2e-10	4.51253e+11	2.57042e+11	4.62639e+11	3.64167e+11	3.30102e+11	4.96739e+11	2.52007e+11	4.88971e+11	-2.49217e+11	1.60285e+11	-2.87129e+11	-2.47816e+11	6.31376e+10	-5.40056e+10	2.264e+11
6.25e-10	3.54763e+11	3.252e+11	2.64613e+11	3.27948e+11	5.32216e+11	3.56536e+11	4.41185e+10	1.20646e+11	-1.02398e+11	1.51992e+11	-5.0442e+11	3.03623e+11	1.16833e+11	5.89682e+09	3.98028e+11
6.3e-10	5.06646e+11	4.68119e+11	1.92718e+11	3.77586e+11	5.94565e+11	-2.09556e+11	1.38219e+11	-2.44704e+11	-2.85381e+11	1.60651e+11	-3.80625e+11	2.79393e+11	1.50195e+11	4.01972e+11	3.53792e+11
6.35e-10	6.90594e+11	7.1776e+11	-1.82131e+11	3.38823e+11	4.42252e+11	-2.72978e+11	1.60259e+11	-3.14675e+11	-2.28345e+11	1.38009e+11	-3.22045e+11	1.81389e+11	1.51272e+10	8.88364e+10	-1.52222e+11
6.4e-10	4.87244e+11	3.40725e+11	-3.61396e+11	4.42846e+11	1.72816e+10	-6.64565e+11	1.5787e+11	-3.76928e+11	1.93132e+11	1.40664e+11	-5.52879e+10	3.86749e+11	1.01533e+10	3.6756e+10	-2.78701e+10
6.45e-10	5.27982e+11	-9.96084e+10	-5.88202e+11	4.84243e+11	-6.41542e+11	-4.41642e+11	2.1437e+11	-1.81499e+11	4.70793e+11	2.62107e+10	2.53877e+11	-6.15637e+10	1.19155e+11	3.1616e+11	-3.92592e+11
6.5e-10	7.34751e+11	-3.63396e+11	-5.54748e+11	3.55893e+11	-4.9327e+11	-6.49025e+10	2.06729e+11	-4.17052e+10	4.79141e+11	1.02151e+11	3.75462e+11	-5.85865e+09	5.59653e+10	-5.5126e+10	-3.50689e+11
6.55e-10	7.33067e+11	-4.63813e+11	-3.98557e+11	2.67776e+11	-3.04536e+11	1.39569e+11	2.91472e+11	1.47613e+11	5.76349e+11	2.56721e+11	6.05658e+11	-2.56061e+11	5.74622e+10	-1.45295e+11	-1.74775e+11
6.6e-10	6.19946e+11	-6.13416e+11	4.8517e+10	3.25694e+11	-3.30969e+11	3.60278e+11	1.46512e+11	1.57842e+11	2.10234e+11	2.08795e+11	4.03447e+11	-3.64467e+11	5.63589e+10	-2.72221e+11	4.67871e+10
6.65e-10	5.28465e+11	-4.49256e+11	2.15343e+11	4.55123e+11	-2.84457e+11	5.75548e+11	3.00246e+11	5.6853e+11	5.86296e+10	1.91957e+11	1.37549e+11	-4.43248e+11	1.12899e+10	-1.58026e+10	-1.07846e+11
6.7e-10	4.2374e+11	-3.43174e+11	3.1141e+11	3.70621e+11	2.43874e+11	5.27644e+11	2.48492e+11	3.66068e+11	-2.39124e+11	1.76929e+11	1.17838e+11	-4.60226e+11	5.82892e+10	-3.04983e+11	-3.89586e+10
6.75e-10	6.8324e+11	-3.77666e+10	7.30487e+11	3.75285e+11	4.0914e+11	4.28457e+11	2.75208e+11	5.09857e+11	-2.86777e+11	1.12382e+11	-1.24516e+11	-3.07522e+11	1.0178e+11	-1.96889e+11	3.62013e+11
6.8e-10	6.28429e+11	1.95544e+11	6.64185e+11	4.60264e+11	6.96229e+11	4.00195e+11	2.07312e+11	4.67483e+10	-4.87388e+11	1.41069e+11	-3.14363e+11	-2.67015e+10	1.28677e+10	-8.40086e+10	1.49614e+11
6.85e-10	5.02253e+11	3.24575e+11	3.83322e+11	3.69298e+11	5.00776e+11	-2.75337e+11	1.71406e+11	-2.30733e+11	-2.76125e+11	1.78182e+11	-3.17012e+11	1.88504e+11	1.20951e+11	2.67522e+11	4.40174e+11
6.9e-10	5.32124e+11	5.23711e+11	-1.75954e+11	4.7672e+11	6.06709e+11	-3.68022e+11	1.04414e+11	-1.48261e+11	-2.35779e+11	7.57457e+10	-2.24682e+11	8.10684e+10	8.34878e+10	2.73262e+11	1.96881e+11
6.95e-10	6.14135e+11	5.60085e+11	-2.76357e+11	1.6088e+11	1.1501e+11	-2.63644e+11	2.33095e+11	-4.94996e+11	-2.15118e+11	2.08767e+11	-4.27259e+11	3.51404e+11	4.70645e+10	2.11817e+11	-1.63162e+11
7e-10	6.52384e+11	2.97032e+11	-5.00842e+11	4.62501e+11	-6.80189e+10	-7.43916e+11	1.51831e+11	-2.58209e+11	2.82734e+11	1.32522e+11	1.37715e+11	3.32041e+11	8.55124e+10	3.36494e+11	-3.18248e+11
7.05e-10	5.42436e+11	-9.72396e+10	-6.07167e+11	4.32404e+11	-5.75456e+11	-2.52115e+11	2.15193e+11	-2.81334e+11	4.74985e+11	7.03108e+10	2.70882e+11	1.02322e+11	1.58633e+11	9.20632e+10	-6.66703e+11
7.1e-10	5.00939e+11	-3.98833e+11	-4.39339e+11	4.1292e+11	-6.16262e+11	1.13921e+11	2.06436e+11	1.03251e+11	3.98948e+11	2.02283e+11	5.67718e+11	1.62481e+11	4.11435e+10	6.08894e+10	-2.66222e+11
7.15e-10	4.6838e+11	-5.28336e+11	5.13561e+10	3.74151e+11	-4.01521e+11	4.25689e+11	3.32596e+11	2.44605e+11	5.5279e+11	1.28206e+11	1.65177e+11	-3.03107e+11	6.00973e+10	-2.23972e+11	-2.19667e+11
7.2e-10	6.30025e+11	-7.2699e+11	-1.34088e+11	4.26795e+11	-3.36097e+11	6.09144e+11	1.1355e+11	2.22974e+11	2.09424e+11	2.21204e+11	1.73894e+11	-4.64136e+11	1.08426e+11	-4.40383e+11	-1.46634e+11
7.25e-10	4.24144e+11	-2.84297e+11	3.73028e+11	3.99054e+11	1.6779e+11	5.96658e+11	1.79368e+11	3.51759e+11	-2.97051e+11	9.32685e+10	1.1485e+11	-2.37037e+11	8.3163e+10	-2.9188e+11	-1.26886e+11
7.3e-10	4.42256e+11	-2.72049e+11	5.33941e+11	2.84139e+11	4.95379e+11	1.90662e+11	3.82445e+11	4.87997e+11	-5.03451e+11	1.93904e+11	-1.49803e+11	-4.82503e+11	2.30469e+10	5.44408e+10	2.36573e+11
7.35e-10	5.36572e+11	2.18113e+11	5.56928e+11	3.7245e+11	8.57138e+11	4.58678e+10	2.62425e+11	4.64107e+11	-4.99633e+11	1.00751e+11	-3.69224e+11	6.76664e+09	2.02507e+11	-2.0933e+11	4.97186e+11
7.4e-10	3.69885e+11	2.48663e+11	3.79011e+11	2.62396e+11	4.94966e+11	7.36429e+09	1.6615e+11	1.29083e+11	-4.19645e+11	1.61459e+11	-4.06402e+11	3.81647e+11	3.99456e+10	1.4964e+11	1.03945e+11
7.45e-10	4.32499e+11	5.33442e+11	1.44676e+11	4.01962e+11	5.86462e+11	-3.54743e+11	2.3686e+11	-4.72448e+11	-3.07933e+11	2.02907e+11	-5.4137e+11	1.66342e+11	5.42568e+10	7.83033e+10	2.35441e+11
7.5e-10	3.90343e+11	6.39782e+11	1.55084e+11	3.60746e+11	5.10271e+11	-6.57344e+11	1.82011e+11	-4.0403e+11	8.11483e+10	3.97201e+10	1.25582e+11	2.68357e+11	2.02633e+10	9.17425e+10	-3.20222e+09
7.55e-10	3.20218e+11	2.9259e+11	-2.21288e+11	2.58594e+11	-1.00485e+11	-4.48513e+11	2.12937e+11	-5.86649e+11	1.81404e+11	2.03952e+11	7.85304e+10	5.65533e+11	1.03706e+11	3.17928e+11	-2.0554e+11
7.6e-10	3.67852e+11	1.669e+10	-4.43294e+11	3.31003e+11	-4.21876e+11	-4.12213e+11	1.12343e+11	-2.11838e+11	2.28924e+11	9.41307e+10	1.3628e+11	1.69012e+11	9.01397e+10	1.95522e+11	-2.64588e+11
7.65e-10	3.94471e+11	-6.13235e+11	-2.24817e+11	4.21869e+11	-5.78319e+11	-1.69189e+11	1.78434e+11	2.22665e+11	3.81402e+11	1.04298e+11	4.26859e+11	-1.63485e+11	-1.64874e+10	1.66972e+10	2.7084e+10
7.7e-10	6.14265e+11	-5.91305e+11	-3.84024e+11	2.60372e+11	-4.24191e+11	1.09154e+11	2.73213e+11	4.42151e+11	4.18333e+11	2.15353e+11	5.15205e+11	-1.27692e+11	5.59416e+10	-9.30906e+10	-1.9226e+11
7.75e-10	5.10785e+11	-5.32055e+11	1.22114e+11	4.22375e+11	-3.51068e+11	4.92018e+11	1.98456e+11	4.14139e+11	8.42823e+10	5.04287e+10	1.40908e+11	-4.59443e+09	8.29012e+10	-4.20757e+11	7.62263e+09
7.8e-10	3.82757e+11	-3.7742e+11	2.37774e+11	2.11643e+11	2.38623e+11	4.11871e+11	2.43158e+11	5.59834e+11	-1.55696e+11	1.49373e+11	2.17627e+11	-3.23698e+11	5.57137e+10	-1.68499e+11	1.84338e+11
7.85e-10	6.66317e+11	-2.90876e+11	6.17744e+11	3.28236e+11	5.87176e+11	1.70779e+11	2.02493e+11	2.82773e+11	-3.81828e+11	1.72174e+11	-5.15345e+10	-3.81758e+11	7.8889e+10	-3.16603e+11	2.555e+11
7.9e-10	5.36577e+11	2.40879e+11	5.91676e+11	3.75863e+11	5.60401e+11	1.17027e+11	1.68203e+11	8.47532e+10	-4.93357e+11	1.70755e+11	-2.7463e+11	-3.30941e+11	6.47063e+10	-8.77105e+10	2.45329e+11
7.95e-10	4.9884e+11	4.49601e+11	3.73897e+11	4.25446e+11	8.40201e+11	-3.88937e+11	1.86636e+11	-1.1928e+11	-3.60918e+11	7.03394e+10	-2.12343e+11	-1.73926e+11	6.30906e+10	-2.58948e+10	3.86237e+11
8e-10	2.86632e+11	3.45376e+11	2.15025e+11	1.70945e+11	2.32609e+11	-1.09137e+11	2.31173e+11	-1.76428e+11	-5.44527e+11	5.72039e+10	-1.98995e+11	-9.07498e+10	1.18072e+11	3.98637e+11	1.79082e+11
8.05e-10	5.47413e+11	4.91859e+11	-4.08121e+11	3.49956e+11	1.0999e+11	-5.17147e+11	1.69035e+11	-2.62342e+11	-4.57926e+11	7.82404e+10	-1.67784e+11	1.71375e+11	6.19486e+10	2.31339e+11	-1.67121e+09
8.1e-10	5.00502e+11	3.7415e+11	-3.79503e+11	3.65757e+11	9.08608e+09	-5.85108e+11	3.28506e+11	-6.13107e+11	1.26086e+11	1.2953e+11	2.20937e+11	5.18101e+11	6.72592e+10	3.05058e+11	-2.33401e+10
8.15e-10	4.92398e+11	-8.13996e+10	-5.55324e+11	1.67104e+11	-1.22404e+11	-2.51519e+11	2.24851e+11	-3.91658e+11	2.65837e+11	1.71468e+11	2.69626e+11	3.96546e+11	6.18656e+10	6.81898e+10	-3.07412e+11
8.2e-10	6.40325e+11	-1.95269e+11	-4.65614e+11	5.21032e+11	-7.27263e+11	-2.7033e+11	1.60117e+11	1.44191e+11	4.67135e+11	1.69681e+11	5.15544e+11	1.66268e+10	8.59021e+10	-2.41042e+11	-4.02622e+11
8.25e-10	5.73495e+11	-3.30092e+11	-4.77182e+11	2.3475e+11	-3.79177e+11	6.15632e+10	3.23506e+11	3.18181e+11	5.99628e+11	1.41414e+11	4.97347e+11	-2.59447e+11	5.23603e+10	1.16697e+10	-3.9114e+11
8.3e-10	4.41014e+11	-4.39054e+11	1.90019e+11	4.08601e+11	-2.81518e+11	5.15351e+11	2.03816e+11	4.49233e+11	-2.9563e+10	8.16326e+10	1.5652e+11	-1.67516e+11	8.21552e+10	-3.46585e+11	-2.07219e+11
8.35e-10	4.818e+11	-4.70249e+11	2.01462e+11	2.2228e+11	-8.47816e+09	3.64261e+11	1.04913e+11	2.26424e+11	1.94944e+11	1.54378e+11	3.22659e+11	-3.75615e+11	4.44808e+10	-2.38061e+11	8.73504e+10
8.4e-10	4.8714e+11	6.48967e+10	5.82942e+11	2.32116e+11	1.91136e+11	3.95216e+11	2.11614e+11	3.67253e+11	-1.00306e+11	1.93475e+11	-3.53489e+10	-4.24702e+11	9.29924e+10	-2.21599e+11	4.48171e+11
8.45e-10	6.84668e+11	1.58323e+11	7.15358e+11	3.97625e+11	4.65573e+11	3.64689e+11	2.68126e+11	5.15099e+11	-2.92414e+11	1.68646e+11	-5.5023e+11	-1.87018e+11	9.63849e+10	-6.47885e+10	4.17042e+11
8.5e-10	5.8537e+11	4.28767e+11	4.53595e+11	2.52315e+11	4.65422e+11	4.04344e+10	1.04454e+11	5.5767e+10	-2.44255e+11	8.69462e+10	-2.08295e+11	-2.04827e+11	6.4031e+10	-8.17829e+10	1.60761e+11
8.55e-10	5.38467e+11	5.47264e+11	1.36911e+11	4.22792e+11	6.22514e+11	-1.67197e+11	4.25958e+10	-1.45669e+11	-6.37731e+10	1.74572e+11	-5.0107e+11	-1.69386e+11	2.88092e+10	2.5034e+11	1.30452e+10
8.6e-10	6.22083e+11	6.67449e+11	2.09668e+10	3.54647e+11	4.61882e+11	-3.69458e+11	3.2183e+11	-6.26789e+11	-2.40271e+11	9.62012e+10	-3.05807e+11	4.39884e+10	5.54723e+10	1.18674e+11	2.27152e+11
8.65e-10	5.48966e+11	4.03477e+11	-3.02866e+11	3.89643e+11	2.94199e+10	-5.98608e+11	1.23563e+11	-2.71309e+11	-1.48472e+10	1.52665e+11	-6.47431e+10	3.88753e+11	2.95833e+10	1.60683e+11	3.22725e+10
8.7e-10	6.03314e+11	3.86735e+11	-4.89645e+11	3.1088e+11	-3.40753e+11	-3.40459e+11	2.54845e+11	-3.71427e+11	3.27995e+11	1.88741e+11	9.74151e+10	4.36138e+11	1.02455e+11	3.29798e+11	-1.04265e+11
8.75e-10	8.02206e+11	-3.04083e+10	-7.46929e+11	3.90866e+11	-5.26828e+11	-3.7014e+11	1.13765e+11	-1.99958e+11	1.86182e+11	1.68156e+11	2.8076e+11	1.84576e+11	4.81814e+10	1.52638e+11	-1.31812e+11
8.8e-10	5.61231e+11	-5.42905e+11	-3.88081e+11	2.87754e+11	-3.83898e+11	-5.23022e+09	1.93563e+11	8.2267e+08	3.72675e+11	3.06983e+11	6.37476e+11	1.52532e+11	1.39318e+11	4.35321e+10	-4.65131e+11
8.85e-10	4.91047e+11	-5.29574e+11	-1.43311e+11	3.38551e+11	-4.16802e+11	3.13769e+11	2.60461e+11	4.31525e+11	3.19266e+11	9.94563e+10	2.98039e+11	-1.04147e+10	9.38775e+10	-1.67491e+11	-3.03937e+11
8.9e-10	4.75887e+11	-4.38372e+11	7.4965e+10	3.04522e+11	-4.37908e+11	2.84153e+11	3.97561e+11	6.65562e+11	2.79407e+11	1.53025e+11	2.37418e+11	-2.71356e+11	8.82839e+10	-3.40887e+11	1.80909e+11
8.95e-10	5.37443e+11	-4.92169e+11	4.29629e+11	5.40746e+11	1.62703e+11	7.37181e+11	2.51368e+11	4.90177e+11	1.86167e+10	1.50988e+11	4.78759e+09	-3.25637e+11	1.00191e+11	-3.19016e+11	8.64523e+10
9e-10	6.81153e+11	-3.31064e+11	8.37891e+11	3.22394e+11	2.81873e+11	3.94757e+11	3.14951e+11	3.82653e+11	-4.49831e+11	1.79144e+11	-2.94825e+11	-4.71218e+11	3.93149e+10	-4.52948e+10	1.84897e+11
9.05e-10	5.51203e+11	2.57409e+11	5.6169e+11	2.28491e+11	3.56006e+11	2.36125e+11	3.07889e+11	2.91786e+11	-5.25526e+11	1.75888e+11	-3.41967e+11	-2.45218e+11	7.83648e+10	-3.78715e+10	3.20992e+11
9.1e-10	4.77093e+11	4.66659e+11	2.48033e+11	2.84404e+11	4.36205e+11	-1.24285e+11	1.29938e+11	-4.17351e+10	-2.83431e+11	1.66228e+11	-3.77526e+11	-4.89955e+09	9.52685e+10	2.47137e+11	2.69947e+11
9.15e-10	3.35266e+11	4.74687e+11	4.15864e+10	3.24195e+11	4.25111e+11	-3.70046e+11	1.71437e+11	-3.79923e+11	-3.78523e+10	8.48992e+10	-1.67614e+11	1.23846e+11	4.95026e+10	9.25247e+10	1.35626e+11
9.2e-10	5.56988e+11	5.1084e+11	-4.11992e+11	2.44724e+11	-9.19018e+10	-5.14838e+11	1.8983e+11	-3.94151e+11	-1.21114e+11	9.44085e+10	3.89276e+10	3.41741e+11	3.91454e+10	1.46314e+11	-3.90065e+09
9.25e-10	3.493e+11	2.22465e+11	-3.86927e+11	2.67866e+11	-1.43918e+11	-3.67897e+11	1.8411e+11	-3.79606e+11	2.297e+11	1.32511e+11	1.36093e+11	3.32213e+11	1.13263e+11	2.80447e+11	-2.42254e+11
9.3e-10	7.08907e+11	-1.51542e+11	-7.28234e+11	2.9121e+11	-3.9596e+11	-4.39704e+11	1.87236e+11	-1.0649e+11	3.92235e+11	1.57417e+11	2.26373e+11	3.54801e+11	8.57433e+10	2.49715e+11	-1.901e+11
9.35e-10	4.92179e+11	-4.36687e+11	-1.9601e+11	3.61712e+11	-5.64913e+11	-9.43137e+10	3.50244e+11	2.46032e+11	6.27767e+11	1.99524e+11	5.03884e+11	1.84472e+11	-5.86035e+09	-1.24775e+11	1.4587e+09
9.4e-10	5.77013e+11	-5.29234e+11	-2.74263e+11	3.98343e+11	-6.16761e+11	3.50279e+11	2.64736e+11	1.81623e+11	6.29051e+11	9.05801e+10	2.07669e+11	-1.48062e+11	8.34258e+10	-5.39108e+11	-1.1587e+11
9.45e-10	5.74978e+11	-6.33517e+11	3.09748e+10	1.85689e+11	1.0135e+11	3.24018e+11	3.16529e+11	4.26551e+11	3.6635e+11	1.79287e+11	2.9324e+11	-3.32749e+11	9.77326e+10	-3.7463e+11	-2.1975e+10
9.5e-10	5.96291e+11	-4.61069e+11	5.23397e+11	5.20658e+11	1.0093e+11	7.84748e+11	2.39315e+11	4.83029e+11	-1.62233e+09	1.24089e+11	2.60831e+11	-3.82474e+11	8.91453e+10	-3.46745e+11	-4.76807e+08
9.55e-10	5.26018e+11	-4.95982e+10	6.01468e+11	3.11676e+11	2.82756e+11	5.37828e+11	1.6715e+11	3.51022e+11	-1.58776e+11	2.53315e+11	-2.48051e+11	-5.84578e+11	9.11713e+10	-2.45943e+11	1.73853e+11
9.6e-10	4.88546e+11	2.77975e+11	5.20861e+11	2.78405e+11	3.60899e+11	1.89182e+11	2.32785e+11	1.35749e+11	-5.03812e+11	1.80927e+11	-4.53668e+11	-1.9088e+11	-7.22911e+09	-1.73072e+11	1.08423e+10
9.65e-10	6.01415e+11	6.97288e+11	2.84848e+11	2.87119e+11	5.22019e+11	-5.2314e+10	2.71874e+11	-6.27274e+10	-6.65334e+11	1.01877e+11	-3.03704e+11	-1.3003e+08	9.38812e+10	2.4865e+11	3.19961e+11
9.7e-10	5.00028e+11	5.5695e+11	1.72202e+11	2.39722e+11	4.04595e+11	-2.44723e+11	1.23563e+11	-2.34906e+11	-7.77906e+10	1.48092e+11	-3.19175e+11	2.85321e+11	5.5483e+10	1.89443e+11	1.30129e+11
9.75e-10	4.5687e+11	5.7673e+11	-2.42334e+11	3.22247e+11	3.62429e+11	-6.08453e+11	7.42405e+10	-2.20904e+11	4.95642e+10	1.35363e+11	-3.11603e+11	3.35996e+11	8.48876e+10	3.83359e+11	3.45099e+11
9.8e-10	5.34657e+11	2.25687e+11	-6.46562e+11	9.0823e+10	-1.03396e+11	-1.663e+11	1.46319e+11	-2.97493e+11	1.24732e+11	1.04125e+11	1.96237e+11	3.39189e+11	2.91601e+10	1.25488e+11	-9.35052e+10
9.85e-10	3.72188e+11	1.0876e+11	-4.6792e+11	2.7986e+11	-5.18694e+11	-1.85025e+11	2.30542e+11	-4.18858e+11	3.47199e+11	2.36377e+11	2.18747e+11	5.44616e+11	5.60387e+10	1.02105e+10	-2.5183e+11
9.9e-10	6.43356e+11	-3.55808e+11	-7.59937e+11	2.06802e+11	-3.39623e+11	-5.84782e+10	2.86538e+11	1.22556e+11	6.29151e+11	7.77057e+09	8.04639e+10	-1.72023e+11	1.58973e+10	-1.3411e+11	-1.07968e+11
9.95e-10	4.66151e+11	-5.38995e+11	-3.50651e+11	2.56203e+11	-3.80347e+11	1.43798e+11	1.34322e+11	4.68411e+11	1.43397e+11	1.04301e+11	2.76322e+11	-8.79603e+10	4.96774e+10	-8.22554e+10	-1.70245e+11
1e-09	5.90618e+11	-6.63443e+11	9.85412e+10	2.19775e+11	-3.37407e+11	2.63198e+11	1.26332e+11	2.66776e+11	1.79216e+11	7.18457e+10	3.46038e+11	-9.07932e+10	4.40082e+10	-2.12474e+11	-1.02993e+11
