Wed Nov 20 14:54:09 2024

<base> : Rectangle : 0m, 0m, 0m; 4um, 50nm, 5nm. Cells : 800, 10, 1. Cellsize : 5nm, 5nm, 5nm
<supermesh> : Rectangle : 0m, 0m, 0m; 4um, 50nm, 5nm. Cells : 800, 10, 1. Cellsize : 5nm, 5nm, 5nm

Saved data (dataname (unit) <meshname> (cells_rectangle)) : 

time (s)	<M2> (A/m) <base> (0m, 0m, 0m; 4um, 50nm, 5nm)			

1e-13	2098.68	-9.55368	2.94959
2e-13	2098.59	-8.84849	2.77344
3e-13	2098.46	-8.07513	2.519
4e-13	2098.2	-7.27804	2.23228
5e-13	2097.82	-6.54477	2.40662
6e-13	2097.32	-5.4712	2.76541
7e-13	2096.61	-4.03955	3.18705
8e-13	2095.77	-2.24197	3.426
9e-13	2094.8	-0.174162	4.52842
1e-12	2093.93	3.73703	6.01967
1.1e-12	2093.18	6.80887	7.86828
1.2e-12	2091.92	9.28389	9.9192
1.3e-12	2090.6	11.9985	12.1698
1.4e-12	2088.96	14.9696	14.836
1.5e-12	2086.9	18.886	17.4179
1.6e-12	2084.8	22.966	19.958
1.7e-12	2082.7	26.3785	22.3222
1.8e-12	2080.35	28.9864	24.0189
1.9e-12	2078.57	31.9154	25.3417
2e-12	2077.19	34.6441	26.2178
2.1e-12	2075.35	36.7111	27.8722
2.2e-12	2073.54	38.6972	29.735
2.3e-12	2071.47	43.3956	29.3751
2.4e-12	2068.99	48.4163	29.5097
2.5e-12	2065.69	54.6922	28.9043
2.6e-12	2061.51	59.9672	28.1188
2.7e-12	2058.11	64.3353	28.9247
2.8e-12	2053.9	67.5658	32.3309
2.9e-12	2050.22	70.6141	36.1831
3e-12	2045.74	72.5244	39.6913
3.1e-12	2041.38	73.6222	44.543
3.2e-12	2037.14	74.6679	48.8008
3.3e-12	2033.78	75.2143	52.6812
3.4e-12	2028.93	74.8449	56.1648
3.5e-12	2024.16	74.3408	57.9549
3.6e-12	2018.85	73.4526	57.9093
3.7e-12	2013.42	71.6586	57.3298
3.8e-12	2009.52	69.512	56.018
3.9e-12	2005.27	65.9606	52.9153
4e-12	2000.41	62.7307	49.5504
4.1e-12	1995.53	59.4401	44.5394
4.2e-12	1991.07	54.8921	41.0044
4.3e-12	1988.24	50.3145	38.3144
4.4e-12	1986.51	45.5507	35.1071
4.5e-12	1983.46	40.1885	32.2188
4.6e-12	1982.6	31.9294	29.3071
4.7e-12	1980.85	24.1154	27.415
4.8e-12	1979.38	16.7212	26.0633
4.9e-12	1978.17	10.9081	36.6928
5e-12	1975.23	6.04407	46.4537
5.1e-12	1971.57	1.6831	54.5831
5.2e-12	1967.66	-3.6567	61.5122
5.3e-12	1962.65	-10.516	68.1406
5.4e-12	1954.09	-17.7593	74.1697
5.5e-12	1945.56	-25.5258	81.0599
5.6e-12	1938.8	-34.2771	88.1588
5.7e-12	1932.9	-42.0821	93.3014
5.8e-12	1923.77	-49.9565	96.5481
5.9e-12	1914.68	-59.7605	99.8109
6e-12	1899.08	-67.4837	103.396
6.1e-12	1887.44	-72.999	109.981
6.2e-12	1876.13	-78.2361	116.307
6.3e-12	1862.89	-81.0541	121.719
6.4e-12	1848.56	-81.9178	128.526
6.5e-12	1840.89	-80.5234	136.297
6.6e-12	1833.33	-76.982	144.546
6.7e-12	1819.72	-69.5649	153.769
6.8e-12	1811.37	-64.5252	162.255
6.9e-12	1803.3	-57.893	167.953
7e-12	1796.08	-48.9692	172.306
7.1e-12	1793.51	-42.4595	175.768
7.2e-12	1794.62	-32.9379	180.436
7.3e-12	1793.29	-20.4114	183.583
7.4e-12	1790.59	-7.52371	184.253
7.5e-12	1785.49	3.78734	181.728
7.6e-12	1789.66	12.4597	180.022
7.7e-12	1791.87	21.3984	176.883
7.8e-12	1787.17	29.1445	172.564
7.9e-12	1780.76	35.5789	164.568
8e-12	1766.28	37.6234	162.327
8.1e-12	1752.71	42.2065	156.607
8.2e-12	1736.08	47.3946	148.063
8.3e-12	1722.76	51.5806	139.024
8.4e-12	1715.8	56.8762	132.034
8.5e-12	1709.43	63.1999	128.355
8.6e-12	1696.26	66.9863	122.489
8.7e-12	1679.47	71.3388	115.782
8.8e-12	1665.48	68.98	111.612
8.9e-12	1654.84	64.8135	104.609
9e-12	1638.69	58.1921	96.1931
9.1e-12	1621.98	50.9286	87.7714
9.2e-12	1610.29	50.064	77.8585
9.3e-12	1603.79	51.0838	65.2346
9.4e-12	1594.71	49.0915	50.706
9.5e-12	1582.44	36.5213	34.4438
9.6e-12	1570.86	23.6132	21.7959
9.7e-12	1571.75	14.4935	9.42302
9.8e-12	1575.8	2.15903	-0.293092
9.9e-12	1575.51	-6.54481	-12.6491
1e-11	1575.15	-12.4286	-23.7186
1.01e-11	1574.26	-23.6325	-34.9325
1.02e-11	1575.74	-33.6635	-46.2792
1.03e-11	1576.18	-39.8139	-60.578
1.04e-11	1570.32	-48.7257	-76.238
1.05e-11	1563.53	-58.985	-85.0588
1.06e-11	1558.6	-65.4663	-96.3993
1.07e-11	1559.08	-77.7194	-107.938
1.08e-11	1553.61	-84.9539	-120.786
1.09e-11	1545.08	-87.7986	-132.142
1.1e-11	1537.83	-86.6476	-130.079
1.11e-11	1519.75	-82.2584	-129.522
1.12e-11	1497.56	-74.5099	-126.976
1.13e-11	1476.05	-67.0407	-120.415
1.14e-11	1454.83	-52.1837	-104.56
1.15e-11	1425.86	-40.8643	-77.1362
1.16e-11	1402.87	-34.5239	-52.035
1.17e-11	1387.82	-21.8321	-32.5069
1.18e-11	1372.81	-8.36357	-5.88791
1.19e-11	1335.48	7.74482	26.79
1.2e-11	1299.33	25.9973	53.2397
1.21e-11	1257.37	47.7894	75.1501
1.22e-11	1230.03	63.0236	96.4156
1.23e-11	1204.43	77.7943	125.965
1.24e-11	1182.46	86.354	151.238
1.25e-11	1156.01	96.7081	163.88
1.26e-11	1135.05	95.9931	173.878
1.27e-11	1121.43	91.3217	174.814
1.28e-11	1094.92	91.531	185.33
1.29e-11	1066.1	93.3238	203.909
1.3e-11	1035.21	91.7208	214.274
1.31e-11	1017.15	79.2388	224.782
1.32e-11	1006.24	82.547	241.039
1.33e-11	985.148	87.7319	254.072
1.34e-11	977.215	84.895	266.493
1.35e-11	966.181	81.5831	268.605
1.36e-11	953.561	74.8853	270.278
1.37e-11	906.446	69.7283	271.652
1.38e-11	861.934	74.74	270.056
1.39e-11	829.599	83.6122	275.316
1.4e-11	797.207	82.8071	272.726
1.41e-11	754.975	86.5756	274.593
1.42e-11	720.206	77.6447	277.884
1.43e-11	686.523	71.7459	285.227
1.44e-11	652.41	65.0255	283.37
1.45e-11	619.932	61.5455	276.258
1.46e-11	592.153	59.6951	266.521
1.47e-11	563.56	56.5779	267.967
1.48e-11	536.821	43.5553	246.05
1.49e-11	517.254	27.1476	230.21
1.5e-11	490.788	-4.11618	218.858
1.51e-11	476.948	-21.5007	206.091
1.52e-11	455.935	-33.4655	183.017
1.53e-11	432.042	-54.242	151.16
1.54e-11	411.73	-50.5319	124.295
1.55e-11	385.592	-56.2708	104.223
1.56e-11	358.476	-82.5914	88.5433
1.57e-11	325.169	-98.487	92.5821
1.58e-11	303.03	-128.912	99.0913
1.59e-11	300.885	-144.509	104.35
1.6e-11	302.585	-141.788	103.337
1.61e-11	288.116	-129.382	96.8499
1.62e-11	273.375	-103.775	90.3665
1.63e-11	250.644	-72.8154	91.5728
1.64e-11	243.622	-40.3915	88.1922
1.65e-11	240.998	-21.5557	82.5103
1.66e-11	253.895	-9.43528	65.0285
1.67e-11	257.201	7.01356	44.7872
1.68e-11	252.049	47.9571	29.8134
1.69e-11	230.694	66.894	0.051833
1.7e-11	216.456	81.4987	-25.6804
1.71e-11	204.585	96.3483	-71.5449
1.72e-11	188.606	97.1064	-101.69
1.73e-11	186.589	79.8707	-109.811
1.74e-11	162.759	70.9521	-123.307
1.75e-11	149.598	66.2739	-129.116
1.76e-11	133.308	49.484	-121.309
1.77e-11	125.228	44.7336	-106.488
1.78e-11	130.302	32.9399	-123.979
1.79e-11	144.16	6.08667	-129.817
1.8e-11	135.803	6.76992	-125.448
1.81e-11	150.198	21.1267	-145.576
1.82e-11	147.102	40.5566	-134.062
1.83e-11	159.612	43.3821	-118.486
1.84e-11	171.515	46.1297	-116.171
1.85e-11	178.877	51.1098	-127.965
1.86e-11	168.964	61.8462	-156.49
1.87e-11	177.999	60.5427	-176.188
1.88e-11	176.906	66.8741	-188.121
1.89e-11	158.94	71.1574	-177.363
1.9e-11	131.055	60.2916	-174.33
1.91e-11	106.77	16.3788	-171.018
1.92e-11	73.4382	-2.24593	-147.868
1.93e-11	8.37191	-4.76806	-125.926
1.94e-11	-35.8639	-5.15048	-107.381
1.95e-11	-67.261	9.77054	-82.7608
1.96e-11	-102.307	20.9263	-58.297
1.97e-11	-107.981	27.372	-29.275
1.98e-11	-120.317	42.3216	5.6173
1.99e-11	-103.698	57.9286	39.1487
2e-11	-89.854	50.3707	63.4477
2.01e-11	-52.5566	55.1028	61.9744
2.02e-11	-21.8961	38.4318	42.7877
2.03e-11	6.52609	-12.937	47.1311
2.04e-11	26.6997	-50.0308	48.1207
2.05e-11	34.7831	-78.3599	50.5847
2.06e-11	20.5779	-78.8748	33.8166
2.07e-11	-26.2721	-93.0811	20.6506
2.08e-11	-64.1549	-117.488	35.9207
2.09e-11	-70.3309	-119.238	42.7969
2.1e-11	-72.7396	-135.216	44.6442
2.11e-11	-87.0923	-143.988	99.3939
2.12e-11	-76.7855	-102.174	101.034
2.13e-11	-68.5723	-71.4709	88.0928
2.14e-11	-38.2946	-43.8852	53.6441
2.15e-11	-11.2773	-40.1774	56.9151
2.16e-11	-4.3793	-49.6056	58.9065
2.17e-11	22.2053	-27.7032	67.2877
2.18e-11	35.8452	-10.919	72.4608
2.19e-11	38.6967	1.23137	60.9933
2.2e-11	11.2407	57.275	45.2919
2.21e-11	12.2503	98.7175	48.0984
2.22e-11	-8.83518	93.8898	54.4159
2.23e-11	-46.1048	41.1252	51.8008
2.24e-11	-31.4294	-0.321239	54.7119
2.25e-11	-29.8025	23.3111	54.6531
2.26e-11	-37.9003	32.2933	70.6655
2.27e-11	-40.8425	39.1762	58.1221
2.28e-11	-37.22	39.1281	47.8365
2.29e-11	5.52188	19.3718	43.1841
2.3e-11	35.2883	10.7903	47.3888
2.31e-11	30.9673	24.6475	34.4946
2.32e-11	27.8496	22.0234	7.99372
2.33e-11	13.2134	16.4685	1.57087
2.34e-11	3.05359	21.9273	3.84053
2.35e-11	-8.31211	37.5142	32.6941
2.36e-11	-22.9712	21.9889	38.5752
2.37e-11	-35.3612	-43.635	23.2994
2.38e-11	-30.5281	-45.0162	-16.0598
2.39e-11	-31.785	-29.9686	-56.5107
2.4e-11	-35.4197	-3.68565	-74.5141
2.41e-11	-44.9553	27.2865	-71.5551
2.42e-11	-36.2145	65.0399	-25.2089
2.43e-11	-16.4531	63.9575	25.7628
2.44e-11	-19.1703	20.7857	62.9483
2.45e-11	-20.3373	30.555	56.3076
2.46e-11	-30.1861	25.3433	22.8826
2.47e-11	3.53732	34.5785	18.0286
2.48e-11	43.3823	37.1977	17.8333
2.49e-11	35.1433	14.8364	23.3292
2.5e-11	35.8174	-7.87195	26.3025
2.51e-11	-1.47078	-27.1957	6.67511
2.52e-11	-4.3553	-27.2292	0.667807
2.53e-11	-7.94639	23.8571	13.2155
2.54e-11	-9.11101	39.975	28.507
2.55e-11	-19.0021	-20.5236	57.9425
2.56e-11	-5.5546	-50.5197	48.6563
2.57e-11	37.2843	-36.5485	5.9625
2.58e-11	59.4707	-18.9804	17.5546
2.59e-11	51.7906	-39.7626	22.1278
2.6e-11	21.3127	-17.3826	12.3847
2.61e-11	-16.3136	-3.69106	25.8666
2.62e-11	-32.771	2.87455	34.792
2.63e-11	-31.3519	22.3398	34.3705
2.64e-11	-0.128344	59.0918	13.3103
2.65e-11	25.0375	62.4485	-35.6133
2.66e-11	42.0745	31.3644	-42.3056
2.67e-11	3.89764	8.67177	-36.2442
2.68e-11	-15.9959	-25.4828	-0.390773
2.69e-11	-15.0618	-31.0834	35.0303
2.7e-11	-21.0815	-21.9383	33.9564
2.71e-11	-14.3452	-43.3813	19.9684
2.72e-11	12.2263	-54.4629	28.6254
2.73e-11	24.7246	-53.3481	22.6406
2.74e-11	-6.0356	-34.9837	25.0321
2.75e-11	-28.1602	-10.194	-7.18132
2.76e-11	2.50869	-25.4328	-19.5769
2.77e-11	44.842	-33.7352	-0.302598
2.78e-11	46.1575	-7.05119	-12.0748
2.79e-11	11.253	7.75252	-20.6723
2.8e-11	13.3053	8.65699	-10.2456
2.81e-11	11.1388	9.42791	-14.4344
2.82e-11	-3.15951	-30.0431	-12.8305
2.83e-11	26.1811	-17.9734	-11.2241
2.84e-11	48.0017	-30.9599	32.2156
2.85e-11	23.1212	-43.0505	42.4358
2.86e-11	-32.7344	-28.4726	11.0733
2.87e-11	-31.1831	-23.0871	21.9204
2.88e-11	19.7234	-26.4876	4.97032
2.89e-11	-1.64235	5.97647	6.46433
2.9e-11	-39.9673	7.54895	9.57032
2.91e-11	-51.3746	7.34629	13.9788
2.92e-11	-17.0039	0.521758	-7.39127
2.93e-11	-19.8077	4.55095	-14.9337
2.94e-11	-25.8588	-25.3191	-7.29939
2.95e-11	16.1059	-23.988	22.8232
2.96e-11	16.3788	32.3032	15.6193
2.97e-11	26.0858	21.0765	-5.47406
2.98e-11	30.5627	-37.6161	9.04587
2.99e-11	22.2858	-58.0804	2.97305
3e-11	10.5507	-49.0332	10.0294
3.01e-11	1.40311	7.64319	6.94651
3.02e-11	6.18341	42.6422	5.1919
3.03e-11	-5.04146	3.90658	10.8107
3.04e-11	-5.79293	-19.1387	2.80168
3.05e-11	-31.3241	13.9689	23.059
3.06e-11	-33.034	-27.8385	-2.07034
3.07e-11	-5.75116	-17.4524	-35.6685
3.08e-11	3.69591	4.40851	-39.6446
3.09e-11	-20.4656	17.7958	-13.986
3.1e-11	8.58392	19.4328	-1.46059
3.11e-11	27.6036	-8.93114	-4.95943
3.12e-11	10.2514	-21.6455	-11.5499
3.13e-11	-30.0161	-21.8574	-18.3679
3.14e-11	33.5279	-27.9117	-9.62172
3.15e-11	35.1808	-7.14889	-24.0735
3.16e-11	-5.93444	3.95749	-0.887558
3.17e-11	13.0196	-18.4104	2.92546
3.18e-11	-13.67	-29.217	-29.1845
3.19e-11	2.95753	32.5972	-41.4527
3.2e-11	3.24479	7.18567	6.489
3.21e-11	-12.3539	20.2159	-5.29189
3.22e-11	15.147	20.5108	20.4974
3.23e-11	-41.3148	-24.3452	2.25219
3.24e-11	-14.8992	-13.54	7.44602
3.25e-11	-47.4521	2.80029	11.3072
3.26e-11	-16.7497	-11.2174	-33.9356
3.27e-11	-13.8627	19.3309	-21.2369
3.28e-11	-27.2499	18.2703	9.79917
3.29e-11	-34.5923	-3.09545	-11.6581
3.3e-11	-9.32901	-26.3664	22.5301
3.31e-11	-22.5981	11.7953	49.1964
3.32e-11	-38.2222	14.1616	11.2468
3.33e-11	-0.508052	-9.34452	38.603
3.34e-11	7.73383	21.2822	26.9695
3.35e-11	23.119	20.1432	7.54896
3.36e-11	-3.73127	-18.1064	3.84623
3.37e-11	2.08935	-8.13106	12.4708
3.38e-11	11.7897	-11.4005	-16.5887
3.39e-11	11.8525	12.0426	10.64
3.4e-11	-17.534	19.6531	22.1046
3.41e-11	-31.5301	-5.67954	11.7656
3.42e-11	-20.8281	-10.5145	10.3006
3.43e-11	20.4252	25.2749	39.2094
3.44e-11	29.0122	36.276	17.5598
3.45e-11	17.4116	9.72731	8.12325
3.46e-11	48.9172	4.13584	19.2949
3.47e-11	-8.10138	5.08028	-1.55044
3.48e-11	-26.7623	15.8363	-21.92
3.49e-11	12.7176	10.3527	-45.3189
3.5e-11	3.29737	17.0749	-5.79224
3.51e-11	21.3546	-11.1716	12.7784
3.52e-11	35.5809	-21.4516	-15.0268
3.53e-11	7.74864	-12.6	-35.6237
3.54e-11	-25.5168	-0.43211	-0.30912
3.55e-11	-9.20267	4.91014	23.761
3.56e-11	10.9423	-13.7217	-0.572843
3.57e-11	16.4275	-34.988	-33.3058
3.58e-11	-14.6138	8.28571	8.20312
3.59e-11	-29.2753	35.3243	0.924337
3.6e-11	6.28377	2.24802	4.64177
3.61e-11	57.9026	-27.9384	-1.1529
3.62e-11	11.4806	-18.7955	-4.3477
3.63e-11	-13.4406	20.0827	4.19303
3.64e-11	-3.07036	23.2722	-29.5997
3.65e-11	0.76393	22.1229	-9.90617
3.66e-11	-13.8446	-16.188	-15.1969
3.67e-11	-16.7107	4.28489	31.595
3.68e-11	2.8403	11.2394	-25.384
3.69e-11	-5.21135	6.5718	-23.913
3.7e-11	10.8383	-14.778	25.9879
3.71e-11	-9.23149	-9.17363	10.4098
3.72e-11	-13.1954	0.719432	-17.3763
3.73e-11	-13.0193	-2.73527	-1.24132
3.74e-11	33.6269	-8.86692	23.6558
3.75e-11	-29.1688	22.7653	21.5768
3.76e-11	6.54658	12.8855	-6.05329
3.77e-11	23.2671	-28.4179	-9.18708
3.78e-11	-1.21187	-46.128	-49.4779
3.79e-11	-2.15003	4.74325	8.49639
3.8e-11	-2.55331	-0.357167	31.6462
3.81e-11	13.4612	-15.3763	22.4847
3.82e-11	-33.3691	-31.0868	6.52981
3.83e-11	-1.51232	21.2941	-5.02242
3.84e-11	41.8136	7.16203	10.6858
3.85e-11	30.86	-23.3694	41.2452
3.86e-11	4.07951	1.31215	-20.7887
3.87e-11	-15.9134	20.8304	-1.45949
3.88e-11	-15.3972	-10.7259	6.34056
3.89e-11	-15.7943	30.0999	11.7531
3.9e-11	-13.9151	-22.2558	-7.04191
3.91e-11	21.3782	10.2476	1.19979
3.92e-11	9.01168	26.1648	3.64595
3.93e-11	9.01864	34.2526	18.2286
3.94e-11	-4.40531	17.3227	39.5338
3.95e-11	7.4992	-3.64934	-31.6069
3.96e-11	21.0584	-4.33385	-16.2719
3.97e-11	-20.9577	21.4742	-19.6067
3.98e-11	0.949425	14.9688	-3.85556
3.99e-11	-8.3925	-21.96	6.7334
4e-11	8.37449	50.4558	-27.1334
4.01e-11	-3.88383	1.51998	-18.9844
4.02e-11	12.5644	13.7815	3.22504
4.03e-11	3.67794	-13.9127	15.5282
4.04e-11	-20.3926	3.60723	-8.80165
4.05e-11	-9.38939	11.6584	8.1348
4.06e-11	7.6512	-38.8354	-10.8295
4.07e-11	31.5958	-0.951407	14.8378
4.08e-11	-10.922	-54.3322	7.60645
4.09e-11	6.47976	-14.0976	-4.64327
4.1e-11	22.863	-23.5503	46.8752
4.11e-11	-24.6102	-2.17875	-0.815358
4.12e-11	14.366	21.0995	-16.4813
4.13e-11	-24.1224	-8.26691	-7.73984
4.14e-11	-11.7318	10.7542	7.85707
4.15e-11	1.72204	-9.17877	-17.5723
4.16e-11	-22.8905	-8.46233	8.07795
4.17e-11	-3.86888	11.2721	8.95787
4.18e-11	-3.21229	27.6678	6.4868
4.19e-11	-11.2839	13.9071	-0.186654
4.2e-11	-0.448963	-1.26518	-25.4595
4.21e-11	5.9622	8.45572	-10.2583
4.22e-11	-22.8764	-2.39933	-24.6551
4.23e-11	27.8929	-5.62747	-11.2275
4.24e-11	13.514	-7.46924	18.4892
4.25e-11	35.2081	-7.2014	19.29
4.26e-11	-16.1879	-13.1604	26.9278
4.27e-11	1.02881	4.83871	-7.75489
4.28e-11	13.2714	-31.3995	-13.4589
4.29e-11	-5.71656	9.18099	2.72485
4.3e-11	36.0151	22.4221	34.5797
4.31e-11	-4.1061	15.8384	-10.9597
4.32e-11	4.13381	2.71627	-21.3298
4.33e-11	9.96583	24.8767	6.29789
4.34e-11	-11.9423	31.8199	-6.52828
4.35e-11	-3.01878	-6.80194	21.6796
4.36e-11	24.4808	-6.71323	-1.95963
4.37e-11	3.47736	-27.0646	1.98115
4.38e-11	-24.6397	6.52943	-27.7535
4.39e-11	-2.83625	-9.84385	10.9454
4.4e-11	29.0769	8.06759	19.2345
4.41e-11	-5.25487	-2.45051	-14.2491
4.42e-11	0.958597	2.76373	11.7695
4.43e-11	7.50871	-14.2185	-8.06972
4.44e-11	3.79262	-24.0324	-11.3996
4.45e-11	-52.7443	-3.23386	1.58921
4.46e-11	19.5761	15.522	-5.65398
4.47e-11	25.2408	18.373	-11.1308
4.48e-11	-0.842295	1.46553	-11.1036
4.49e-11	12.0762	-16.0398	-15.8448
4.5e-11	1.81317	1.16567	16.245
4.51e-11	-22.146	-16.8862	-2.81038
4.52e-11	14.7547	10.7022	10.2641
4.53e-11	-12.9341	6.2085	-33.9161
4.54e-11	-26.9738	14.5074	-25.5828
4.55e-11	14.9736	4.00118	13.5616
4.56e-11	17.2278	19.982	13.0079
4.57e-11	27.1253	14.1657	10.0102
4.58e-11	-8.9608	6.96779	-20.603
4.59e-11	-21.1837	2.36898	9.2872
4.6e-11	9.76371	17.2488	21.3579
4.61e-11	-4.44728	39.0576	-26.1149
4.62e-11	22.8446	3.30913	-4.30254
4.63e-11	-22.6116	-42.7129	12.4529
4.64e-11	-6.84099	7.79529	5.02914
4.65e-11	-5.19069	4.54712	-9.78581
4.66e-11	12.4196	30.2332	4.37607
4.67e-11	3.57876	3.6281	-5.80743
4.68e-11	-16.5531	-1.93592	3.03408
4.69e-11	-9.07495	9.91216	6.95049
4.7e-11	-4.32305	-13.951	16.7079
4.71e-11	11.0066	-12.9049	4.18514
4.72e-11	21.1597	-7.0917	5.66844
4.73e-11	11.8425	23.3348	4.44335
4.74e-11	-8.89016	-11.9018	-4.68246
4.75e-11	-3.50535	19.4657	27.8929
4.76e-11	23.8567	-3.79299	29.3161
4.77e-11	27.0254	-23.6685	8.86457
4.78e-11	-41.03	-20.7461	-32.495
4.79e-11	13.4411	8.54738	16.6533
4.8e-11	-11.8559	6.88139	12.7246
4.81e-11	-21.9904	-29.5916	-20.0962
4.82e-11	-7.98116	16.8291	30.0599
4.83e-11	13.1089	14.3503	8.1812
4.84e-11	5.57094	12.3072	-14.1652
4.85e-11	-20.7592	-5.60698	-2.10505
4.86e-11	11.2721	-11.13	51.5029
4.87e-11	-12.6933	0.656981	-26.3659
4.88e-11	-0.146112	-19.8531	-7.95368
4.89e-11	-18.9561	-12.5963	6.59827
4.9e-11	-43.6914	13.3198	15.9492
4.91e-11	12.8649	-24.0446	-33.5812
4.92e-11	25.9058	4.15413	42.171
4.93e-11	12.2313	-18.8687	-5.7614
4.94e-11	38.2405	-19.3832	7.38005
4.95e-11	-23.0368	7.1362	7.41256
4.96e-11	3.71046	14.6413	4.47783
4.97e-11	-18.2417	-12.5444	-30.5572
4.98e-11	2.26179	-4.14293	59.8888
4.99e-11	13.7744	-6.80768	-14.6975
5e-11	-9.93344	-3.3346	-33.1438
5.01e-11	2.93326	-34.249	23.4455
