Mon Nov 18 17:04:06 2024

<base> : Rectangle : 0m, 0m, 0m; 4um, 50nm, 45nm. Cells : 800, 10, 9. Cellsize : 5nm, 5nm, 5nm
<supermesh> : Rectangle : 0m, 0m, 0m; 4um, 50nm, 45nm. Cells : 800, 10, 9. Cellsize : 5nm, 5nm, 5nm

Saved data (dataname (unit) <meshname> (cells_rectangle)) : 

time (s)	<mxdmdt> (1/s) <base> (2.02um, 0m, 0m; 2.03um, 50nm, 45nm)			<mxdmdt> (1/s) <base> (2.3um, 0m, 0m; 2.31um, 50nm, 45nm)			<mxdmdt> (1/s) <base> (2.6um, 0m, 0m; 2.61um, 50nm, 45nm)			<mxdmdt> (1/s) <base> (3um, 0m, 0m; 3.01um, 50nm, 45nm)			<mxdmdt> (1/s) <base> (3.5um, 0m, 0m; 3.51um, 50nm, 45nm)			

0	-231.974	15126.3	49194.6	-207.074	-39017.5	23716.2	69.6073	-57515.2	-30812.8	1835.91	-3875.17	3337.01	-1599.32	11956.6	-26068.4
5e-12	4.68833e+09	-1.13591e+11	4.35883e+10	-8.4939e+07	-2.45586e+10	-2.1674e+10	-2.46482e+09	-1.94291e+10	3.56168e+10	-4.00866e+09	4.68153e+10	-8.69471e+10	-2.66855e+09	-2.5337e+10	1.79728e+10
1e-11	3.41628e+09	-8.56469e+09	-2.80271e+10	-3.89304e+09	-6.95335e+10	1.55478e+10	-5.65119e+09	-4.93212e+10	9.82676e+09	-3.81949e+09	4.53395e+10	1.96409e+10	-3.59159e+09	-2.10375e+09	5.97566e+10
1.5e-11	2.25871e+10	1.12644e+11	1.1494e+11	-1.32848e+09	7.48344e+10	1.14953e+10	-5.16637e+09	1.64949e+10	9.03416e+09	-5.38775e+09	6.41206e+10	5.80515e+10	-5.23959e+09	-7.30494e+09	6.15089e+10
2e-11	5.0102e+10	-1.70868e+11	1.75295e+11	-6.14263e+08	-1.40372e+11	-4.82307e+10	-7.15421e+09	2.40007e+10	1.56055e+10	-6.21478e+09	-2.48665e+10	8.06497e+10	-4.79408e+09	7.66821e+10	5.8743e+10
2.5e-11	1.92558e+11	-1.31862e+10	-4.49477e+11	6.4248e+09	6.24239e+10	-1.38524e+11	-5.49921e+09	2.44846e+10	-5.0936e+10	-3.76339e+09	-5.94191e+10	-4.42687e+10	-3.68568e+09	2.56704e+10	1.15455e+11
3e-11	2.52261e+11	3.65672e+11	2.10981e+11	5.70929e+10	1.98766e+11	1.87211e+11	-1.31665e+09	8.67203e+10	1.00108e+11	-3.31273e+09	-4.77744e+10	-2.00901e+09	-6.94265e+09	3.93211e+10	-3.64547e+10
3.5e-11	5.77488e+11	-6.03744e+11	1.35142e+11	6.87862e+10	-2.93939e+11	1.20493e+11	2.503e+10	-2.22726e+11	1.34655e+11	-2.25292e+09	8.62308e+10	5.01715e+10	-6.02921e+09	5.68092e+08	3.96549e+10
4e-11	4.7857e+11	2.91801e+11	-3.89786e+11	1.58049e+11	3.81581e+11	-3.02365e+11	1.43688e+10	9.97658e+10	-1.03848e+11	2.08583e+09	-6.79284e+10	7.61897e+10	-7.88583e+09	4.49865e+09	-4.92331e+10
4.5e-11	7.92398e+11	-4.15052e+11	5.15906e+11	1.68977e+11	1.09093e+11	4.72561e+11	9.67072e+10	2.26894e+11	4.47954e+11	-1.91582e+09	-1.29275e+10	-1.04549e+11	-8.47715e+09	-7.96272e+10	3.57795e+10
5e-11	7.24213e+11	-6.7488e+10	-5.69806e+11	2.26163e+11	9.87239e+10	-5.30209e+11	4.6787e+10	-2.66325e+11	-9.48211e+10	3.02619e+10	1.49572e+11	2.36991e+11	-1.82874e+09	2.47972e+10	2.43542e+10
5.5e-11	7.02493e+11	-1.84783e+11	4.72101e+11	2.47181e+11	2.96105e+11	4.88059e+11	9.29283e+10	3.64593e+11	1.96515e+11	2.33208e+10	-2.08779e+11	7.82692e+10	-3.15703e+09	2.72536e+10	-5.48327e+10
6e-11	8.4299e+11	-1.84982e+11	-5.48383e+11	1.3921e+11	-4.8559e+10	-3.19179e+11	1.17382e+11	-4.19951e+11	-2.87658e+09	2.23641e+10	2.0019e+11	7.99357e+10	5.221e+09	7.64644e+10	8.71482e+10
6.5e-11	5.9887e+11	-7.05894e+10	1.87717e+11	2.70016e+11	2.77596e+11	4.72481e+11	4.70361e+10	2.42962e+11	2.11717e+10	3.63403e+10	-2.27355e+11	1.5048e+11	-2.85393e+09	-6.3369e+10	-7.30647e+10
7e-11	8.84599e+11	-4.53293e+10	-4.90488e+11	1.38271e+11	-1.4291e+11	-1.5447e+11	1.13714e+11	-4.24274e+11	1.68932e+11	2.09415e+10	2.0267e+11	-4.75835e+10	4.58862e+09	1.39689e+11	-1.0397e+11
7.5e-11	7.4808e+11	1.43509e+11	-1.1044e+11	1.83693e+11	4.72019e+10	3.83431e+11	3.61427e+10	1.41556e+11	1.14089e+10	2.91344e+10	-1.88575e+11	1.59165e+11	2.98832e+09	-1.63228e+11	1.10065e+11
8e-11	9.49871e+11	3.45717e+11	-9.56497e+10	1.84318e+11	-3.57759e+11	-5.61177e+10	7.47291e+10	-4.52137e+11	-2.37903e+10	1.20634e+10	1.31094e+11	-8.32176e+10	1.12114e+10	1.72278e+11	-1.19256e+11
8.5e-11	9.22226e+11	2.88025e+11	2.01634e+11	1.65932e+11	-3.39621e+11	-4.9055e+10	3.13757e+10	2.38665e+10	-2.02987e+11	2.68393e+10	-2.75061e+11	8.67399e+10	9.28597e+09	-1.0462e+11	1.4605e+11
9e-11	9.04378e+11	2.1338e+10	2.72783e+11	2.01649e+11	-1.48573e+10	-3.16081e+11	6.29683e+10	8.55981e+09	-2.59877e+11	7.01665e+09	1.36985e+10	-1.53899e+11	-2.71633e+09	7.35008e+10	-2.60782e+10
9.5e-11	9.17541e+11	-2.11224e+11	9.27727e+10	1.90034e+11	1.19979e+11	-2.29695e+11	5.55014e+10	2.1654e+11	-6.82496e+10	4.93505e+09	-1.27906e+11	-7.94032e+10	-2.99267e+09	-6.33614e+10	1.21469e+11
1e-10	9.27589e+11	-2.59432e+11	-1.02034e+11	1.87862e+11	2.28058e+11	-9.28569e+10	6.03253e+10	2.92992e+11	5.9587e+10	1.19268e+10	1.35644e+11	-6.41368e+10	-7.14546e+09	-2.4332e+10	-4.51489e+09
1.05e-10	8.95733e+11	-5.00053e+10	-2.31693e+11	2.15456e+11	1.65851e+11	2.33986e+11	5.10203e+10	-8.16728e+09	2.83357e+11	7.8358e+09	1.14455e+11	3.60347e+10	4.07842e+08	-1.50964e+11	-1.69713e+10
1.1e-10	9.113e+11	1.4402e+11	-2.02739e+11	2.09843e+11	-9.20188e+10	1.84297e+11	6.57806e+10	-3.0374e+11	-5.81197e+09	9.18327e+09	-1.22148e+10	9.04006e+10	-3.96563e+09	-1.28055e+11	-6.64487e+10
1.15e-10	9.54905e+11	2.07138e+11	2.23752e+10	2.0109e+11	-2.44182e+11	2.22928e+10	5.84842e+10	-1.96452e+11	1.96915e+10	6.75945e+09	-1.18619e+11	8.37237e+10	-3.72531e+09	7.2717e+09	-4.34867e+10
1.2e-10	9.24311e+11	2.43587e+10	2.85566e+11	1.94885e+11	-2.12699e+11	-2.54121e+11	7.10426e+10	2.63934e+10	-2.28874e+11	5.52412e+09	-5.71998e+10	3.89076e+10	-2.83022e+09	1.13905e+11	-5.0597e+10
1.25e-10	9.56225e+11	-1.03167e+11	3.08949e+11	2.00706e+11	1.08032e+11	-1.74287e+11	5.53555e+10	1.83068e+11	-1.61815e+11	1.31179e+10	-4.02513e+10	-1.92088e+11	-2.20759e+09	5.90565e+10	7.89718e+10
1.3e-10	8.57419e+11	-2.41667e+11	-5.48517e+10	1.98457e+11	2.22935e+11	-1.7157e+11	5.35515e+10	1.54161e+11	1.28964e+10	1.00974e+10	1.00058e+11	-1.0508e+11	-6.31184e+09	-2.25637e+10	1.36694e+11
1.35e-10	9.18166e+11	-1.86116e+11	-2.18527e+11	1.99487e+11	1.84016e+11	2.61235e+11	6.56843e+10	6.90294e+10	1.89238e+11	7.62796e+09	1.21718e+11	-3.15544e+10	-6.73238e+08	-1.06498e+11	7.59964e+10
1.4e-10	8.79272e+11	9.47921e+10	-2.31732e+11	2.01428e+11	-2.87849e+10	3.16102e+11	5.18525e+10	-1.43334e+11	2.14399e+11	1.22744e+10	7.67385e+10	1.76355e+11	-5.12702e+09	-8.94197e+10	-2.37101e+10
1.45e-10	9.15625e+11	2.58411e+11	-2.20825e+10	2.2886e+11	-1.85357e+11	1.4119e+11	5.9777e+10	-3.38176e+11	7.12057e+10	1.5199e+10	-1.24172e+11	1.48153e+11	-6.64712e+09	2.7398e+10	-9.93041e+10
1.5e-10	9.32752e+11	2.93109e+11	1.99896e+11	2.03081e+11	-3.09379e+11	-1.27758e+11	6.07358e+10	-1.62267e+11	-1.98227e+11	8.89169e+09	-9.41333e+10	5.17621e+10	-2.49524e+09	4.73489e+10	2.22465e+10
1.55e-10	9.45147e+11	-1.04016e+11	3.44664e+11	2.12259e+11	-1.03317e+11	-2.0881e+11	5.53839e+10	2.20793e+11	-1.95008e+11	4.6048e+09	-7.36983e+10	-1.33895e+11	-5.49255e+09	3.59976e+10	-3.37102e+10
1.6e-10	9.41653e+11	-2.38866e+11	6.60924e+10	2.19224e+11	2.89509e+11	-2.14929e+11	6.53176e+10	2.37331e+11	-6.88752e+10	4.74361e+09	-4.67892e+09	-1.00315e+11	1.17856e+09	2.42379e+10	1.04494e+11
1.65e-10	9.11836e+11	-3.02521e+11	-2.76192e+11	2.05044e+11	2.62559e+11	1.24877e+11	6.07933e+10	1.13777e+11	1.75777e+11	6.57813e+09	6.77538e+10	-7.51764e+10	-5.54833e+08	-2.74747e+10	4.83541e+10
1.7e-10	8.84309e+11	7.79232e+09	-2.85677e+11	2.03686e+11	1.10953e+11	1.68067e+11	4.11378e+10	-5.90089e+10	2.41178e+11	6.84883e+09	7.41512e+10	5.36786e+09	-3.67995e+09	-1.18818e+11	3.88994e+10
1.75e-10	9.42065e+11	2.70791e+11	-8.92128e+10	1.80648e+11	-1.89205e+11	2.13125e+11	7.00588e+10	-1.67731e+11	6.39219e+10	1.39274e+09	-3.41277e+10	9.57661e+10	-3.59306e+09	-3.4243e+10	-1.08618e+11
1.8e-10	8.79479e+11	2.05643e+11	9.95659e+10	2.03988e+11	-2.73293e+11	-4.07101e+10	5.42823e+10	-6.09743e+10	-2.23998e+11	1.98534e+10	-1.33271e+11	1.46213e+11	-1.60331e+09	1.20152e+11	2.20784e+09
1.85e-10	9.95275e+11	7.75035e+10	3.00748e+11	1.99374e+11	-9.69967e+10	-1.65918e+11	6.1767e+10	-1.85621e+10	-2.87386e+11	1.0076e+10	-2.23655e+11	1.85898e+10	-2.57063e+07	7.75539e+10	5.88724e+10
1.9e-10	9.27379e+11	-2.01511e+11	2.1369e+11	2.01112e+11	1.13206e+11	-3.02159e+11	4.15279e+10	1.19829e+11	-9.77356e+10	7.51711e+09	-1.18796e+11	-1.06219e+11	-4.01632e+08	5.92635e+10	8.27682e+09
1.95e-10	9.38801e+11	-3.99901e+11	-2.09615e+10	2.04523e+11	2.91356e+11	-6.78552e+10	5.21572e+10	2.23948e+11	3.60314e+10	8.20702e+09	6.98291e+10	-1.04976e+11	-4.42205e+09	3.80631e+10	9.27681e+10
2e-10	9.21268e+11	-8.18962e+10	-2.76389e+11	2.1379e+11	1.84085e+11	1.7781e+11	5.75481e+10	5.32116e+10	1.67038e+11	7.36974e+09	1.70851e+11	-1.03934e+11	-9.82605e+08	-7.31885e+10	-6.33872e+10
2.05e-10	9.04846e+11	1.72061e+11	-2.00392e+11	2.14591e+11	-8.68833e+10	1.59836e+11	5.66565e+10	-2.27717e+11	8.57951e+10	5.27865e+09	1.72097e+11	9.9796e+10	5.64592e+08	5.44401e+09	-5.4648e+10
2.1e-10	9.18542e+11	2.53806e+11	-2.13787e+11	1.99239e+11	-2.02349e+11	6.7491e+10	5.93666e+10	-2.50052e+11	-1.29558e+10	1.05043e+10	-4.97514e+10	1.8731e+11	-6.70985e+09	1.20311e+11	-2.39634e+10
2.15e-10	9.487e+11	1.72585e+11	1.03751e+11	2.01239e+11	-2.62214e+11	-1.95371e+10	5.60397e+10	-1.36169e+11	-1.72098e+11	1.4428e+10	-1.34498e+11	-2.06507e+10	5.80348e+08	4.99303e+10	-4.73403e+10
2.2e-10	9.0746e+11	-1.15084e+11	2.59766e+11	2.28027e+11	-8.82558e+10	-3.04935e+11	4.66516e+10	7.67507e+10	-1.31035e+11	1.15279e+10	-1.29582e+11	-1.37542e+11	5.01499e+08	1.21053e+11	5.91236e+10
2.25e-10	8.75966e+11	-3.79887e+11	7.14124e+10	1.90207e+11	1.49353e+11	-1.45269e+11	6.4284e+10	1.99583e+11	-1.39611e+11	1.25611e+10	-1.28736e+11	-3.90031e+10	-3.47321e+09	3.18888e+09	3.95549e+10
2.3e-10	9.02875e+11	-2.65512e+11	-1.23813e+11	2.09055e+11	2.58363e+11	6.74039e+10	6.30934e+10	9.79172e+10	1.49486e+11	7.58984e+09	-2.77651e+09	-4.00644e+10	-4.53598e+09	-8.6771e+10	4.0579e+10
2.35e-10	9.50231e+11	2.33777e+10	-3.74023e+11	1.80469e+11	1.84485e+11	2.98819e+11	7.21217e+10	-7.31046e+10	1.815e+11	1.14837e+10	1.09312e+11	1.07574e+11	7.56191e+08	-1.37138e+11	6.53216e+10
2.4e-10	8.97707e+11	2.08194e+11	-1.33848e+11	2.22386e+11	-2.19912e+11	2.67715e+11	4.18975e+10	-2.85494e+11	4.86281e+10	1.28643e+10	2.8591e+10	1.85616e+11	-3.55096e+09	2.85014e+09	-7.46186e+10
2.45e-10	9.19044e+11	2.29023e+11	1.87656e+11	1.91394e+11	-2.33928e+11	-1.18501e+11	6.50442e+10	-2.55746e+11	-1.16465e+11	7.20833e+09	-8.76124e+10	1.71191e+11	-2.12579e+09	5.37509e+10	-7.82538e+10
2.5e-10	9.10112e+11	-9.04115e+10	2.58848e+11	1.84748e+11	-1.23388e+11	-2.35158e+11	5.03671e+10	-4.72793e+10	-1.26003e+11	8.13852e+09	-1.73012e+11	-1.91025e+09	-5.46078e+09	2.68578e+10	4.70892e+08
2.55e-10	9.36219e+11	-2.68744e+11	2.2733e+11	1.93231e+11	1.50755e+11	-2.05893e+11	5.02384e+10	9.36385e+10	-4.0696e+10	1.06992e+10	7.26694e+10	-1.08747e+11	-6.37664e+09	-3.57368e+10	3.86463e+10
2.6e-10	9.15485e+11	-3.16893e+11	-6.6679e+10	2.12894e+11	3.32865e+11	-9.06953e+10	5.70035e+10	4.51959e+10	1.05012e+11	1.30284e+10	5.37171e+10	-9.35954e+10	-1.26279e+09	-1.19248e+10	2.23136e+10
2.65e-10	9.46813e+11	-1.91826e+11	-2.08819e+11	2.07385e+11	2.10419e+11	8.9776e+10	5.97618e+10	5.14109e+10	1.79683e+11	9.36803e+09	1.38262e+11	-6.94693e+10	-4.12931e+09	-7.4549e+10	-3.39577e+09
2.7e-10	9.25843e+11	1.4549e+11	-2.46709e+11	2.022e+11	-6.96711e+09	3.07773e+11	4.9287e+10	-6.95763e+10	1.47072e+11	2.75139e+09	3.26357e+10	7.04423e+10	-2.35227e+09	-1.074e+11	-4.19039e+10
2.75e-10	9.44705e+11	3.05506e+11	7.00439e+10	2.07764e+11	-3.59406e+11	2.24905e+10	6.14226e+10	-1.3357e+11	1.02172e+11	1.10527e+10	1.2591e+10	1.22948e+11	-4.85835e+09	4.45872e+10	-9.22782e+10
2.8e-10	9.35746e+11	1.07442e+11	2.31908e+11	2.05244e+11	-2.26397e+11	-1.77036e+11	5.96679e+10	-1.08288e+11	-2.51366e+11	3.92388e+09	-1.32759e+11	6.22595e+10	-4.56146e+09	3.64195e+10	-3.97772e+10
2.85e-10	9.08902e+11	-1.77832e+11	2.16343e+11	1.87611e+11	3.14801e+10	-2.45122e+11	5.90596e+10	1.39775e+11	-1.47464e+11	9.02622e+09	-4.83902e+10	-1.71183e+11	-4.89872e+09	1.38672e+10	-2.46893e+08
2.9e-10	9.43444e+11	-2.25282e+11	-4.24841e+10	2.09964e+11	3.24307e+11	-1.79521e+10	7.12373e+10	2.38894e+11	5.02531e+10	6.34313e+09	7.94325e+10	-9.40839e+10	-5.02885e+09	6.33091e+10	6.93482e+10
2.95e-10	8.96131e+11	-1.19884e+11	-3.05009e+11	1.98038e+11	2.60506e+11	1.53888e+11	4.62896e+10	2.43864e+10	1.79609e+11	8.64593e+09	1.27991e+11	-7.59156e+10	-8.70327e+08	-1.26765e+11	6.49643e+08
3e-10	8.75213e+11	1.1046e+11	-2.94123e+11	2.15663e+11	5.76553e+10	3.37723e+11	6.08478e+10	-1.42826e+11	1.70553e+11	6.73032e+09	6.53445e+10	3.06305e+10	6.50795e+08	-9.88648e+10	-1.75956e+10
3.05e-10	9.76769e+11	2.79954e+11	-2.44809e+10	2.17056e+11	-1.86024e+11	1.20326e+11	7.08973e+10	-2.25122e+11	2.5655e+10	7.56328e+09	2.54172e+09	1.30158e+11	-2.87901e+09	-5.07194e+10	-1.0928e+11
3.1e-10	9.32514e+11	1.53073e+11	1.62028e+11	2.0109e+11	-2.59833e+11	-1.02448e+11	6.47103e+10	-1.80672e+11	-1.67421e+11	1.11456e+10	-8.89281e+10	2.79744e+10	-1.54956e+09	4.78095e+10	-1.17665e+11
3.15e-10	9.42556e+11	-8.38898e+10	2.19354e+11	1.91137e+11	-7.61064e+10	-3.02808e+11	5.50418e+10	3.21606e+10	-1.66725e+11	7.26529e+09	-1.269e+11	-8.90803e+10	9.95656e+08	8.60879e+10	6.49192e+10
3.2e-10	9.26962e+11	-2.82195e+11	1.45125e+11	2.0783e+11	1.0867e+11	-1.78175e+11	5.78372e+10	1.91767e+11	-1.03736e+11	6.91186e+09	-1.37407e+10	-1.33768e+11	2.82209e+09	1.17506e+10	7.27544e+10
3.25e-10	9.56011e+11	-3.5724e+11	-1.68034e+11	2.12965e+11	2.90807e+11	1.10036e+11	6.54978e+10	2.0326e+11	2.15646e+11	6.81719e+09	1.15392e+11	-1.16908e+11	-1.16839e+09	4.95786e+09	1.05809e+11
3.3e-10	8.85343e+11	7.57973e+10	-3.71904e+11	2.10453e+11	7.22671e+10	2.97469e+11	5.9037e+10	-1.16827e+11	1.59791e+11	9.57572e+09	9.4359e+10	8.8672e+09	-7.44305e+09	-1.04727e+11	-1.07754e+10
3.35e-10	9.29606e+11	2.45208e+11	-2.43965e+11	2.04842e+11	-1.40049e+11	2.22119e+11	6.75619e+10	-2.44566e+11	-6.75618e+09	1.41294e+10	8.39149e+10	1.17449e+11	-1.39601e+09	5.66785e+10	5.59153e+08
3.4e-10	9.25207e+11	2.30408e+11	7.3298e+10	1.96382e+11	-2.3012e+11	1.36746e+10	6.97471e+10	-1.50022e+11	-1.282e+11	2.44489e+09	-1.66573e+11	3.73478e+10	1.49041e+08	8.65725e+10	-6.57278e+10
3.45e-10	8.88514e+11	1.33243e+10	3.25897e+11	2.181e+11	-1.57073e+11	-2.04564e+11	5.51927e+10	4.68866e+10	-2.3134e+11	3.84332e+09	-1.71587e+11	-7.56337e+10	5.00579e+09	7.90787e+10	9.57475e+09
3.5e-10	8.7395e+11	-1.91887e+11	2.42504e+11	2.05673e+11	6.28564e+10	-2.84557e+11	5.66e+10	1.20356e+11	-8.2903e+10	7.66851e+09	-4.19336e+10	-4.85787e+10	5.59369e+08	1.37923e+11	1.0477e+11
3.55e-10	9.16894e+11	-3.43768e+11	-2.57839e+10	2.09798e+11	2.73943e+11	-4.12279e+10	6.18113e+10	2.08521e+11	3.07122e+10	9.78748e+09	6.08994e+10	-7.20843e+10	-5.50939e+08	-1.43593e+10	1.00899e+11
3.6e-10	9.18126e+11	-8.82581e+10	-2.19729e+11	1.75817e+11	2.67617e+11	1.4308e+11	5.48369e+10	4.96944e+10	1.1329e+11	1.06942e+10	1.74877e+11	-5.3154e+10	5.12444e+09	-1.48639e+11	6.68674e+10
3.65e-10	8.97946e+11	6.91344e+10	-2.23371e+11	1.87539e+11	2.87485e+10	2.55387e+11	5.80587e+10	-1.09044e+11	2.30921e+11	2.17956e+09	1.1814e+11	8.87698e+10	-4.56712e+09	-9.72415e+10	-8.55532e+10
3.7e-10	9.25658e+11	2.43943e+11	-4.90069e+10	1.88344e+11	-1.11251e+11	1.14285e+11	5.83253e+10	-2.08976e+11	1.69377e+11	3.5663e+09	-5.23711e+10	9.4155e+10	-4.1383e+09	-3.60244e+10	-8.79993e+10
3.75e-10	8.9942e+11	2.31729e+11	1.35052e+11	1.98102e+11	-2.7784e+11	-1.07979e+11	6.27307e+10	-9.36501e+10	-1.8631e+11	5.99199e+09	-2.00327e+11	8.00844e+10	-5.0422e+09	1.24584e+11	4.18698e+10
3.8e-10	8.80853e+11	-8.55615e+10	2.58361e+11	1.85906e+11	-8.12628e+10	-2.29742e+11	5.91714e+10	1.86235e+11	-1.60448e+11	7.67164e+09	-8.43035e+10	-1.0783e+11	-3.21806e+09	1.40702e+11	1.45274e+10
3.85e-10	9.15704e+11	-2.63354e+11	1.61432e+11	2.13191e+11	1.80974e+11	-2.50662e+11	5.73997e+10	2.27083e+11	1.65433e+10	6.31073e+09	-3.34136e+10	-1.94337e+11	-5.55737e+09	-4.54179e+10	1.54535e+11
3.9e-10	9.27125e+11	-2.17058e+11	-1.08033e+11	1.97534e+11	3.02094e+11	-5.15221e+10	6.38966e+10	1.52475e+11	2.06939e+11	7.49368e+09	8.13123e+10	-1.17089e+11	-2.16604e+09	-3.67109e+10	-6.25299e+09
3.95e-10	8.85416e+11	-7.70126e+10	-2.92666e+11	2.23229e+11	2.13996e+11	2.6377e+11	6.21044e+10	2.43516e+10	1.9031e+11	1.00311e+10	1.38059e+11	1.59403e+10	-7.74667e+08	-1.49467e+11	-5.12912e+10
4e-10	9.00536e+11	2.37866e+11	-2.3394e+11	1.86064e+11	-6.55714e+10	2.53585e+11	5.49483e+10	-1.75325e+11	8.56088e+10	7.21356e+09	7.64111e+10	8.72317e+10	-2.41757e+09	-4.54956e+10	-3.52201e+10
4.05e-10	9.39045e+11	2.1972e+11	2.40437e+10	1.7546e+11	-2.10335e+11	4.98956e+10	5.01245e+10	-1.41322e+11	-3.67942e+10	3.79297e+09	-1.46293e+11	5.01191e+10	-7.93964e+08	1.57156e+10	-1.62069e+10
4.1e-10	9.09269e+11	2.0973e+11	1.97342e+11	2.03042e+11	-1.90621e+11	-5.89824e+10	5.6181e+10	1.15231e+10	-1.15972e+11	5.77432e+09	-1.42601e+11	7.49437e+10	5.54048e+09	1.69795e+11	-8.91314e+10
4.15e-10	9.12149e+11	-1.51009e+11	2.38029e+11	2.08313e+11	-3.76939e+10	-2.47337e+11	4.76815e+10	2.05251e+11	-1.23024e+11	7.09958e+09	-1.23023e+11	7.8515e+07	-2.11832e+09	6.71974e+10	5.343e+10
4.2e-10	8.87743e+11	-3.21511e+11	5.21476e+10	1.85659e+11	1.96419e+11	-1.42399e+11	6.03252e+10	1.73048e+11	1.43263e+10	9.45299e+09	6.27962e+10	-8.69201e+10	-9.22457e+09	-7.99559e+10	1.53514e+10
