Sun Nov 17 13:43:43 2024

<base> : Rectangle : 0m, 0m, 0m; 4um, 50nm, 100nm. Cells : 800, 10, 20. Cellsize : 5nm, 5nm, 5nm
<supermesh> : Rectangle : 0m, 0m, 0m; 4um, 50nm, 100nm. Cells : 800, 10, 20. Cellsize : 5nm, 5nm, 5nm

Saved data (dataname (unit) <meshname> (cells_rectangle)) : 

time (s)	<mxdmdt> (1/s) <base> (2.02um, 0m, 0m; 2.03um, 50nm, 100nm)			<mxdmdt> (1/s) <base> (2.3um, 0m, 0m; 2.31um, 50nm, 100nm)			<mxdmdt> (1/s) <base> (2.6um, 0m, 0m; 2.61um, 50nm, 100nm)			<mxdmdt> (1/s) <base> (3um, 0m, 0m; 3.01um, 50nm, 100nm)			<mxdmdt> (1/s) <base> (3.5um, 0m, 0m; 3.51um, 50nm, 100nm)			

0	311.535	8032.84	31080	260.437	220.848	3944.71	-435.009	-20511.5	-67722	334.317	39274.9	-25820.9	-54.6408	-39838.4	-29236.6
5e-12	-6.81788e+08	-2.46309e+10	-2.21983e+10	-3.44363e+09	1.67315e+10	-2.12924e+10	-2.63589e+09	4.25508e+10	-3.66271e+10	-2.31515e+09	-9.35071e+09	-1.88741e+10	-3.4029e+09	5.15751e+10	7.64684e+09
1e-11	-1.85415e+09	4.13842e+09	-5.30078e+10	-3.12725e+09	5.6878e+09	-1.81623e+10	-3.246e+09	3.4758e+10	1.6254e+10	-3.8012e+09	-1.64344e+10	-9.05918e+09	-5.38197e+09	1.78782e+10	-4.77619e+09
1.5e-11	7.89834e+09	5.23988e+10	-5.52763e+10	-3.30866e+09	6.88607e+09	1.27994e+11	-3.81457e+09	5.27265e+10	2.87193e+10	-5.12516e+09	-2.31142e+10	1.03548e+09	-5.83992e+09	-1.68528e+09	2.29148e+10
2e-11	1.43657e+10	1.4274e+11	-1.58064e+10	-4.64634e+09	4.951e+10	1.31677e+11	-6.64448e+09	1.07555e+10	1.52866e+10	-6.99911e+09	-1.45597e+10	-6.25605e+10	-6.2128e+09	1.0519e+10	1.01919e+10
2.5e-11	5.29268e+09	4.12143e+10	-4.1967e+10	-1.14518e+09	-7.47799e+10	1.83904e+10	-5.98848e+09	7.42043e+09	1.94885e+10	-3.6269e+09	-1.37435e+10	-8.42351e+09	-4.01518e+09	3.56323e+10	-6.02684e+10
3e-11	8.92102e+09	2.67936e+10	4.34806e+10	-3.80699e+09	-8.05441e+09	5.43507e+10	-3.76067e+09	-4.30779e+10	-5.92849e+10	-5.77083e+09	2.6708e+10	-1.27471e+10	-5.35516e+09	-2.13886e+10	2.48835e+10
3.5e-11	3.91443e+10	1.09483e+11	-2.4007e+09	-3.0839e+09	-2.75744e+10	3.51886e+10	-6.72075e+09	4.17258e+08	-7.10693e+10	-5.06432e+09	5.43642e+10	-5.32102e+09	-7.67899e+09	-2.89421e+10	7.68535e+09
4e-11	6.05837e+10	1.29663e+11	6.74489e+10	4.62951e+09	-6.87951e+10	1.05974e+11	-5.03564e+09	-4.11698e+10	6.37479e+09	-3.78073e+09	4.43546e+10	5.17735e+10	-3.24043e+09	-2.39244e+10	-2.50334e+10
4.5e-11	9.38111e+10	1.7451e+11	3.03146e+10	1.74914e+10	-8.91418e+10	5.7574e+10	-5.28431e+09	-2.09718e+10	-4.89302e+10	-6.2072e+09	-2.93644e+10	2.81358e+10	-7.01455e+09	-1.35568e+10	2.82183e+10
5e-11	1.44779e+11	2.12437e+11	1.16723e+11	1.51694e+10	-1.29996e+11	3.35647e+10	-3.70946e+09	-3.16341e+10	-4.54849e+10	-6.12072e+09	-3.31522e+10	-2.49198e+10	-6.77843e+09	-5.10237e+09	-2.30272e+09
5.5e-11	1.76075e+11	1.50267e+11	2.26733e+11	3.49807e+10	-1.88592e+11	-2.2223e+09	3.70262e+09	-7.66987e+10	-8.62327e+10	-4.87162e+09	1.14343e+10	8.08891e+10	-4.97319e+09	-1.48245e+10	-3.19857e+10
6e-11	2.28472e+11	4.41015e+10	2.02942e+11	4.5605e+10	-1.72549e+11	-3.93264e+10	7.53616e+09	-4.22743e+10	-1.48144e+11	-2.9127e+09	-5.21144e+10	7.17825e+10	-5.94601e+09	2.32371e+10	7.90005e+09
6.5e-11	2.61257e+11	-1.42022e+11	2.28322e+11	6.12615e+10	-1.71389e+11	-1.59287e+11	1.13369e+10	4.77929e+10	-8.15039e+10	-5.8958e+09	-4.96529e+10	2.24392e+10	-5.03353e+09	2.6835e+10	5.65014e+10
7e-11	2.71181e+11	-2.10072e+11	1.8667e+11	7.31557e+10	-7.3649e+10	-2.3727e+11	1.30869e+10	9.10081e+10	-1.51098e+11	-7.28632e+08	-2.16764e+10	2.18419e+10	-6.83427e+09	-7.93699e+09	1.01185e+10
7.5e-11	2.87505e+11	-2.93701e+11	3.25135e+10	7.64877e+10	5.33701e+10	-2.53645e+11	1.42172e+10	1.28591e+11	-1.12664e+11	-4.73445e+08	-9.745e+10	-2.60747e+10	-4.28687e+09	-6.47414e+10	1.104e+10
8e-11	3.10932e+11	-2.82183e+11	-1.09161e+11	7.96717e+10	1.86455e+11	-1.21203e+11	2.21374e+10	1.64739e+11	2.17276e+10	3.7343e+09	-1.34042e+11	-4.8126e+10	-5.1048e+09	-7.69188e+10	-7.38871e+09
8.5e-11	3.03019e+11	-6.95227e+10	-2.25347e+11	9.32204e+10	1.8665e+11	-2.96554e+10	3.73055e+10	1.70055e+11	8.8674e+10	5.12784e+09	-1.18777e+11	-1.36125e+11	-5.20117e+08	-5.87214e+10	-2.21375e+10
9e-11	3.44241e+11	6.12956e+10	-2.16511e+11	9.9296e+10	2.01058e+11	1.78648e+11	2.83275e+10	-7.65798e+10	2.02554e+11	4.98101e+09	-6.05918e+10	-5.9991e+10	-5.15859e+09	-2.42807e+10	-2.10579e+10
9.5e-11	3.48253e+11	2.1076e+11	-2.2182e+11	9.83979e+10	1.27044e+11	2.11835e+11	2.43461e+10	-5.5241e+10	1.07849e+11	4.86429e+09	1.04281e+11	-1.13143e+11	-6.17071e+09	6.95129e+10	-7.08124e+10
1e-10	3.02627e+11	2.04351e+11	3.64421e+10	1.06195e+11	-8.18828e+10	2.55859e+11	2.90935e+10	-1.38593e+11	5.00147e+10	-1.25462e+09	3.22202e+10	-4.15648e+10	-5.64412e+09	3.1861e+10	-1.11008e+10
1.05e-10	3.26632e+11	2.15523e+11	1.43227e+11	1.25994e+11	-2.2275e+11	9.11508e+10	3.76501e+10	-2.03435e+11	-8.07236e+10	2.96108e+09	5.80019e+10	4.63783e+10	-2.07801e+09	4.85099e+10	4.41027e+10
1.1e-10	3.18997e+11	9.15451e+10	2.47341e+11	1.10226e+11	-2.90778e+11	6.60569e+10	3.98138e+10	-1.12209e+11	-1.61217e+11	8.87267e+09	-8.30041e+09	8.95257e+10	-4.15142e+09	4.82438e+10	-1.8071e+10
1.15e-10	3.3271e+11	-1.01368e+11	2.51657e+11	1.08529e+11	-2.1916e+11	-1.55385e+11	4.21801e+10	1.80821e+10	-1.49488e+11	4.09928e+09	-4.17064e+10	1.44118e+11	-2.97819e+09	6.81379e+10	3.97027e+09
1.2e-10	3.15395e+11	-2.83549e+11	1.64087e+11	1.0532e+11	-9.38196e+10	-1.96262e+11	3.80671e+10	1.41312e+11	-8.16579e+10	6.045e+08	-6.06774e+10	2.21535e+10	-5.72861e+09	2.61685e+10	5.03493e+10
1.25e-10	3.31641e+11	-2.17009e+11	-4.62082e+09	1.01555e+11	9.35871e+10	-2.0367e+11	3.30967e+10	1.79986e+11	-8.61695e+10	7.78356e+09	-1.1563e+11	-2.85059e+10	-2.87498e+09	-7.03437e+10	2.01443e+10
1.3e-10	2.88847e+11	-1.94676e+11	-1.75167e+11	1.18903e+11	2.22664e+11	-9.69794e+10	3.79651e+10	1.70871e+11	1.52146e+11	1.09513e+10	-1.30067e+11	-1.05192e+11	-4.35017e+09	1.0998e+10	-1.53377e+10
1.35e-10	3.13313e+11	-4.01335e+09	-2.97844e+11	9.12467e+10	2.34929e+11	9.34846e+09	4.30158e+10	8.21673e+10	1.63576e+11	2.7205e+09	1.01291e+10	-1.36318e+11	-8.86966e+08	-7.09017e+10	-6.48077e+10
1.4e-10	3.19802e+11	1.35337e+11	-2.44727e+11	9.30513e+10	1.98627e+11	1.5239e+11	3.84271e+10	3.10581e+09	1.88363e+11	4.19596e+09	4.09975e+10	-9.48358e+10	-3.15937e+09	1.5863e+10	-4.87925e+10
1.45e-10	3.28246e+11	2.39186e+11	-1.62354e+11	1.02504e+11	4.08866e+10	2.76145e+11	3.01424e+10	-2.03243e+11	1.26524e+11	8.19178e+09	1.17447e+11	-5.36258e+10	9.12175e+08	4.15771e+10	-1.03597e+11
1.5e-10	3.55928e+11	3.34887e+11	2.51797e+10	1.00967e+11	-1.40523e+11	1.76818e+11	2.77785e+10	-1.59277e+11	1.76123e+10	1.14169e+10	1.24996e+11	3.91454e+10	-2.48051e+09	6.96866e+10	-3.76892e+10
1.55e-10	3.61797e+11	2.63522e+11	1.95932e+11	1.01048e+11	-1.93849e+11	8.52015e+10	3.66448e+10	-1.46239e+11	-8.45005e+10	3.51693e+09	3.11044e+10	1.51971e+11	-8.30156e+08	7.01612e+10	1.09924e+10
1.6e-10	3.39384e+11	-1.08677e+10	2.38205e+11	1.15159e+11	-2.62844e+11	-6.04987e+10	3.37232e+10	-8.38236e+10	-1.44198e+11	-1.06622e+09	-2.3122e+10	6.7804e+10	-1.13628e+09	4.12167e+10	1.81701e+10
1.65e-10	3.03803e+11	-1.33013e+11	2.77129e+11	1.09177e+11	-2.08226e+11	-1.24937e+11	4.22586e+10	5.68821e+09	-2.30231e+11	3.46557e+09	-2.68345e+10	1.05762e+11	-1.27941e+09	2.34657e+10	6.60177e+10
1.7e-10	3.35949e+11	-1.94376e+11	1.23204e+11	1.01592e+11	-2.60142e+10	-2.79329e+11	3.76823e+10	1.705e+11	-1.5032e+11	6.3477e+09	-1.4323e+11	4.75525e+10	-5.67876e+09	-2.0212e+10	4.65234e+10
1.75e-10	3.32789e+11	-2.96043e+11	-6.92447e+10	9.02864e+10	1.30355e+11	-2.17755e+11	3.32728e+10	1.3653e+11	-2.56205e+10	7.02287e+09	-1.4843e+11	-1.53593e+10	-2.96215e+09	-6.14079e+10	4.24131e+10
1.8e-10	3.05653e+11	-2.674e+11	-2.17737e+11	8.88794e+10	2.14434e+11	-1.05718e+11	3.78128e+10	1.56576e+11	1.16681e+11	4.97382e+09	-1.43807e+11	-7.87321e+10	-2.84209e+09	-8.62822e+10	-1.66296e+10
1.85e-10	3.15702e+11	-5.20844e+10	-2.63077e+11	1.01697e+11	2.63838e+11	1.56343e+10	3.59761e+10	8.80126e+10	1.93907e+11	7.88289e+09	-4.93345e+10	-9.84577e+10	-2.3566e+09	-4.58689e+10	-1.74599e+09
1.9e-10	3.37436e+11	9.77109e+10	-2.53056e+11	1.00422e+11	1.77646e+11	1.6006e+11	2.41605e+10	-2.10619e+10	1.42504e+11	4.42286e+09	5.33182e+08	-1.08806e+11	-1.07859e+09	-4.57871e+10	-6.98011e+10
1.95e-10	3.32775e+11	2.8892e+11	-1.56836e+11	9.72359e+10	6.80757e+10	2.07031e+11	2.92504e+10	-1.0035e+11	1.2177e+11	2.84172e+09	1.6911e+11	-6.43408e+10	-2.7558e+09	3.01737e+10	-4.77506e+10
2e-10	3.59068e+11	3.12893e+11	7.15125e+10	9.99178e+10	-1.00269e+11	2.23538e+11	3.55265e+10	-1.93364e+11	5.04518e+10	7.57734e+09	1.13379e+11	3.98752e+10	2.52826e+09	1.09874e+11	-4.22284e+10
2.05e-10	3.47863e+11	2.09639e+11	1.96502e+11	1.0347e+11	-2.37781e+11	5.585e+10	3.05707e+10	-1.50882e+11	-3.34655e+10	5.59123e+09	8.51257e+10	2.63854e+10	-1.97396e+09	2.90581e+10	1.30691e+10
2.1e-10	3.40424e+11	1.28316e+10	2.66613e+11	1.02582e+11	-2.31951e+11	-5.28849e+10	3.23116e+10	-1.90938e+10	-1.9973e+11	8.51264e+09	6.68636e+10	9.08634e+10	4.69369e+08	4.87624e+10	4.33777e+10
2.15e-10	3.28006e+11	-2.09262e+11	2.01329e+11	1.11743e+11	-1.20802e+11	-2.37807e+11	3.69205e+10	4.31316e+10	-1.87612e+11	8.60537e+09	-3.11266e+10	1.28075e+11	-2.88586e+09	-5.5485e+10	8.75046e+09
2.2e-10	3.53456e+11	-2.62952e+11	9.63203e+10	9.97618e+10	-1.82803e+10	-2.44714e+11	3.71439e+10	1.36763e+11	-1.66764e+11	7.17105e+09	-1.22431e+11	5.8105e+10	-1.64958e+09	-1.45143e+10	3.22687e+10
2.25e-10	3.43949e+11	-2.4194e+11	-9.41997e+10	1.13564e+11	1.65812e+11	-2.64423e+11	3.38771e+10	1.92269e+11	-6.15543e+10	9.20545e+09	-1.26092e+11	-4.83246e+10	-4.23261e+09	-7.92615e+09	1.4073e+10
2.3e-10	3.44191e+11	-1.8676e+11	-2.58864e+11	1.05711e+11	2.44188e+11	-2.36685e+10	3.37778e+10	1.06371e+11	1.17568e+11	6.0747e+09	-6.37694e+10	-8.62265e+10	-2.17905e+09	-3.40304e+10	8.0515e+09
2.35e-10	3.67844e+11	2.93079e+10	-3.19724e+11	1.10904e+11	1.93338e+11	9.19301e+10	3.35528e+10	3.27406e+10	2.41169e+11	4.33169e+09	3.28767e+09	-9.28972e+10	-4.30479e+09	-6.59321e+10	-3.01606e+10
2.4e-10	3.56818e+11	2.31738e+11	-1.67281e+11	1.17435e+11	9.31279e+10	2.62409e+11	2.95278e+10	-8.89643e+10	1.79558e+11	9.45528e+09	6.6319e+10	-6.64856e+10	-4.22422e+09	-5.91506e+10	-7.87361e+10
2.45e-10	3.28859e+11	2.59126e+11	-4.65502e+10	1.0677e+11	-4.04464e+09	2.41334e+11	2.28678e+10	-1.24347e+11	7.84556e+10	4.28245e+09	1.36092e+11	5.67449e+09	-3.48444e+09	1.06707e+10	-3.66975e+10
2.5e-10	3.44154e+11	2.29644e+11	1.42352e+11	1.13115e+11	-1.79498e+11	1.83975e+11	2.60768e+10	-1.37886e+11	-3.49051e+10	1.06999e+10	1.20128e+11	1.2703e+11	-3.08064e+09	8.58253e+10	-2.57612e+10
2.55e-10	3.48269e+11	1.7714e+11	2.4295e+11	1.11221e+11	-2.49897e+11	4.20729e+10	3.80828e+10	-1.80555e+11	-1.24164e+11	1.08297e+10	1.0446e+11	1.52617e+11	-3.33676e+09	8.87414e+10	3.22644e+10
2.6e-10	3.59595e+11	-8.96419e+09	3.14662e+11	1.0811e+11	-1.99419e+11	-1.15981e+11	3.39129e+10	2.30624e+09	-2.01832e+11	8.68208e+09	-2.44502e+10	1.39271e+11	-3.68496e+09	6.29071e+09	4.39744e+10
2.65e-10	3.45178e+11	-1.96115e+11	1.96377e+11	1.02568e+11	-2.76881e+10	-2.40647e+11	3.327e+10	1.29849e+11	-1.22381e+11	7.32468e+09	-1.28437e+11	1.38025e+11	-1.16508e+09	-3.524e+10	6.80216e+10
2.7e-10	3.16423e+11	-3.22003e+11	-4.09849e+10	1.02272e+11	4.33639e+10	-2.21766e+11	3.39576e+10	1.53585e+11	-4.85224e+10	5.01669e+09	-2.12699e+11	2.46119e+10	-3.96219e+09	-6.44302e+10	5.28722e+10
2.75e-10	2.78171e+11	-1.82998e+11	-1.46857e+11	9.63995e+10	1.59693e+11	-1.38018e+11	2.52354e+10	1.42353e+11	6.71281e+10	7.49632e+09	-1.21531e+11	-1.17297e+11	3.62961e+08	-1.36458e+11	4.16919e+10
2.8e-10	3.27925e+11	-1.40169e+11	-2.68603e+11	1.12713e+11	1.84263e+11	-2.39194e+10	3.77392e+10	6.21843e+10	1.40736e+11	7.22901e+09	-6.37337e+10	-9.80447e+10	-5.55679e+09	-1.91471e+10	-2.11434e+10
2.85e-10	3.21893e+11	1.08794e+09	-2.75668e+11	9.93719e+10	1.90244e+11	6.63598e+10	2.46592e+10	7.23445e+09	1.60581e+11	5.18211e+09	-7.51511e+09	-1.43771e+11	-2.63006e+09	1.83476e+10	-1.01297e+11
2.9e-10	3.14138e+11	2.06372e+11	-1.43695e+11	1.00723e+11	1.38155e+11	2.03114e+11	3.16898e+10	-5.61594e+10	1.596e+11	9.04851e+09	7.45933e+10	-1.07126e+11	-1.19796e+09	4.71193e+10	-5.59064e+10
2.95e-10	3.18758e+11	2.44769e+11	-1.11661e+11	1.20049e+11	-5.71396e+10	2.54585e+11	2.75641e+10	-1.25937e+11	7.36618e+10	7.05236e+09	7.43665e+10	-2.39779e+10	-3.57529e+09	2.15595e+10	-5.6212e+10
3e-10	3.52359e+11	2.11717e+11	1.36135e+11	1.01896e+11	-1.17599e+11	1.60346e+11	3.79886e+10	-1.82146e+11	-4.88717e+10	4.62662e+09	8.502e+10	1.06317e+11	-4.40252e+09	-7.12453e+09	-6.60564e+10
3.05e-10	3.24408e+11	7.04014e+10	2.54364e+11	9.34786e+10	-2.17668e+11	3.15793e+10	2.86744e+10	-9.90298e+10	-8.42919e+10	3.64483e+09	3.87348e+10	8.30672e+10	-1.73217e+09	7.76061e+10	3.01525e+10
3.1e-10	3.47671e+11	-4.68516e+10	2.75056e+11	1.05545e+11	-2.0641e+11	-1.03388e+11	2.68782e+10	-1.83121e+10	-1.13378e+11	8.04957e+09	-2.10563e+10	1.85954e+11	-2.54047e+09	2.99209e+10	7.11497e+10
3.15e-10	3.44001e+11	-2.41355e+11	2.072e+11	1.05899e+11	-6.47472e+10	-1.77507e+11	2.77473e+10	1.15116e+11	-1.09962e+11	5.13123e+09	-8.26365e+10	3.97107e+10	-8.42735e+08	-3.72094e+10	1.70267e+11
3.2e-10	3.24001e+11	-3.13994e+11	5.44111e+10	1.14092e+11	7.43161e+10	-2.47826e+11	2.41358e+10	1.65529e+11	-4.84491e+10	6.13547e+09	-1.04986e+11	2.92611e+10	-1.7155e+09	-2.15592e+10	-1.08258e+10
3.25e-10	3.2451e+11	-1.9684e+11	-7.84995e+10	1.12376e+11	1.96182e+11	-2.38071e+11	2.49547e+10	1.27014e+11	-5.74685e+09	1.2302e+09	-1.21671e+11	-5.37776e+10	-3.24835e+09	-3.14697e+10	-6.09399e+10
3.3e-10	2.97022e+11	-1.01827e+11	-2.51223e+11	1.09998e+11	1.8753e+11	-4.78477e+10	3.61784e+10	9.7279e+10	1.31901e+11	9.72974e+09	-5.77785e+09	-1.08491e+11	-3.80027e+09	-6.87467e+10	-1.24214e+11
3.35e-10	3.38324e+11	8.88879e+10	-2.82076e+11	1.03455e+11	1.69314e+11	1.23603e+11	3.38279e+10	1.42999e+10	2.08491e+11	6.8408e+09	-3.87728e+10	-1.31836e+11	-5.54266e+09	1.13601e+10	-1.04662e+10
3.4e-10	3.57241e+11	2.16187e+11	-2.21607e+11	1.01173e+11	1.1107e+11	2.39526e+11	2.87681e+10	-8.81339e+10	1.62589e+11	6.08717e+09	4.77104e+10	-1.11273e+11	-1.19742e+08	4.4485e+10	-8.4574e+10
3.45e-10	3.04196e+11	2.7229e+11	-5.55352e+10	1.09626e+11	-6.07914e+10	2.20501e+11	2.96159e+10	-1.4761e+11	8.0819e+10	6.62709e+09	1.38892e+11	-3.87891e+10	-3.09683e+09	6.84605e+10	-3.64865e+10
3.5e-10	3.05899e+11	2.37468e+11	1.06638e+11	1.00406e+11	-1.00445e+11	1.43368e+11	2.70686e+10	-1.64356e+11	-1.67104e+09	6.59275e+09	9.37365e+10	6.03925e+10	-2.69487e+09	2.79181e+10	1.55342e+10
3.55e-10	3.17918e+11	1.37539e+11	2.56706e+11	9.6949e+10	-2.07379e+11	4.73062e+10	3.73269e+10	-1.10028e+11	-1.29637e+11	6.93903e+09	5.34157e+10	1.54483e+11	-1.53268e+09	6.97638e+10	5.58541e+10
3.6e-10	3.22743e+11	1.22537e+10	2.5445e+11	1.01103e+11	-2.66764e+11	-4.30668e+10	3.39684e+10	-9.05259e+09	-2.2036e+11	8.25277e+09	-5.06192e+10	9.79931e+10	-3.06048e+09	9.25892e+10	3.38582e+10
3.65e-10	3.01245e+11	-1.15341e+11	1.62304e+11	9.24181e+10	-1.50668e+11	-2.03804e+11	2.44555e+10	-1.87844e+10	-1.10044e+11	3.88728e+09	-7.59775e+10	7.73019e+10	-1.08952e+09	-3.98513e+10	6.68466e+10
3.7e-10	3.23574e+11	-2.63884e+11	3.10845e+10	1.08427e+11	1.38474e+10	-2.7895e+11	2.83445e+10	1.74349e+11	-5.222e+10	4.67116e+09	-1.32342e+11	4.20339e+10	-1.47593e+09	-3.13012e+10	8.35857e+09
3.75e-10	3.47989e+11	-2.92412e+11	-1.31545e+11	8.77599e+10	1.45646e+11	-1.61587e+11	3.17102e+10	1.39675e+11	9.28616e+09	5.82329e+09	-8.852e+10	-1.17465e+10	-6.07958e+09	-6.77838e+10	4.92703e+10
3.8e-10	3.14601e+11	-1.15563e+11	-2.3665e+11	8.8549e+10	1.89493e+11	-6.3976e+10	2.72138e+10	1.38732e+11	1.71144e+11	7.83356e+09	-4.64193e+10	-1.33602e+11	-1.29336e+09	-7.27526e+10	5.58139e+09
3.85e-10	3.2939e+11	1.58428e+10	-2.79984e+11	1.07917e+11	1.95576e+11	7.99517e+10	3.10405e+10	1.40196e+09	1.19922e+11	6.1192e+09	6.62503e+09	-1.11123e+11	-2.34893e+09	-4.06764e+10	-8.66152e+10
3.9e-10	3.44825e+11	1.83682e+11	-1.78674e+11	9.924e+10	1.28682e+11	1.94757e+11	2.71815e+10	-7.35207e+10	1.83579e+11	2.98138e+09	4.59361e+10	-7.64387e+10	-4.87638e+09	6.03772e+10	-2.20735e+10
3.95e-10	3.05676e+11	2.69824e+11	-8.30319e+10	1.18858e+11	-4.60499e+10	2.26841e+11	3.69001e+10	-1.76505e+11	9.29201e+10	-7.21938e+07	1.25053e+11	3.21457e+10	-4.64906e+09	8.89612e+09	-1.94285e+10
4e-10	3.24573e+11	2.7557e+11	1.76832e+11	9.63969e+10	-9.55436e+10	1.89643e+11	4.00482e+10	-1.64369e+11	-2.16368e+10	5.06483e+09	6.04821e+10	5.35327e+10	-4.3327e+09	6.41968e+10	-5.31942e+10
4.05e-10	2.98509e+11	1.53086e+11	2.44074e+11	9.52175e+10	-2.31606e+11	2.39773e+09	3.18862e+10	-9.74198e+10	-1.22351e+11	5.37211e+08	7.26697e+10	1.05643e+11	-2.94563e+09	9.26387e+10	-3.77569e+08
4.1e-10	3.16032e+11	-2.01094e+10	3.22409e+11	9.97725e+10	-2.1002e+11	-9.70953e+10	3.96166e+10	1.22481e+09	-2.00009e+11	4.03726e+09	-1.34661e+10	8.77494e+10	8.38224e+08	7.36525e+10	2.03009e+10
4.15e-10	3.01428e+11	-1.72514e+11	2.21349e+11	9.67991e+10	-1.16374e+11	-1.79277e+11	3.35381e+10	9.22866e+10	-1.78439e+11	5.43988e+09	-8.65036e+10	3.15339e+10	-4.52857e+09	-2.20927e+10	8.94158e+09
4.2e-10	3.27831e+11	-2.11057e+11	8.02639e+10	1.03285e+11	8.34636e+09	-2.78089e+11	3.75158e+10	6.62049e+10	-1.50233e+11	8.01194e+09	-1.12006e+11	6.98262e+10	-6.02853e+09	2.55911e+10	4.57414e+10
4.25e-10	3.24047e+11	-2.5493e+11	-1.33885e+11	9.80894e+10	1.51641e+11	-2.00407e+11	2.76974e+10	1.89057e+11	-1.23481e+10	9.31667e+09	-1.37724e+11	-5.77812e+10	-4.29191e+09	-4.25068e+10	7.53217e+10
4.3e-10	3.21392e+11	-1.42729e+11	-2.52169e+11	8.98689e+10	1.86559e+11	-1.8114e+10	2.75556e+10	8.54343e+10	6.62029e+10	4.83687e+09	-9.80969e+10	-8.63335e+10	-3.2628e+09	-1.63739e+10	-8.97649e+10
4.35e-10	3.27552e+11	1.68216e+10	-2.98596e+11	9.70724e+10	2.16746e+11	1.02926e+11	3.12312e+10	1.57619e+10	9.57218e+10	2.96703e+09	4.12781e+10	-9.11965e+10	-5.49089e+09	4.55083e+10	-1.08678e+10
4.4e-10	3.29484e+11	1.4907e+11	-1.74145e+11	1.1126e+11	1.25531e+11	1.50196e+11	3.71666e+10	-4.77469e+10	2.04263e+11	1.98631e+09	5.3415e+10	-3.46965e+10	-3.89349e+09	5.00426e+10	-1.00662e+11
4.45e-10	3.24005e+11	2.49125e+11	-1.12536e+11	1.00123e+11	-1.05198e+10	2.48686e+11	3.59534e+10	-1.72454e+11	1.34589e+11	5.20753e+09	8.6164e+10	-6.4486e+09	-4.64645e+09	1.00676e+10	5.47298e+09
4.5e-10	3.71065e+11	2.64307e+11	1.29588e+11	1.03672e+11	-1.59901e+11	1.84492e+11	3.61839e+10	-2.01877e+11	-2.56324e+10	1.77156e+09	8.52604e+10	-8.02757e+09	-3.32037e+09	3.13381e+10	1.09329e+09
4.55e-10	3.60972e+11	1.48908e+11	1.94601e+11	1.04199e+11	-2.03778e+11	6.0175e+10	2.39722e+10	-1.12107e+11	-5.83754e+10	2.5699e+09	4.81572e+10	3.72474e+10	-4.8931e+09	7.98738e+10	1.99934e+10
4.6e-10	3.38133e+11	-1.89775e+10	2.77116e+11	1.20421e+11	-2.26435e+11	-6.0594e+10	3.70941e+10	-4.03076e+10	-1.9387e+11	4.01759e+09	-3.2656e+10	7.85082e+10	-4.85149e+09	1.40326e+09	5.97259e+10
4.65e-10	3.45155e+11	-1.57265e+11	2.23997e+11	9.79827e+10	-1.26518e+11	-2.31157e+11	3.41765e+10	8.66736e+10	-1.05244e+11	7.7729e+09	-7.49079e+10	7.81375e+10	-5.58621e+09	-1.24947e+10	4.64759e+10
4.7e-10	3.43977e+11	-2.85686e+11	4.08081e+10	1.06223e+11	4.2957e+09	-2.5013e+11	3.31651e+10	1.78604e+11	-4.61704e+10	6.95064e+09	-8.70173e+10	2.98312e+09	-2.88463e+09	-2.68184e+10	4.06029e+10
4.75e-10	3.05411e+11	-2.37386e+11	-1.11451e+11	1.03519e+11	1.69608e+11	-1.87035e+11	3.37698e+10	1.91207e+11	-8.0775e+08	1.10398e+10	-1.27578e+11	-2.77999e+10	-2.62653e+09	-2.12701e+10	3.15067e+10
4.8e-10	3.0567e+11	-1.66623e+11	-2.28278e+11	9.66513e+10	2.22185e+11	-7.58207e+10	3.03841e+10	1.22818e+11	1.77532e+11	6.57337e+09	-4.84466e+10	-9.51788e+10	-3.02541e+09	-2.13682e+10	3.4299e+08
4.85e-10	3.36689e+11	2.97886e+10	-2.67673e+11	1.02711e+11	2.12507e+11	5.37244e+10	3.21335e+10	8.12661e+10	1.57939e+11	6.21043e+09	2.59383e+10	-1.34527e+11	-3.16246e+09	-2.03479e+10	-4.21504e+10
4.9e-10	3.27432e+11	1.39818e+11	-1.59955e+11	9.44512e+10	1.44661e+11	1.8425e+11	3.18487e+10	-5.93439e+10	1.48683e+11	8.33842e+09	1.00919e+11	-1.69043e+10	1.43831e+09	6.74732e+10	-6.62217e+10
4.95e-10	3.39447e+11	3.12409e+11	3.78447e+08	1.01206e+11	1.54641e+10	2.49551e+11	2.77745e+10	-1.42767e+11	9.01596e+10	5.54447e+09	1.61586e+11	-6.9102e+10	6.88473e+08	7.50848e+10	-2.26352e+10
5e-10	3.33511e+11	2.47371e+11	8.72786e+10	1.07973e+11	-1.62153e+11	1.63335e+11	3.04852e+10	-1.66511e+11	-7.51222e+09	9.01857e+08	1.29405e+11	2.03916e+10	-3.3548e+09	1.26539e+11	-4.88347e+10
5.05e-10	3.38961e+11	9.77931e+10	2.31359e+11	9.84386e+10	-2.36992e+11	1.04268e+11	2.8932e+10	-1.36749e+11	-1.33491e+11	-1.99722e+09	3.86874e+10	6.24505e+10	-5.60584e+09	4.24311e+10	2.09018e+10
5.1e-10	3.17613e+11	-1.4466e+10	3.07364e+11	1.0131e+11	-2.58867e+11	-9.03081e+10	2.98255e+10	-7.88294e+10	-1.36574e+11	1.52881e+09	2.08442e+10	1.28998e+11	-2.89295e+09	7.33475e+10	1.32863e+10
5.15e-10	3.48022e+11	-1.86677e+11	3.05305e+11	9.6828e+10	-1.05944e+11	-1.97101e+11	4.14252e+10	1.30785e+11	-1.76614e+11	7.64866e+09	-5.84952e+10	5.70945e+10	1.26562e+09	-3.74118e+09	1.07798e+11
5.2e-10	3.26325e+11	-2.65956e+11	1.20962e+11	1.0347e+11	-2.83446e+10	-2.74798e+11	2.4847e+10	1.14717e+11	-6.82264e+10	4.97248e+09	-1.09786e+11	4.80594e+10	-2.84475e+09	-3.01878e+10	-1.20349e+10
5.25e-10	3.23357e+11	-3.02529e+11	-1.5321e+11	1.14886e+11	1.75647e+11	-1.83441e+11	3.29095e+10	1.98667e+11	4.59524e+10	6.00792e+09	-1.10606e+11	-1.94626e+10	-2.81658e+09	-7.51928e+10	3.25373e+09
5.3e-10	3.36908e+11	-1.86212e+11	-2.90148e+11	9.87815e+10	2.3173e+11	-6.3553e+10	3.48058e+10	1.74625e+11	1.12069e+11	4.19748e+09	-4.94629e+10	-1.06182e+11	-4.41196e+09	-2.21066e+08	-2.25223e+10
5.35e-10	3.20516e+11	4.25887e+10	-2.4133e+11	1.09405e+11	2.26398e+11	1.13497e+11	3.38343e+10	3.81583e+10	1.05829e+11	3.72636e+09	4.65961e+10	-8.3914e+10	8.13309e+08	-2.88229e+10	-8.43582e+10
5.4e-10	3.33632e+11	1.13888e+11	-2.52487e+11	8.81365e+10	1.19488e+11	1.88513e+11	3.13575e+10	-3.01905e+10	1.95674e+11	9.8123e+09	8.08122e+10	-9.02638e+10	-5.23944e+09	5.9726e+10	-5.46293e+10
5.45e-10	3.35239e+11	2.34053e+11	-9.39459e+10	1.23148e+11	3.63704e+10	2.63495e+11	3.57244e+10	-1.43554e+11	6.13158e+10	1.80999e+09	9.61548e+10	-2.78305e+07	-4.63358e+09	3.75635e+10	-6.66159e+10
5.5e-10	3.30581e+11	2.67879e+11	1.333e+11	8.80934e+10	-1.15793e+11	1.91649e+11	2.8178e+10	-1.80602e+11	7.05183e+10	8.05109e+09	1.34644e+11	7.2014e+10	-5.89772e+09	2.35369e+10	-2.71015e+10
5.55e-10	3.42919e+11	1.0917e+11	2.7485e+11	1.0514e+11	-2.91089e+11	3.11953e+10	4.20397e+10	-1.28783e+11	-1.13106e+11	7.40558e+09	5.54679e+10	7.4984e+10	-3.4977e+09	5.81643e+10	3.31789e+10
5.6e-10	3.43268e+11	-5.78794e+10	2.89334e+11	9.67729e+10	-1.93152e+11	-7.65695e+10	3.73228e+10	-2.39561e+10	-1.61466e+11	5.55238e+09	-3.09055e+10	4.49031e+10	-2.00697e+09	5.25482e+10	7.87375e+10
5.65e-10	3.09543e+11	-1.75824e+11	1.58669e+11	1.04355e+11	-1.45031e+11	-2.26159e+11	2.82155e+10	1.67572e+10	-1.31775e+11	1.01677e+09	4.36333e+10	5.49268e+10	-2.01462e+09	1.00227e+10	8.50769e+10
5.7e-10	3.37299e+11	-2.30499e+11	9.45814e+10	1.06513e+11	-3.61425e+09	-2.31672e+11	3.63061e+10	1.26148e+11	-8.62985e+10	7.7449e+09	-1.2111e+11	-2.92483e+10	-3.47355e+09	6.42367e+09	6.91046e+10
5.75e-10	3.44232e+11	-2.6284e+11	-9.69456e+10	1.09618e+11	1.61945e+11	-1.87717e+11	2.59425e+10	1.5113e+11	-1.50534e+10	4.85043e+09	-1.23979e+11	7.39435e+09	-4.66098e+08	-1.17773e+11	3.20437e+10
5.8e-10	3.49351e+11	-1.56354e+11	-2.77259e+11	1.08783e+11	2.22493e+11	-6.74379e+10	2.22191e+10	4.79052e+10	9.84854e+10	6.90459e+09	-4.71479e+10	-1.04302e+11	-4.42417e+09	-6.76627e+10	1.51055e+10
5.85e-10	3.60778e+11	1.07689e+11	-3.17964e+11	1.14483e+11	2.50239e+11	6.71115e+10	3.33467e+10	8.58803e+10	2.31791e+11	5.07632e+09	1.31011e+10	-7.22476e+10	-1.93547e+09	-2.85133e+08	-1.13761e+11
5.9e-10	3.41178e+11	2.13145e+11	-1.5793e+11	1.02422e+11	8.85189e+10	1.96163e+11	3.60354e+10	-2.12351e+10	1.79085e+11	2.75322e+09	5.89643e+10	-9.4396e+10	-6.12404e+08	1.54182e+10	-9.08434e+10
5.95e-10	3.33548e+11	3.20669e+11	1.27214e+09	1.03302e+11	-4.56896e+10	2.3086e+11	2.61693e+10	-1.23126e+11	1.62336e+10	2.60744e+09	8.3486e+10	-3.13476e+10	-3.38656e+09	6.50667e+09	-2.90585e+10
6e-10	3.6012e+11	2.70225e+11	1.79629e+11	1.0595e+11	-1.35308e+11	1.42037e+11	4.23651e+10	-1.88112e+11	-8.90209e+10	5.80302e+09	1.2435e+11	3.96396e+10	-5.96507e+09	5.65611e+10	-6.15636e+10
6.05e-10	3.36399e+11	1.16942e+11	2.47472e+11	1.01004e+11	-2.18169e+11	-4.45192e+09	3.06676e+10	-9.498e+10	-1.02498e+11	4.67026e+09	5.72653e+10	1.39135e+11	-4.77406e+09	7.30376e+10	2.18512e+10
6.1e-10	3.27308e+11	-9.53553e+10	3.08764e+11	1.16604e+11	-1.98774e+11	-1.28022e+11	3.32006e+10	-1.48859e+10	-1.52094e+11	6.30463e+09	-1.09669e+10	9.01435e+10	-2.58742e+09	-5.59903e+08	7.30703e+10
6.15e-10	3.4383e+11	-2.5967e+11	1.0075e+11	1.09698e+11	-8.76528e+10	-2.46813e+11	3.0481e+10	5.04571e+10	-1.41016e+11	1.81561e+09	-5.07955e+10	7.57267e+10	-2.09282e+09	-4.1887e+10	7.94146e+10
6.2e-10	3.53622e+11	-3.00272e+11	-2.16356e+10	1.15146e+11	6.06802e+10	-2.60287e+11	3.40205e+10	1.29624e+11	-2.72129e+10	6.02277e+09	-1.26915e+11	3.95897e+10	-3.20101e+09	-4.91147e+10	2.98287e+10
6.25e-10	3.05501e+11	-2.31963e+11	-1.8522e+11	9.89365e+10	2.08747e+11	-9.00189e+10	4.40739e+10	1.37251e+11	4.81888e+10	5.0037e+09	-6.9955e+10	-1.03063e+11	-3.82032e+07	-1.12882e+11	-3.39351e+10
6.3e-10	3.70516e+11	-5.31335e+10	-3.59305e+11	1.12871e+11	2.11053e+11	2.44572e+10	2.65873e+10	9.85404e+10	1.25397e+11	1.73908e+09	-1.93412e+10	-1.29656e+11	-2.09838e+09	-6.81284e+10	-2.78585e+10
6.35e-10	3.74078e+11	1.2509e+11	-2.69024e+11	1.16429e+11	2.12389e+11	2.11931e+11	3.45037e+10	2.88884e+10	1.3984e+11	4.24925e+09	1.18087e+10	-1.38612e+11	-4.02365e+09	-4.13586e+10	-1.05809e+11
6.4e-10	2.93079e+11	1.96011e+11	-1.07142e+11	1.17874e+11	3.19107e+10	2.44982e+11	3.41404e+10	-1.52518e+11	1.30191e+11	7.18656e+09	9.241e+10	-5.59417e+10	-3.13959e+09	1.12373e+10	-4.11529e+10
6.45e-10	3.34076e+11	3.01934e+11	3.10691e+10	9.87106e+10	-6.16358e+10	2.01632e+11	3.72027e+10	-1.88984e+11	8.49397e+10	7.58844e+09	1.4497e+11	1.91589e+10	1.21216e+09	1.41411e+11	-7.71976e+10
6.5e-10	3.47114e+11	1.76066e+11	1.97547e+11	9.90532e+10	-2.22158e+11	1.52544e+11	4.10486e+10	-1.66351e+11	-7.20275e+10	3.33873e+09	1.20122e+11	1.00909e+11	-3.65906e+09	6.48245e+10	9.8019e+09
6.55e-10	3.22717e+11	6.70401e+10	2.72408e+11	1.03643e+11	-2.45846e+11	-4.5034e+10	3.98143e+10	-8.36328e+10	-1.95685e+11	2.26722e+09	3.78092e+10	1.24266e+11	-1.16801e+09	3.95164e+10	4.73333e+10
6.6e-10	3.46216e+11	-1.54411e+11	2.67107e+11	1.04144e+11	-1.34186e+11	-1.61573e+11	3.16972e+10	5.61589e+10	-1.50485e+11	2.79206e+09	-5.75212e+10	8.19653e+10	-3.87665e+09	6.20116e+10	5.00252e+10
6.65e-10	3.23102e+11	-2.56281e+11	1.12701e+11	9.35522e+10	-1.00593e+11	-3.04463e+11	2.99282e+10	8.67827e+10	-9.63468e+10	4.96169e+09	-7.52015e+10	2.91465e+10	-2.61892e+09	-5.93778e+10	6.76744e+10
6.7e-10	3.48479e+11	-3.03098e+11	-5.83381e+10	1.16937e+11	1.01387e+11	-2.1705e+11	4.07607e+10	1.75864e+11	-5.0348e+10	4.41784e+09	-1.19072e+11	3.86425e+10	-4.54285e+09	-5.97776e+10	1.22565e+10
6.75e-10	3.48507e+11	-1.9828e+11	-2.30137e+11	9.69854e+10	1.85544e+11	-1.28944e+11	3.33838e+10	1.76819e+11	1.23396e+11	3.31188e+09	-6.18739e+10	-9.38689e+10	-1.67414e+09	-1.41342e+11	-2.86826e+10
6.8e-10	3.32621e+11	-5.29514e+10	-2.28946e+11	1.15342e+11	2.51124e+11	1.11227e+11	3.51809e+10	1.17329e+11	1.27409e+11	5.06412e+09	-5.44749e+10	-1.00617e+11	-2.6868e+09	-5.95891e+10	-1.34877e+10
6.85e-10	3.46535e+11	1.15328e+11	-2.44544e+11	1.05274e+11	1.56461e+11	2.30738e+11	3.35948e+10	-4.93595e+10	1.79792e+11	4.43208e+09	4.55302e+10	-8.31671e+10	-1.17455e+09	-3.49978e+10	-1.15666e+11
6.9e-10	3.35211e+11	2.34378e+11	-1.29389e+11	1.00879e+11	-2.77523e+10	2.20865e+11	3.53006e+10	-7.41755e+10	1.27825e+11	5.80707e+09	4.89008e+10	8.77268e+09	-2.28099e+09	5.83216e+10	-5.06421e+10
6.95e-10	3.13318e+11	2.75702e+11	6.49891e+10	9.32255e+10	-1.17643e+11	2.22209e+11	4.11717e+10	-2.17236e+11	-4.7903e+10	2.38654e+09	1.32233e+11	2.74766e+10	-2.03422e+09	5.41797e+10	-5.27344e+10
7e-10	3.10025e+11	1.22965e+11	2.21295e+11	8.71823e+10	-1.71106e+11	9.90841e+10	3.80568e+10	-2.18438e+11	-6.00143e+10	4.37827e+09	9.26866e+10	1.15452e+11	-3.95181e+09	3.88502e+10	4.4676e+10
7.05e-10	2.95849e+11	2.67711e+10	2.65325e+11	9.67586e+10	-1.98175e+11	-5.4985e+10	3.78134e+10	-7.14847e+10	-1.67618e+11	2.41391e+09	7.48817e+10	9.72876e+10	-1.68245e+09	8.24165e+10	5.28522e+10
7.1e-10	3.19178e+11	-1.41412e+11	2.50066e+11	9.01762e+10	-1.46021e+11	-1.83235e+11	3.38741e+10	-2.37042e+10	-1.3695e+11	1.07294e+10	-5.16914e+10	8.06953e+10	-9.05772e+08	-1.90614e+10	4.00442e+10
7.15e-10	2.99353e+11	-1.71773e+11	1.39707e+11	9.48583e+10	-5.00004e+10	-1.43817e+11	3.03382e+10	1.40593e+11	-1.09571e+11	8.6739e+09	-9.62653e+10	4.71987e+10	-1.97704e+09	-3.9695e+10	2.10498e+10
7.2e-10	2.86228e+11	-2.57016e+11	-7.36575e+10	9.49723e+10	8.04187e+10	-1.60819e+11	3.86967e+10	1.73657e+11	-4.90288e+10	4.43685e+09	-9.70523e+10	-4.73281e+10	1.58219e+09	-1.34408e+11	3.99251e+10
7.25e-10	3.21334e+11	-1.80158e+11	-2.39282e+11	9.1165e+10	2.05546e+11	-5.27669e+10	2.48386e+10	9.84929e+10	1.05515e+11	5.16817e+09	-9.45886e+10	-1.22949e+11	-5.44108e+09	-4.11934e+10	-3.70621e+10
7.3e-10	3.177e+11	-1.1409e+11	-2.46923e+11	9.85575e+10	2.46714e+11	-3.69931e+09	2.98457e+10	6.59065e+10	1.5653e+11	8.14246e+09	-3.87824e+10	-1.50115e+11	-3.0752e+09	-9.32243e+10	-4.97481e+10
7.35e-10	3.01256e+11	6.74014e+10	-2.6949e+11	9.67969e+10	1.91632e+11	2.36711e+11	2.82303e+10	-3.45615e+09	1.6503e+11	9.89386e+09	5.92618e+10	-1.65869e+11	-5.31918e+09	2.82159e+10	3.67681e+09
7.4e-10	3.35779e+11	2.72406e+11	-1.85701e+11	1.01254e+11	9.28678e+10	1.93178e+11	3.26876e+10	-1.06736e+11	9.95737e+10	7.87834e+09	1.41322e+11	-8.72514e+10	4.83519e+08	1.08354e+11	-7.57855e+10
7.45e-10	3.19108e+11	2.3579e+11	-1.24528e+10	9.65152e+10	-5.38326e+10	1.75602e+11	2.77763e+10	-1.38552e+11	5.16338e+10	3.79361e+09	1.13318e+11	-1.83562e+08	-4.11844e+09	5.58489e+10	6.52653e+09
7.5e-10	3.23993e+11	2.1586e+11	1.8913e+11	9.78642e+10	-9.42198e+10	1.98465e+11	2.38471e+10	-1.35007e+11	-1.02794e+11	9.75194e+09	1.03384e+11	3.85574e+10	-5.83505e+08	8.75011e+10	-2.77458e+10
7.55e-10	3.45404e+11	1.23599e+11	2.75165e+11	1.08713e+11	-3.10859e+11	2.90579e+10	3.21039e+10	-1.05343e+11	-1.10928e+11	6.82e+09	2.27148e+10	1.12393e+11	-4.65876e+09	8.50672e+10	4.73528e+10
7.6e-10	3.39684e+11	-9.29033e+10	3.28659e+11	1.06059e+11	-1.8371e+11	-1.18422e+11	3.44479e+10	-2.52306e+10	-1.78352e+11	4.63917e+09	-5.53783e+10	1.21934e+11	-5.29476e+09	1.6305e+10	5.1616e+10
7.65e-10	3.46809e+11	-2.50063e+11	2.34487e+11	1.02714e+11	-1.23956e+11	-2.034e+11	4.62744e+10	1.75595e+11	-1.38078e+11	3.09278e+09	-6.72147e+10	1.03077e+11	-2.94828e+09	-5.57512e+09	6.84228e+10
7.7e-10	3.23002e+11	-2.84271e+11	-3.4602e+10	9.92815e+10	1.23151e+11	-2.66845e+11	3.60769e+10	1.45792e+11	-6.41382e+10	3.44088e+09	-7.96831e+10	-3.28138e+10	-1.99983e+09	-6.41817e+10	4.46254e+10
7.75e-10	3.44909e+11	-2.44198e+11	-1.54945e+11	1.05502e+11	1.79994e+11	-1.61844e+11	2.95188e+10	1.88752e+11	3.56801e+10	7.39069e+09	-8.50783e+10	-7.2846e+10	-1.68662e+09	-6.32113e+10	-3.03129e+10
7.8e-10	2.96328e+11	-8.58896e+10	-2.74149e+11	1.11454e+11	2.62879e+11	-3.56144e+10	3.55576e+10	8.21343e+10	1.59497e+11	5.31883e+09	-7.01604e+10	-8.63285e+10	-5.03719e+09	-3.58481e+10	-4.26735e+10
7.85e-10	3.2086e+11	5.86153e+10	-2.37134e+11	9.48591e+10	2.09761e+11	1.32445e+11	4.26524e+10	5.28404e+10	1.4201e+11	6.96143e+09	1.92429e+10	-1.28863e+11	-3.45377e+09	-5.37154e+09	-1.61462e+10
7.9e-10	3.56495e+11	2.21554e+11	-2.41244e+11	9.91402e+10	9.10677e+10	1.72368e+11	4.16715e+10	-1.07807e+11	1.72771e+11	9.89407e+09	1.32241e+11	-1.34896e+11	-2.97321e+09	-2.8203e+10	-7.67392e+09
7.95e-10	3.38801e+11	3.05208e+11	-9.06989e+09	8.53411e+10	-1.6631e+10	2.44153e+11	2.39746e+10	-9.24262e+10	9.60083e+10	5.82926e+09	1.18151e+11	-2.74617e+10	-6.7066e+08	7.47918e+10	-4.11355e+10
8e-10	3.38101e+11	2.87696e+11	1.54346e+11	9.93216e+10	-1.79136e+11	1.88594e+11	3.68847e+10	-1.45e+11	-6.09086e+10	8.23153e+09	1.0558e+11	6.70137e+10	-2.15326e+09	9.70356e+10	4.40752e+10
8.05e-10	3.54561e+11	1.10268e+11	2.21302e+11	1.18297e+11	-2.88309e+11	3.04851e+10	3.69776e+10	-1.10896e+11	-1.78914e+11	4.29278e+09	3.20833e+09	8.40711e+10	-1.94555e+09	9.63652e+10	2.36944e+10
8.1e-10	3.59034e+11	-1.4775e+11	2.71051e+11	1.03494e+11	-1.89552e+11	-1.33229e+11	3.37039e+10	2.50819e+09	-2.19442e+11	8.20994e+09	-2.5309e+10	5.97991e+10	-3.84261e+09	-4.64963e+09	5.27043e+10
8.15e-10	3.43243e+11	-2.26154e+11	1.93475e+11	1.06855e+11	-4.68497e+10	-1.93333e+11	3.11973e+10	8.44683e+10	-1.41649e+11	2.47369e+09	-9.09915e+10	9.5163e+10	-3.1672e+09	1.36994e+10	5.16849e+10
8.2e-10	3.45874e+11	-2.44997e+11	-3.13252e+09	1.03466e+11	7.06615e+10	-2.13349e+11	3.69279e+10	1.78193e+11	-1.55011e+10	1.12028e+10	-1.45996e+11	2.84513e+10	-6.34862e+08	-4.99997e+10	3.41792e+10
8.25e-10	3.42971e+11	-2.0707e+11	-1.89896e+11	1.0499e+11	1.87913e+11	-1.26211e+11	3.42248e+10	1.48438e+11	6.14927e+10	1.11887e+10	-9.06362e+10	-7.96894e+10	-4.07459e+09	-4.14009e+10	3.80134e+09
8.3e-10	3.46293e+11	-5.79443e+10	-2.52913e+11	1.07686e+11	2.07544e+11	1.53038e+10	3.8561e+10	7.63015e+10	1.76335e+11	3.36303e+09	-1.60404e+10	-9.84322e+10	7.49416e+08	-4.02448e+10	-5.77243e+10
8.35e-10	3.35048e+11	1.60578e+11	-1.77445e+11	1.0741e+11	2.07364e+11	1.29952e+11	3.48087e+10	-2.12223e+10	1.67885e+11	5.85632e+09	3.55535e+10	-1.06844e+11	-2.65594e+09	-2.64769e+10	-7.76867e+10
8.4e-10	3.31569e+11	2.42607e+11	-1.71663e+11	1.09657e+11	7.625e+09	1.8864e+11	3.89168e+10	-9.3666e+10	1.28022e+11	3.94477e+09	8.4096e+10	-6.16349e+10	-4.05466e+09	7.49512e+10	-3.89551e+10
8.45e-10	3.31111e+11	3.22617e+11	7.87924e+10	1.06863e+11	-1.13137e+11	1.80521e+11	3.78744e+10	-1.69083e+11	6.56992e+09	3.03429e+09	7.25796e+10	2.20758e+10	-3.41559e+09	6.89366e+10	9.93447e+09
8.5e-10	3.77262e+11	1.95694e+11	2.28107e+11	1.01969e+11	-2.60562e+11	1.37726e+11	4.0639e+10	-1.21006e+11	-9.84222e+10	6.58184e+09	4.46231e+10	1.31325e+11	-5.41969e+09	2.09808e+10	-5.26196e+10
8.55e-10	3.36665e+11	3.31277e+10	2.56327e+11	1.11533e+11	-2.62461e+11	-9.94705e+09	4.41345e+10	-8.52534e+10	-2.13088e+11	7.03296e+09	2.64956e+10	6.89851e+10	-9.96839e+08	7.9601e+10	1.96904e+10
8.6e-10	3.3111e+11	-1.35678e+11	2.60203e+11	9.91732e+10	-1.09902e+11	-1.77022e+11	3.84825e+10	2.9513e+10	-1.40563e+11	6.25696e+09	-9.94389e+10	1.06632e+11	-4.31871e+09	-4.00854e+10	8.0868e+10
8.65e-10	3.38192e+11	-2.53056e+11	8.23075e+10	1.11294e+11	-1.08403e+09	-2.79332e+11	4.18213e+10	1.65016e+11	-1.52488e+11	8.75589e+09	-9.57205e+10	8.40425e+10	-2.73595e+09	-5.56111e+10	7.93531e+10
8.7e-10	3.26682e+11	-2.52356e+11	-6.692e+10	1.03684e+11	1.25914e+11	-1.15712e+11	3.72905e+10	2.26078e+11	-1.14374e+10	6.62032e+09	-1.05999e+11	-2.9472e+10	-2.62714e+09	-2.63131e+10	8.39812e+09
8.75e-10	3.33171e+11	-8.64165e+10	-2.53961e+11	8.21143e+10	1.81618e+11	-6.41315e+10	3.95292e+10	1.58944e+11	1.55183e+11	4.97694e+09	-8.54603e+10	-6.7509e+10	-2.63232e+09	-1.13279e+09	-1.32746e+10
8.8e-10	3.08802e+11	6.29835e+10	-2.77064e+11	9.34665e+10	2.12524e+11	1.28444e+11	4.06204e+10	2.66163e+09	1.30341e+11	3.77596e+09	1.76581e+10	-7.16159e+10	-4.22511e+09	-1.4604e+10	-2.78448e+10
8.85e-10	3.61512e+11	2.64779e+11	-2.2746e+11	8.72983e+10	1.01272e+11	1.22616e+11	3.58594e+10	-6.55133e+10	1.81197e+11	8.6857e+09	1.08464e+11	-1.13056e+11	-5.29409e+09	-2.32272e+10	-6.81649e+10
8.9e-10	3.46933e+11	2.81779e+11	-2.88021e+10	1.15118e+11	-8.24407e+10	2.56134e+11	3.24185e+10	-1.80013e+11	6.21806e+10	9.24941e+09	1.2598e+11	-7.67914e+10	-4.44759e+09	6.62781e+10	-3.84533e+10
8.95e-10	3.46446e+11	2.30683e+11	1.91564e+11	1.09852e+11	-1.70648e+11	1.1176e+11	2.97758e+10	-1.57559e+11	1.04426e+10	5.23803e+09	5.35292e+10	1.0367e+11	-1.16442e+09	9.67833e+10	-8.13127e+10
9e-10	3.35689e+11	6.23148e+10	2.49614e+11	1.08879e+11	-1.87779e+11	-5.90436e+09	3.30228e+10	-1.0274e+11	-1.1346e+11	9.57647e+09	7.65069e+10	1.10502e+11	-1.42128e+08	7.98196e+10	7.14763e+10
9.05e-10	3.49274e+11	-9.60328e+10	2.87352e+11	1.0069e+11	-1.49231e+11	-1.82303e+11	2.82514e+10	-4.64076e+10	-1.68893e+11	1.07286e+10	2.39518e+10	1.51918e+11	-5.54265e+09	3.08073e+10	9.97756e+10
9.1e-10	3.3397e+11	-2.27487e+11	1.18775e+11	9.92605e+10	-2.87245e+10	-2.43401e+11	3.71589e+10	1.60373e+11	-1.77894e+11	1.1757e+10	-1.61011e+11	1.08811e+11	-3.06919e+09	-3.21382e+10	3.67755e+10
9.15e-10	3.34597e+11	-2.9962e+11	-1.04432e+11	1.23435e+11	1.45711e+11	-2.34306e+11	2.61686e+10	1.93212e+11	7.10596e+09	6.28715e+09	-9.63318e+10	2.05978e+10	-5.89467e+09	-6.57736e+10	3.67797e+10
9.2e-10	3.66976e+11	-2.22378e+11	-2.61239e+11	9.69632e+10	1.82105e+11	-5.99234e+10	2.95408e+10	1.4748e+11	4.9621e+10	8.12364e+09	-9.6488e+10	-8.4165e+10	-1.12481e+09	-1.16892e+11	-5.33116e+10
9.25e-10	3.49591e+11	-3.42358e+10	-3.35806e+11	1.01854e+11	2.60866e+11	9.88622e+10	3.68559e+10	5.66119e+10	1.50517e+11	4.10047e+09	-8.5432e+09	-6.60248e+10	-5.13057e+09	-4.31868e+10	9.64635e+08
9.3e-10	2.90346e+11	1.90624e+11	-1.9746e+11	1.26324e+11	1.81227e+11	2.5181e+11	4.23815e+10	3.20321e+09	1.97541e+11	9.24318e+09	2.90128e+10	-1.70284e+11	-1.86968e+09	-1.60941e+09	-3.54617e+10
9.35e-10	3.07259e+11	1.96893e+11	-7.40409e+10	1.03903e+11	4.74598e+10	2.50073e+11	2.77793e+10	-1.34698e+11	1.17183e+11	6.92088e+09	1.4394e+11	-1.83604e+10	-3.03405e+09	1.5144e+10	-4.53715e+10
9.4e-10	3.16873e+11	2.85237e+11	7.49818e+10	1.23467e+11	-1.42349e+11	2.28365e+11	3.85595e+10	-2.05697e+11	1.60175e+10	8.99559e+09	1.48288e+11	3.48029e+10	-3.1322e+09	6.52835e+10	-2.49529e+10
9.45e-10	3.0878e+11	1.43906e+11	2.41303e+11	1.03206e+11	-2.5981e+11	9.95021e+10	2.89229e+10	-1.13176e+11	-1.16527e+11	6.85411e+09	1.14311e+11	7.62763e+10	-4.85021e+09	2.19667e+10	-1.07765e+10
9.5e-10	3.11122e+11	7.1404e+10	2.88727e+11	9.37722e+10	-2.26241e+11	1.53025e+10	2.87219e+10	-1.03688e+11	-1.55908e+11	2.74113e+09	9.75645e+10	4.65674e+10	-3.28058e+09	1.60705e+10	9.06368e+10
9.55e-10	3.28909e+11	-1.09614e+11	2.74443e+11	1.03272e+11	-1.5869e+11	-1.16489e+11	2.34122e+10	6.18209e+10	-1.05955e+11	4.67307e+09	-7.44722e+10	8.86303e+10	-1.16409e+09	-4.5669e+10	2.70842e+10
9.6e-10	3.12079e+11	-2.22389e+11	1.15812e+11	9.55055e+10	1.97128e+10	-2.15978e+11	2.56222e+10	1.35755e+11	-8.0599e+10	4.92513e+09	-8.15402e+10	8.59634e+10	-3.30208e+09	-3.67109e+10	7.36109e+10
9.65e-10	3.35558e+11	-3.26512e+11	1.93672e+10	9.10765e+10	6.6051e+10	-1.72214e+11	3.76222e+10	2.23565e+11	-3.57245e+10	7.08463e+09	-1.58409e+11	5.10805e+10	-4.55308e+09	-3.86391e+10	-2.2568e+10
9.7e-10	3.37684e+11	-2.25613e+11	-1.98073e+11	8.62029e+10	2.05042e+11	-1.19941e+11	2.40293e+10	1.48683e+11	3.87262e+10	4.29024e+09	-5.91833e+10	-6.47068e+10	-4.71093e+09	-8.74683e+10	1.42491e+10
9.75e-10	3.19636e+11	-3.13264e+10	-2.91823e+11	1.03941e+11	2.75194e+11	7.02584e+10	3.61004e+10	1.07447e+11	1.59769e+11	3.06048e+09	-4.93707e+10	-8.46558e+10	-1.54804e+09	-8.27202e+10	-8.59682e+10
9.8e-10	3.06301e+11	8.04951e+10	-2.59049e+11	8.67797e+10	1.50945e+11	1.82352e+11	3.29957e+10	-6.52473e+09	1.19163e+11	1.1341e+10	3.60635e+10	-1.34442e+11	-4.21928e+09	2.01616e+10	-3.67839e+10
9.85e-10	3.14919e+11	2.18867e+11	-1.73257e+11	9.76669e+10	8.20423e+10	1.91046e+11	3.00494e+10	-1.47305e+11	7.28323e+10	1.77076e+09	4.67068e+10	-6.29889e+10	-5.65913e+09	-1.75629e+10	-4.543e+10
9.9e-10	3.25127e+11	2.66712e+11	-1.36883e+10	9.30673e+10	-8.76715e+10	2.38381e+11	2.35233e+10	-1.07468e+11	5.96127e+10	8.19999e+09	1.18924e+11	-1.73717e+10	-3.79796e+09	5.95325e+10	-6.15447e+10
9.95e-10	3.23223e+11	2.038e+11	1.57063e+11	8.86706e+10	-1.52486e+11	1.37353e+11	3.58631e+10	-1.90818e+11	-7.32754e+10	5.98563e+09	6.65268e+10	1.045e+11	-1.82184e+09	8.43972e+10	-3.65491e+10
1e-09	3.54948e+11	8.12058e+10	2.91884e+11	1.05482e+11	-2.63886e+11	2.53699e+10	3.43812e+10	-1.37161e+11	-1.16839e+11	4.09914e+09	3.79536e+10	9.20728e+10	-5.23714e+09	4.45044e+10	3.08813e+10
