Sun Nov 17 20:50:23 2024

<base> : Rectangle : 0m, 0m, 0m; 4um, 50nm, 75nm. Cells : 800, 10, 15. Cellsize : 5nm, 5nm, 5nm
<supermesh> : Rectangle : 0m, 0m, 0m; 4um, 50nm, 75nm. Cells : 800, 10, 15. Cellsize : 5nm, 5nm, 5nm

Saved data (dataname (unit) <meshname> (cells_rectangle)) : 

time (s)	<mxdmdt> (1/s) <base> (2.02um, 0m, 0m; 2.03um, 50nm, 75nm)			<mxdmdt> (1/s) <base> (2.3um, 0m, 0m; 2.31um, 50nm, 75nm)			<mxdmdt> (1/s) <base> (2.6um, 0m, 0m; 2.61um, 50nm, 75nm)			<mxdmdt> (1/s) <base> (3um, 0m, 0m; 3.01um, 50nm, 75nm)			<mxdmdt> (1/s) <base> (3.5um, 0m, 0m; 3.51um, 50nm, 75nm)			

0	-682.602	-35377.6	-43700.5	2165.61	-65162.2	25306.6	-1353.94	9507.7	-1343.16	2834.34	113627	159976	-2519.28	37401.3	-31870.4
5e-12	-8.89908e+08	3.18565e+10	-2.41771e+10	-2.66217e+09	-6.43751e+10	6.96985e+09	-3.3616e+09	-4.03476e+10	-5.88907e+10	-3.77315e+09	-2.53904e+10	6.60315e+10	-6.53598e+09	-1.67701e+10	-3.58566e+10
1e-11	-1.42488e+09	-1.59172e+10	3.37216e+10	-3.81927e+09	-1.93128e+10	-4.06454e+10	-4.4939e+09	-1.75307e+10	-1.29057e+10	-3.0917e+09	-1.0163e+10	6.28279e+09	-5.35145e+09	3.64289e+10	1.62826e+10
1.5e-11	7.06375e+09	-2.09701e+10	-4.13793e+10	-5.21688e+09	-3.48207e+10	-8.82349e+10	-6.55008e+09	-4.04358e+09	1.4525e+10	-4.75938e+09	-6.43147e+10	2.02973e+10	-6.05412e+09	-2.43761e+10	2.32441e+10
2e-11	2.16949e+10	-1.0055e+10	1.16733e+11	-3.63386e+09	1.80624e+10	2.12029e+10	-5.8818e+09	-1.69744e+09	2.52438e+10	-5.78976e+09	-5.23389e+09	5.28942e+10	-2.96544e+09	6.96272e+09	-2.02901e+10
2.5e-11	1.00655e+11	4.81265e+10	-2.28223e+11	2.66531e+09	-3.9667e+10	-1.11513e+11	-4.7934e+09	2.22942e+10	-8.23123e+09	-3.66352e+09	3.07624e+10	-2.64136e+08	-6.16112e+09	2.10948e+10	3.91385e+10
3e-11	2.37738e+11	-1.36721e+11	2.85349e+11	1.16972e+10	5.43973e+10	1.49617e+11	-3.24949e+09	5.92454e+10	-6.73216e+10	-5.55301e+09	5.28296e+10	3.10035e+10	-4.0321e+09	6.53907e+10	2.76222e+10
3.5e-11	3.93038e+11	2.13348e+11	-1.32336e+11	4.89533e+10	-5.88216e+10	-3.06676e+11	-3.45489e+09	1.71814e+10	8.30448e+10	-3.5629e+09	-6.01247e+10	-5.61743e+10	-5.76412e+09	6.49114e+09	-6.63607e+10
4e-11	5.93249e+11	-3.24218e+11	-2.01331e+11	8.3013e+10	-1.67011e+11	1.73016e+11	2.13092e+09	7.75879e+10	-4.937e+10	-4.68558e+09	4.63681e+09	-9.07489e+10	-7.00673e+09	-2.43321e+09	-4.78246e+10
4.5e-11	6.68949e+11	-1.507e+10	3.56874e+11	1.48152e+11	3.42745e+11	7.1212e+10	9.91518e+09	-1.39664e+11	-1.1975e+11	-2.3373e+09	-1.42547e+11	4.38179e+10	-3.57214e+09	-9.03966e+10	-8.94977e+09
5e-11	7.12747e+11	3.38744e+11	-9.9707e+09	1.77285e+11	-2.96711e+10	-2.73742e+11	3.22741e+10	-5.66311e+09	2.2482e+11	1.21148e+09	1.47063e+11	-1.34739e+10	-5.8827e+09	8.65977e+10	4.6744e+10
5.5e-11	7.04238e+11	1.12415e+11	-3.62882e+11	1.87344e+11	-3.56519e+11	8.31685e+10	4.53618e+10	2.1154e+11	-2.41078e+10	-1.27804e+09	-1.51379e+10	-9.90134e+10	-2.40124e+09	-6.11283e+10	-3.56721e+10
6e-11	7.4414e+11	-3.4918e+11	3.2116e+10	1.9466e+11	2.46848e+10	2.3738e+11	7.05449e+10	5.72173e+09	-2.35202e+11	4.37612e+09	-8.40403e+10	8.53023e+10	-2.88591e+09	-3.59087e+10	6.11726e+10
6.5e-11	7.36651e+11	5.99841e+09	3.16505e+11	1.87761e+11	2.9047e+11	-7.61017e+10	8.12517e+10	-2.78411e+11	4.54215e+10	1.99056e+10	1.64477e+11	1.32465e+11	-4.43232e+09	8.63687e+10	-2.80737e+09
7e-11	7.7221e+11	4.38918e+11	2.54211e+09	2.04278e+11	-7.28188e+10	-3.70757e+11	6.72531e+10	4.9382e+10	2.34324e+11	1.34807e+10	1.52649e+11	-1.09733e+11	-2.52601e+09	-3.66153e+10	-9.82785e+10
7.5e-11	7.04947e+11	-9.08063e+10	-3.28402e+11	2.1774e+11	-3.58153e+11	4.68933e+10	7.40817e+10	2.41827e+11	-6.57506e+10	1.83764e+10	-1.29751e+11	-1.42039e+11	1.84912e+08	-1.46052e+11	7.67529e+10
8e-11	6.96098e+11	-4.02854e+11	7.04485e+10	2.2531e+11	8.85327e+10	4.05734e+11	6.54745e+10	-1.15534e+10	-2.30415e+11	2.13343e+10	-1.13027e+11	1.20414e+11	-5.70676e+09	-4.16657e+10	9.08807e+10
8.5e-11	6.95519e+11	1.22964e+11	3.4453e+11	2.20835e+11	3.59121e+11	-6.50485e+10	6.14915e+10	-2.44066e+11	7.58134e+10	2.41332e+10	1.18685e+11	1.61137e+11	3.84356e+09	1.07381e+11	-7.72856e+10
9e-11	6.90637e+11	3.20571e+11	-1.10326e+11	2.04023e+11	-1.71032e+11	-3.13056e+11	6.94671e+10	2.104e+10	2.6257e+11	1.61722e+10	8.80218e+10	-1.43436e+11	-7.74637e+08	-9.44202e+10	-7.38842e+10
9.5e-11	7.43024e+11	-6.72747e+10	-4.17522e+11	1.84574e+11	-2.91705e+11	1.94561e+11	7.54619e+10	2.36752e+11	-1.20304e+11	2.0647e+10	-1.55976e+11	-9.33594e+10	1.28188e+09	-6.64971e+10	2.5379e+10
1e-10	7.05377e+11	-3.39229e+11	1.95684e+11	1.99262e+11	1.33513e+11	2.81849e+11	6.90481e+10	-1.00778e+11	-1.62882e+11	1.46974e+10	-6.53541e+10	1.20792e+11	1.33619e+09	8.39309e+10	1.17495e+11
1.05e-10	7.24196e+11	1.84441e+11	3.59329e+11	2.21768e+11	2.70133e+11	-1.87868e+11	7.41421e+10	-2.14781e+11	1.15841e+11	1.6391e+10	1.53096e+11	6.82637e+10	4.14287e+08	1.05124e+11	-3.25243e+10
1.1e-10	6.91392e+11	2.8745e+11	-1.93545e+11	2.10264e+11	-2.28648e+11	-3.19084e+11	6.42349e+10	1.6708e+11	2.14865e+11	2.13393e+10	5.35978e+10	-1.58326e+11	-3.0797e+09	-4.83124e+10	-5.53624e+10
1.15e-10	7.34648e+11	-2.41522e+11	-2.74089e+11	1.88876e+11	-2.50051e+11	1.81294e+11	6.99107e+10	1.07582e+11	-1.7463e+11	2.19893e+10	-2.41522e+11	-9.51255e+10	-4.36193e+08	-4.48525e+10	6.06645e+10
1.2e-10	7.29787e+11	-2.53443e+11	2.15513e+11	2.03136e+11	2.25476e+11	1.81387e+11	6.19992e+10	-1.62617e+11	-1.31012e+11	1.79126e+10	-4.96388e+10	1.04689e+11	1.96054e+09	1.03487e+11	5.99079e+10
1.25e-10	7.03989e+11	2.6643e+11	3.19386e+11	2.05694e+11	1.68592e+11	-2.08647e+11	6.84813e+10	-1.51019e+11	1.88805e+11	2.04864e+10	1.82607e+11	9.13455e+10	-4.27201e+08	4.55838e+10	-1.24394e+11
1.3e-10	7.21137e+11	2.56386e+11	-2.9096e+11	1.98007e+11	-2.38255e+11	-1.64085e+11	8.87622e+10	2.5025e+11	2.2913e+11	2.05195e+10	6.3979e+10	-1.62711e+11	2.62422e+09	-6.31969e+10	-1.22508e+11
1.35e-10	6.98163e+11	-2.42131e+11	-2.64839e+11	1.99282e+11	-2.01211e+11	2.55359e+11	7.04219e+10	2.16225e+11	-1.89033e+11	1.91892e+10	-1.70272e+11	-4.63383e+10	1.68456e+09	8.03716e+09	3.96615e+10
1.4e-10	7.07918e+11	-2.86346e+11	2.9813e+11	2.15528e+11	3.69471e+11	1.71088e+11	9.43133e+10	-2.04511e+11	-2.08923e+11	2.26597e+10	7.32409e+10	2.43456e+11	-4.04946e+09	7.01672e+10	-3.32669e+10
1.45e-10	6.8514e+11	2.83446e+11	1.74286e+11	2.14741e+11	2.32793e+11	-2.94561e+11	7.35931e+10	-1.21302e+11	3.22857e+11	1.9872e+10	1.72833e+11	3.5084e+09	-1.65528e+09	1.16703e+11	-8.78736e+10
1.5e-10	7.16572e+11	1.79523e+11	-3.06051e+11	1.9497e+11	-3.79661e+11	-1.24774e+11	6.32051e+10	2.44858e+11	1.11577e+11	9.71054e+09	4.7375e+10	-8.0212e+10	-3.21059e+09	1.19687e+10	-7.64353e+10
1.55e-10	7.57828e+11	-3.95591e+11	-1.18362e+11	1.95962e+11	-5.9789e+10	3.34685e+11	6.76699e+10	1.0061e+11	-2.19596e+11	1.77216e+10	-2.10338e+11	3.61786e+10	-2.09783e+09	-1.73431e+10	6.87657e+10
1.6e-10	7.15375e+11	-1.7681e+11	3.54944e+11	2.06162e+11	3.23177e+11	5.65105e+10	8.00255e+10	-2.5036e+11	-5.20691e+10	2.13078e+10	7.61261e+10	2.12106e+11	-3.70179e+09	9.93083e+10	3.74732e+10
1.65e-10	7.40385e+11	3.44799e+11	1.3321e+11	1.9327e+11	7.16507e+10	-3.29948e+11	7.63844e+10	-4.10079e+10	3.29579e+11	1.81247e+10	1.71131e+11	-2.32231e+10	-3.57029e+09	-6.42112e+10	-9.14654e+10
1.7e-10	7.33727e+11	5.90063e+10	-3.58762e+11	2.02434e+11	-3.45576e+11	-2.17771e+10	6.55923e+10	2.05223e+11	-5.53075e+09	2.08819e+10	-3.75399e+10	-1.82805e+11	7.87787e+08	-1.13345e+11	4.40139e+09
1.75e-10	7.30732e+11	-3.38701e+11	-8.05062e+10	2.12147e+11	-2.68783e+10	2.77941e+11	6.85306e+10	-4.32802e+10	-2.09144e+11	1.93971e+10	-1.29001e+11	8.60053e+10	4.11228e+08	-2.17638e+10	6.69354e+10
1.8e-10	7.43004e+11	-4.73492e+10	4.35938e+11	2.1489e+11	4.17452e+11	6.45578e+10	7.19069e+10	-2.84593e+11	-1.05051e+10	1.32322e+10	1.22698e+11	1.44956e+11	8.06821e+09	2.26548e+11	-7.20459e+10
1.85e-10	6.92653e+11	3.39527e+11	-4.87774e+10	2.13602e+11	-6.37213e+10	-3.33313e+11	7.20736e+10	8.75265e+09	2.67596e+11	1.55649e+10	4.9891e+10	-6.08248e+10	-1.12157e+09	3.29773e+10	-5.6313e+10
1.9e-10	7.10567e+11	2.39366e+10	-3.30789e+11	1.93579e+11	-2.77115e+11	1.25933e+11	7.11415e+10	2.97871e+11	-7.96833e+10	7.96819e+09	-1.39336e+10	-1.30785e+11	-6.79807e+08	-9.8417e+10	8.59222e+10
1.95e-10	7.00517e+11	-3.34502e+11	7.79835e+10	2.10352e+11	1.30874e+11	3.55023e+11	6.01551e+10	-1.38138e+11	-1.68577e+11	1.62872e+10	-1.3928e+11	6.73488e+10	-1.81426e+09	2.58232e+10	8.06734e+10
2e-10	6.75889e+11	8.91245e+10	2.83708e+11	2.27808e+11	2.97097e+11	-1.50317e+11	7.97953e+10	-2.85102e+11	1.00338e+11	2.0327e+10	6.58362e+10	1.65536e+11	3.32384e+09	6.40226e+10	-4.85809e+10
2.05e-10	7.20021e+11	2.82762e+11	-1.47294e+11	1.92422e+11	-2.01118e+11	-2.0034e+11	6.94245e+10	1.70695e+11	2.24097e+11	1.53969e+10	9.34803e+10	-1.27542e+11	-1.67718e+08	-1.23228e+10	-1.00173e+11
2.1e-10	7.40485e+11	-2.20821e+11	-3.40512e+11	1.76642e+11	-1.54088e+11	1.8337e+11	7.24153e+10	2.48424e+11	-1.60549e+11	1.1349e+10	-1.27634e+11	-9.09822e+10	-4.85239e+09	-6.6058e+10	-1.35128e+09
2.15e-10	7.38295e+11	-3.61013e+11	1.84221e+11	1.97972e+11	2.56802e+11	2.07218e+11	6.59016e+10	-9.73519e+10	-2.24527e+11	1.81554e+10	-8.49173e+10	1.88291e+11	-2.64255e+08	1.18481e+11	9.89998e+10
2.2e-10	7.04051e+11	1.57386e+11	3.28473e+11	1.97887e+11	2.15083e+11	-2.5094e+11	6.52004e+10	-2.26366e+11	1.11445e+11	1.49335e+10	1.29402e+11	5.86136e+10	5.59744e+07	1.22696e+11	-1.04186e+11
2.25e-10	6.94648e+11	2.69444e+11	-1.85354e+11	2.10006e+11	-2.13365e+11	-2.55829e+11	6.11376e+10	1.26426e+11	1.87898e+11	1.24936e+10	6.21543e+10	-1.24373e+11	-1.33124e+09	-3.62013e+10	-7.88281e+10
2.3e-10	7.18536e+11	-2.59627e+11	-3.16246e+11	2.05091e+11	-1.43476e+11	2.85864e+11	6.10268e+10	1.47467e+11	-1.75462e+11	2.55767e+10	-1.60603e+11	2.25958e+10	-2.57252e+09	1.21108e+10	7.20382e+10
2.35e-10	7.34186e+11	-3.01467e+11	2.61971e+11	1.91821e+11	2.58132e+11	1.79387e+11	7.64292e+10	-2.31967e+11	-1.53322e+11	1.61343e+10	5.10985e+08	1.93432e+11	-2.04954e+09	9.98966e+10	1.20756e+11
2.4e-10	7.19022e+11	2.74548e+11	1.70716e+11	1.92914e+11	1.74704e+11	-2.77246e+11	7.91402e+10	-1.90013e+11	2.25865e+11	7.9754e+09	1.02721e+11	2.68684e+10	1.3993e+09	6.47886e+09	-1.03263e+11
2.45e-10	7.30205e+11	1.71086e+11	-3.51052e+11	2.08028e+11	-3.23669e+11	-1.44911e+11	7.50873e+10	1.74794e+11	8.8498e+10	1.81453e+10	8.72502e+10	-1.73402e+11	-1.81393e+09	-4.368e+10	6.02572e+10
2.5e-10	7.49123e+11	-3.79555e+11	-1.31788e+11	1.93633e+11	-9.03164e+10	2.91963e+11	7.37589e+10	1.29756e+11	-2.30288e+11	1.93304e+10	-1.63706e+11	5.14852e+09	1.59271e+09	1.11013e+10	1.06066e+11
2.55e-10	7.17116e+11	-1.17316e+11	3.55222e+11	2.16456e+11	3.57626e+11	8.1827e+10	7.12041e+10	-2.411e+11	-1.10534e+11	1.12951e+10	4.60084e+10	1.83347e+11	4.06591e+09	1.32399e+11	2.68395e+09
2.6e-10	7.69987e+11	3.94052e+11	1.43404e+11	2.15511e+11	4.90139e+10	-3.19768e+11	7.25092e+10	-3.93666e+10	2.83804e+11	1.14224e+10	1.42553e+11	-4.11217e+10	-3.2468e+09	4.47796e+10	-7.00668e+10
2.65e-10	7.07625e+11	1.11436e+11	-3.47969e+11	1.94169e+11	-3.96563e+11	-9.42238e+10	7.30242e+10	2.53234e+11	5.99973e+10	1.75378e+10	-8.38906e+10	-1.74534e+11	4.83904e+09	-1.0898e+11	-3.24532e+10
2.7e-10	6.87944e+11	-3.54615e+11	-2.83022e+10	2.16685e+11	-1.38099e+10	3.36301e+11	9.6739e+10	-5.23695e+10	-3.69878e+11	1.65501e+10	-1.79998e+11	1.16228e+11	-2.98595e+09	-2.82141e+10	1.3628e+11
2.75e-10	7.14223e+11	-2.21553e+10	4.00169e+11	2.00007e+11	2.97597e+11	-1.2647e+10	7.74957e+10	-2.65929e+11	-2.19038e+10	1.29568e+10	6.0852e+10	1.63357e+11	-5.91941e+09	2.90254e+10	4.57424e+10
2.8e-10	7.2519e+11	3.34163e+11	2.53344e+10	2.19816e+11	-4.64438e+10	-3.92983e+11	7.74065e+10	5.78323e+10	2.40168e+11	1.64963e+10	1.15934e+11	-8.6544e+10	3.68591e+08	-3.3712e+10	-1.00555e+11
2.85e-10	7.38006e+11	-3.58357e+10	-3.51733e+11	1.99264e+11	-3.05527e+11	5.14735e+10	6.43132e+10	2.29592e+11	-1.26194e+11	2.43003e+10	-1.53825e+11	-1.00736e+11	1.72505e+09	-1.73667e+11	-1.79745e+10
2.9e-10	6.88011e+11	-3.39765e+11	2.97001e+10	1.92587e+11	1.66787e+11	3.0916e+11	8.69531e+10	-1.12976e+11	-2.6861e+11	1.53606e+10	-1.32691e+11	1.82822e+11	2.07281e+09	8.06386e+09	1.26739e+11
2.95e-10	6.89617e+11	1.13369e+11	3.31303e+11	2.08038e+11	3.37054e+11	-1.64203e+11	6.75009e+10	-2.71908e+11	6.24368e+10	2.09236e+10	1.37428e+11	1.09587e+11	-2.37285e+09	1.34801e+11	-5.31635e+10
3e-10	7.28344e+11	3.58049e+11	-9.0507e+10	1.79846e+11	-1.79209e+11	-2.78939e+11	6.52668e+10	9.77316e+10	2.43317e+11	1.80105e+10	1.04192e+11	-1.04665e+11	2.21227e+09	-1.0156e+11	-8.47388e+10
3.05e-10	7.43673e+11	-1.26716e+11	-3.58461e+11	2.10063e+11	-2.57339e+11	1.43334e+11	8.04585e+10	1.89316e+11	-1.39934e+11	1.61413e+10	-1.36861e+11	-7.7422e+10	-3.066e+09	-3.75001e+10	3.24152e+10
3.1e-10	7.04721e+11	-2.97668e+11	1.82939e+11	2.06107e+11	1.61642e+11	3.584e+11	6.40131e+10	-1.52639e+11	-1.67275e+11	2.19367e+10	-9.90816e+10	2.19466e+11	-2.2328e+09	2.85219e+10	8.88532e+10
3.15e-10	7.11055e+11	2.09747e+11	3.25215e+11	2.17746e+11	2.5985e+11	-2.39449e+11	8.159e+10	-2.03958e+11	1.35203e+11	1.49444e+10	1.49832e+11	6.94347e+10	-7.99006e+08	3.96849e+10	6.94212e+09
3.2e-10	7.20225e+11	2.7923e+11	-1.56705e+11	2.06803e+11	-1.79651e+11	-2.77752e+11	6.6293e+10	1.32699e+11	1.10039e+11	1.05198e+10	4.43217e+10	-1.48836e+11	-2.86506e+09	-9.73415e+10	-1.2702e+10
3.25e-10	7.40595e+11	-2.48195e+11	-3.49889e+11	2.1384e+11	-2.74648e+11	2.28864e+11	8.03746e+10	2.2198e+11	-2.10144e+11	1.61897e+10	-1.98541e+11	-8.65648e+10	1.74949e+09	-6.33439e+10	9.173e+10
3.3e-10	7.19967e+11	-3.58882e+11	1.6588e+11	1.90128e+11	1.66302e+11	3.16145e+11	7.5608e+10	-1.56014e+11	-1.54646e+11	1.33697e+10	4.75222e+09	1.47788e+11	2.83554e+09	1.40553e+11	7.6569e+10
3.35e-10	6.99536e+11	2.10804e+11	2.9407e+11	2.16833e+11	1.50588e+11	-2.32967e+11	7.67137e+10	-1.97845e+11	2.00981e+11	1.97319e+10	1.49923e+11	-1.70139e+10	-6.04141e+07	8.93575e+10	-8.74743e+10
3.4e-10	7.51566e+11	2.86854e+11	-2.48411e+11	2.12808e+11	-2.16193e+11	-2.50333e+11	7.06105e+10	2.25085e+11	2.09021e+11	2.74867e+10	7.36012e+10	-2.01715e+11	-7.72723e+07	-6.71748e+10	-4.89081e+10
3.45e-10	7.18845e+11	-2.86774e+11	-2.89553e+11	2.16174e+11	-1.9045e+11	2.42187e+11	6.8349e+10	1.49005e+11	-2.25695e+11	1.94223e+10	-1.75379e+11	6.04369e+10	2.48723e+09	-8.22409e+10	4.70348e+10
3.5e-10	7.29599e+11	-1.94159e+11	3.38363e+11	2.15787e+11	2.78792e+11	2.14467e+11	6.67932e+10	-2.01421e+11	-1.65471e+11	1.13086e+10	2.46927e+10	7.85557e+10	-4.55435e+08	9.50851e+10	5.89011e+10
3.55e-10	7.65317e+11	3.11777e+11	1.5316e+11	2.01541e+11	1.42669e+11	-2.96603e+11	7.71381e+10	-1.51348e+11	1.14478e+11	1.59058e+10	1.80086e+11	5.88443e+10	-1.59021e+09	6.71244e+10	-1.34044e+11
3.6e-10	7.35857e+11	1.82273e+11	-3.66379e+11	2.2809e+11	-3.78316e+11	-1.81646e+11	8.01336e+10	3.1895e+11	1.22317e+11	1.95045e+10	-6.46343e+10	-2.14285e+11	3.42006e+09	-7.5353e+10	-4.30973e+10
3.65e-10	7.05463e+11	-2.95701e+11	-1.35265e+11	2.04556e+11	-1.58865e+11	3.47075e+11	7.74585e+10	1.55437e+11	-2.48484e+11	1.40637e+10	-2.26951e+11	-4.90283e+10	-2.37933e+09	-1.26363e+11	1.04576e+11
3.7e-10	7.44836e+11	-1.37741e+11	3.07415e+11	1.83043e+11	3.02358e+11	4.79896e+10	7.0575e+10	-2.65253e+11	-9.9281e+10	2.64926e+10	2.15098e+10	2.00141e+11	2.25546e+09	1.2479e+11	1.63213e+10
3.75e-10	7.19378e+11	3.50658e+11	1.12547e+11	1.99453e+11	4.21767e+10	-3.20623e+11	5.54701e+10	-1.004e+11	2.08328e+11	2.03626e+10	1.7668e+11	-2.00441e+10	3.38365e+09	8.28146e+10	-6.46118e+10
3.8e-10	7.14194e+11	3.46194e+10	-2.86493e+11	1.99552e+11	-3.3925e+11	-3.30047e+10	6.59857e+10	2.42928e+11	-3.89467e+10	1.39356e+10	-6.36036e+10	-1.92272e+11	-2.04442e+09	-2.47352e+10	-2.16402e+10
3.85e-10	7.20057e+11	-3.84788e+11	-5.06959e+10	2.05469e+11	-1.48037e+10	3.04136e+11	7.44662e+10	4.17992e+10	-2.29108e+11	1.63107e+10	-1.59443e+11	5.20424e+08	7.84119e+07	-3.88302e+10	1.28262e+11
3.9e-10	6.99746e+11	-2.63064e+10	3.59937e+11	2.0095e+11	3.62883e+11	5.72441e+10	7.95482e+10	-3.08971e+11	1.18166e+10	2.00058e+10	6.37321e+10	2.0397e+11	1.78555e+09	1.17369e+11	7.68583e+10
3.95e-10	6.97753e+11	3.29473e+11	-1.5393e+10	2.18093e+11	-9.39525e+10	-4.06316e+11	7.76061e+10	9.40202e+09	3.51519e+11	1.70357e+10	9.46767e+10	-1.50168e+11	1.22151e+09	-4.22739e+10	-7.5877e+10
4e-10	7.44601e+11	-1.37816e+10	-3.92976e+11	1.90249e+11	-3.04583e+11	1.2811e+11	7.24408e+10	3.02547e+11	-5.3446e+10	1.43602e+10	-8.74708e+10	-1.5007e+11	1.21299e+08	-6.40715e+10	-2.44011e+10
4.05e-10	7.42711e+11	-3.20392e+11	-3.93146e+08	2.08478e+11	1.12934e+11	3.08857e+11	6.08236e+10	-9.4731e+10	-1.6307e+11	1.60363e+10	-1.69217e+11	1.26513e+11	-1.27297e+09	-2.01848e+10	1.10253e+11
4.1e-10	7.10029e+11	1.00358e+11	3.55573e+11	1.98374e+11	3.3797e+11	-5.56286e+10	8.05707e+10	-2.82688e+11	1.11873e+11	1.32375e+10	8.10373e+10	1.63133e+11	-1.51662e+09	3.16302e+10	2.14587e+10
4.15e-10	7.0013e+11	3.58644e+11	-8.41508e+10	2.01723e+11	-1.57814e+11	-3.14576e+11	7.12903e+10	6.66928e+10	2.21976e+11	1.98781e+10	1.57131e+11	-4.02605e+10	6.71559e+08	-4.75035e+10	-9.75069e+10
4.2e-10	6.99666e+11	-1.27677e+11	-3.46968e+11	2.15151e+11	-2.7913e+11	2.239e+11	5.73113e+10	2.33937e+11	-7.20045e+10	1.93508e+10	-1.00766e+11	-1.36517e+11	-2.2088e+09	-7.60912e+10	3.85045e+10
4.25e-10	7.35135e+11	-3.55916e+11	1.43911e+11	2.09961e+11	2.69828e+11	2.93577e+11	7.818e+10	-1.7137e+11	-2.309e+11	1.34026e+10	-8.71856e+10	4.91358e+10	-3.23275e+09	5.28948e+10	6.35817e+10
4.3e-10	7.22504e+11	8.14404e+10	3.00547e+11	2.04735e+11	2.61174e+11	-1.48332e+11	8.15742e+10	-1.87569e+11	1.70101e+11	1.30403e+10	1.4119e+11	6.97839e+10	-1.17991e+08	5.01165e+10	-1.54611e+11
4.35e-10	7.36993e+11	3.37819e+11	-2.09626e+11	2.0861e+11	-2.07716e+11	-2.74892e+11	8.53846e+10	1.75884e+11	2.14594e+11	1.79381e+10	5.35134e+10	-1.27906e+11	4.29328e+09	-7.76937e+10	-1.095e+11
4.4e-10	7.22834e+11	-2.04674e+11	-3.05296e+11	2.00452e+11	-2.70852e+11	2.11622e+11	7.28803e+10	2.18011e+11	-2.11733e+11	2.10658e+10	-2.37719e+11	-4.10953e+10	-2.58987e+08	4.55813e+09	6.50858e+10
4.45e-10	7.29876e+11	-2.43144e+11	2.45016e+11	2.13145e+11	2.34828e+11	2.50575e+11	7.698e+10	-1.53597e+11	-1.48671e+11	1.98043e+10	-5.47393e+10	1.19116e+11	-5.33383e+08	5.07391e+10	4.02026e+10
4.5e-10	6.93427e+11	2.79519e+11	2.23438e+11	2.06449e+11	2.29571e+11	-2.62589e+11	7.69145e+10	-1.48262e+11	1.36971e+11	1.66936e+10	1.54915e+11	2.0974e+10	1.40682e+09	6.65699e+10	-9.69895e+10
4.55e-10	7.10641e+11	2.73485e+11	-2.63907e+11	1.99397e+11	-2.21738e+11	-1.81859e+11	7.57034e+10	2.3447e+11	1.72763e+11	1.75505e+10	3.46307e+09	-2.04328e+11	3.15318e+09	-3.40927e+10	-7.76262e+10
4.6e-10	6.93858e+11	-2.89345e+11	-2.72096e+11	2.02214e+11	-1.77877e+11	2.38317e+11	6.62284e+10	1.59461e+11	-1.97332e+11	2.06411e+10	-2.04631e+11	4.11223e+09	-3.53807e+09	-4.32605e+10	5.43968e+10
4.65e-10	7.04879e+11	-2.40814e+11	3.05829e+11	1.92564e+11	2.88582e+11	1.55267e+11	6.66553e+10	-1.47187e+11	-7.95979e+10	2.37538e+10	1.81544e+10	1.88422e+11	3.84611e+08	7.93869e+10	9.1931e+10
4.7e-10	6.92345e+11	3.42471e+11	2.60802e+11	1.98602e+11	1.00332e+11	-3.38301e+11	6.05323e+10	-1.84876e+11	2.01933e+11	1.359e+10	1.7884e+11	2.15375e+10	3.90273e+09	2.13529e+10	-1.63063e+11
4.75e-10	6.7746e+11	1.08167e+11	-3.18623e+11	2.06689e+11	-3.02275e+11	-1.75026e+11	7.49306e+10	1.87722e+11	9.86032e+10	1.40033e+10	3.19124e+10	-1.17156e+11	3.0348e+09	-8.12221e+10	-4.34312e+10
4.8e-10	7.47097e+11	-3.73305e+11	-1.80991e+11	2.07244e+11	-5.94086e+10	3.52905e+11	7.02514e+10	1.45432e+11	-2.19283e+11	1.71046e+10	-1.87965e+11	1.36805e+10	-4.65784e+09	-3.80218e+10	4.17312e+10
4.85e-10	6.69365e+11	-1.03189e+11	3.15498e+11	2.03534e+11	2.97802e+11	9.02358e+10	6.57263e+10	-2.41604e+11	-5.87106e+10	2.09796e+10	2.64747e+10	1.4444e+11	1.86282e+09	1.00425e+11	-1.15794e+10
4.9e-10	6.84379e+11	2.95237e+11	8.08815e+10	2.04625e+11	-3.05279e+10	-3.73142e+11	6.97687e+10	-2.06902e+10	2.38978e+11	1.53757e+10	1.61709e+11	-1.15174e+11	-3.96849e+08	3.86775e+10	-1.45051e+11
4.95e-10	7.00118e+11	6.41882e+09	-3.05226e+11	2.04868e+11	-3.2314e+11	1.09726e+10	7.60998e+10	2.75867e+11	1.48479e+10	2.27061e+10	-9.84731e+10	-1.77501e+11	2.11207e+09	-9.94266e+10	-2.37468e+10
5e-10	7.33603e+11	-4.29627e+11	-4.63435e+10	1.85508e+11	-2.82852e+10	3.1681e+11	8.55057e+10	-2.70299e+10	-2.94453e+11	2.62053e+10	-2.07849e+11	1.19062e+11	-2.76871e+09	-2.51766e+10	9.70971e+10
5.05e-10	7.19164e+11	-7.03647e+10	4.16898e+11	2.16525e+11	3.44162e+11	2.45162e+10	6.29841e+10	-2.40466e+11	-4.82237e+09	1.58128e+10	5.87206e+10	1.37435e+11	-2.62789e+09	7.68909e+10	6.35753e+10
5.1e-10	7.06509e+11	3.3588e+11	-4.28089e+10	1.95857e+11	-6.3785e+10	-3.5695e+11	8.0632e+10	1.0742e+11	3.17935e+11	1.80965e+10	1.90669e+11	-1.06975e+11	-9.10861e+08	-2.9226e+10	-7.04449e+10
5.15e-10	7.23215e+11	-5.11695e+10	-3.48878e+11	2.05132e+11	-3.04899e+11	1.81461e+11	6.57822e+10	2.4483e+11	-5.08347e+10	1.47892e+10	-1.27966e+11	-7.98877e+10	-1.80304e+08	-5.52661e+10	5.4086e+10
5.2e-10	7.39064e+11	-3.59923e+11	6.43543e+10	1.89933e+11	1.21712e+11	3.34848e+11	7.95162e+10	-7.69262e+10	-2.46561e+11	1.33482e+10	-1.34559e+11	5.95085e+10	2.33699e+09	5.8844e+10	9.31263e+10
5.25e-10	6.92842e+11	8.46917e+10	3.1465e+11	2.03355e+11	3.19881e+11	-1.17013e+11	7.22571e+10	-2.46235e+11	1.085e+11	1.38714e+10	9.03083e+10	7.49597e+10	-1.01561e+09	9.48597e+10	-8.14328e+10
5.3e-10	7.20081e+11	3.57015e+11	-9.41643e+10	2.32e+11	-7.77093e+10	-2.96863e+11	7.33867e+10	1.04176e+11	2.71789e+11	1.70274e+10	8.34854e+10	-1.52749e+11	2.77922e+09	-2.87976e+10	-1.94865e+11
5.35e-10	7.40536e+11	-1.5567e+11	-3.57076e+11	2.04298e+11	-2.54866e+11	1.67716e+11	7.92416e+10	2.39988e+11	-1.53766e+11	1.51473e+10	-1.3087e+11	-4.96515e+10	-5.42801e+08	-9.32233e+10	3.56637e+10
5.4e-10	7.09382e+11	-3.21994e+11	1.23585e+11	1.9113e+11	1.66741e+11	2.52337e+11	7.27107e+10	-1.89677e+11	-1.71681e+11	1.83484e+10	-1.07886e+10	1.72197e+11	-2.5167e+09	-2.75893e+10	3.91265e+10
5.45e-10	7.29899e+11	1.8582e+11	3.76694e+11	2.15009e+11	2.9683e+11	-2.42299e+11	6.65055e+10	-2.07693e+11	1.11076e+11	2.6638e+10	2.09386e+11	6.86192e+09	5.12381e+09	4.74376e+10	-1.02128e+11
5.5e-10	7.05477e+11	2.98108e+11	-2.39795e+11	2.14087e+11	-2.47004e+11	-3.14049e+11	7.05315e+10	1.77006e+11	1.80217e+11	1.9021e+10	-1.98364e+10	-1.64103e+11	-3.92706e+09	-2.84603e+10	-9.66496e+10
5.55e-10	7.55693e+11	-2.54723e+11	-3.27251e+11	1.85319e+11	-2.56016e+11	2.27685e+11	7.46688e+10	2.23695e+11	-2.39538e+11	1.78232e+10	-1.66135e+11	-4.26099e+10	-2.84073e+09	-9.76747e+10	1.26817e+11
5.6e-10	7.25336e+11	-3.34088e+11	2.33983e+11	2.1344e+11	2.16184e+11	1.93782e+11	7.32069e+10	-2.06784e+11	-1.3917e+11	1.8041e+10	-4.67105e+10	1.23612e+11	-2.15589e+09	5.98822e+10	3.23704e+10
5.65e-10	7.00149e+11	2.32902e+11	2.73324e+11	1.97299e+11	1.51272e+11	-2.34263e+11	7.0844e+10	-8.83256e+10	1.85297e+11	2.06846e+10	2.31269e+11	5.30634e+10	-1.85283e+09	7.16413e+10	-4.30005e+10
5.7e-10	7.05517e+11	3.02949e+11	-2.86332e+11	1.76458e+11	-2.66594e+11	-2.26521e+11	6.52565e+10	1.95892e+11	1.90401e+11	1.35394e+10	-9.05781e+09	-8.55032e+10	-2.37148e+09	-1.45003e+11	-2.14804e+10
5.75e-10	7.2288e+11	-2.47185e+11	-1.15157e+11	2.01168e+11	-1.02877e+11	2.91222e+11	6.93029e+10	1.1896e+11	-2.11315e+11	2.38064e+10	-1.76891e+11	-5.00425e+10	6.3655e+09	-1.04779e+11	1.30029e+11
5.8e-10	6.94869e+11	-1.88463e+11	3.07013e+11	1.82117e+11	2.91456e+11	7.03241e+10	7.17102e+10	-1.86117e+11	-1.37967e+11	1.81339e+10	4.69714e+10	1.75326e+11	-2.53162e+09	1.13563e+09	6.34121e+09
5.85e-10	7.12904e+11	3.47234e+11	2.11298e+11	1.94586e+11	1.47181e+11	-2.58117e+11	7.46268e+10	-1.4028e+11	2.99291e+11	1.92159e+10	2.19428e+11	-4.21204e+10	1.58488e+09	4.06597e+10	-4.8609e+10
5.9e-10	7.16083e+11	1.5357e+11	-3.50288e+11	2.20875e+11	-3.00329e+11	-6.85808e+10	6.53284e+10	2.02969e+11	4.22381e+10	2.01854e+10	-1.16568e+10	-1.31963e+11	-2.99974e+09	-7.50363e+09	-1.29553e+10
5.95e-10	6.94868e+11	-3.3315e+11	-7.61052e+10	2.1345e+11	-4.49835e+10	3.06088e+11	6.79446e+10	1.42988e+11	-2.71162e+11	1.63932e+10	-1.21326e+11	-2.75797e+10	2.27295e+09	-5.22233e+10	1.15951e+11
6e-10	6.74371e+11	-8.0082e+10	3.87978e+11	2.13021e+11	4.14659e+11	1.50579e+10	7.41595e+10	-2.31823e+11	-8.85785e+10	1.466e+10	1.08877e+11	1.40171e+11	1.85683e+08	6.81134e+10	-1.05457e+11
6.05e-10	7.22816e+11	2.79961e+11	4.556e+10	1.96633e+11	4.42042e+10	-3.57582e+11	8.05207e+10	-7.79372e+09	2.53035e+11	1.3129e+10	1.32961e+11	-4.49714e+10	-1.97905e+09	8.97409e+09	-7.53982e+10
6.1e-10	7.0983e+11	1.94881e+10	-3.59128e+11	2.09062e+11	-3.28477e+11	1.27842e+10	6.17469e+10	2.62539e+11	-8.76056e+10	1.71542e+10	-5.51575e+10	-1.25615e+11	5.01468e+09	-1.15908e+11	4.97241e+09
6.15e-10	7.32029e+11	-4.16578e+11	-1.99591e+10	2.14938e+11	7.20665e+10	3.82078e+11	8.93396e+10	-2.59579e+10	-2.95026e+11	2.56177e+10	-1.3379e+11	1.54259e+11	-2.97556e+09	-2.84864e+10	3.10294e+10
6.2e-10	7.10099e+11	-1.73668e+10	3.57055e+11	2.04888e+11	3.30239e+11	-3.8814e+10	6.26659e+10	-2.55268e+11	5.74539e+10	2.46656e+10	1.92023e+11	1.82569e+11	3.64061e+09	1.22233e+11	-5.1123e+10
6.25e-10	6.79452e+11	3.75295e+11	-8.04801e+10	1.95331e+11	-1.17109e+11	-2.63347e+11	6.33274e+10	3.58155e+10	1.72827e+11	2.26743e+10	1.31542e+11	-1.44831e+11	7.73809e+08	-8.63599e+10	-1.4654e+11
6.3e-10	7.10704e+11	-1.64607e+11	-3.8185e+11	1.95489e+11	-2.72034e+11	1.40917e+11	7.69799e+10	2.21516e+11	-1.09698e+11	1.04178e+10	-1.24257e+11	-4.14596e+10	2.23092e+09	-1.09677e+11	6.74358e+10
6.35e-10	7.25678e+11	-4.02979e+11	1.45139e+11	2.00163e+11	2.54887e+11	3.46709e+11	6.49995e+10	-8.27851e+10	-2.25005e+11	1.53438e+10	-9.23184e+10	7.52327e+10	-2.24734e+09	9.53885e+10	1.37287e+11
6.4e-10	6.62159e+11	2.22936e+11	2.58283e+11	2.11362e+11	3.02174e+11	-2.43489e+11	7.93658e+10	-2.90652e+11	1.16106e+11	1.94781e+10	1.26602e+11	9.52891e+10	3.11832e+09	1.53823e+11	-2.00336e+10
6.45e-10	7.01463e+11	2.96544e+11	-2.00157e+11	1.86424e+11	-2.51938e+11	-2.24404e+11	7.90049e+10	1.49658e+11	2.62519e+11	2.11325e+10	1.28322e+11	-1.41509e+11	5.54551e+07	-7.29621e+10	-8.67897e+10
6.5e-10	6.97483e+11	-2.82793e+11	-2.38904e+11	1.95639e+11	-1.92894e+11	2.5149e+11	6.20058e+10	1.59231e+11	-1.64444e+11	2.21809e+10	-1.92639e+11	-9.33868e+10	7.51131e+09	-1.30454e+11	1.17363e+11
6.55e-10	7.29157e+11	-2.69596e+11	3.05206e+11	2.13054e+11	3.08749e+11	1.61535e+11	5.37531e+10	-1.24376e+11	-1.77588e+11	1.29662e+10	-5.48293e+10	1.94443e+11	-2.62833e+09	1.27574e+11	4.52103e+10
6.6e-10	7.85498e+11	2.29101e+11	2.83732e+11	2.00257e+11	1.47229e+11	-3.06954e+11	6.39167e+10	-1.33481e+11	1.84287e+11	2.11377e+10	1.66085e+11	7.62365e+10	2.31352e+09	9.46712e+10	-1.5189e+10
6.65e-10	6.93578e+11	2.44867e+11	-2.63565e+11	1.97956e+11	-2.69465e+11	-2.05063e+11	6.71458e+10	1.29913e+11	1.45307e+11	1.74931e+10	-4.39718e+10	-2.18348e+11	-2.37271e+09	-7.06946e+10	-2.37623e+10
6.7e-10	7.04484e+11	-3.6484e+11	-2.18979e+11	1.85462e+11	-1.41129e+11	2.65388e+11	8.30056e+10	1.46124e+11	-2.36008e+11	1.66369e+10	-1.87774e+11	-2.25858e+09	-3.73804e+09	-2.71608e+10	7.03849e+10
6.75e-10	7.63983e+11	-2.41135e+11	3.64515e+11	2.10463e+11	3.57869e+11	2.06359e+11	8.09314e+10	-2.37479e+11	-1.39508e+11	7.62893e+09	-2.87469e+09	1.3349e+11	2.37105e+08	1.78397e+11	1.05272e+11
6.8e-10	6.85709e+11	3.85868e+11	9.1844e+10	1.97667e+11	1.3593e+11	-2.40731e+11	6.76925e+10	-1.17245e+11	2.17496e+11	1.7591e+10	1.5959e+11	1.92459e+10	6.25966e+09	3.04866e+10	-1.63592e+11
6.85e-10	7.0406e+11	1.54498e+11	-3.74233e+11	1.95039e+11	-3.35924e+11	-6.39528e+09	6.69564e+10	2.64268e+11	1.09197e+11	1.85165e+10	-6.18013e+10	-1.02516e+11	-4.5925e+09	-3.99202e+10	6.09992e+09
6.9e-10	7.36151e+11	-3.80705e+11	-6.46324e+10	2.22544e+11	-8.10399e+10	3.76747e+11	7.51953e+10	2.55455e+10	-2.62473e+11	1.2097e+10	-2.06939e+11	4.90964e+10	-5.88636e+09	2.40211e+10	1.01852e+11
6.95e-10	6.94081e+11	-8.8255e+10	3.32874e+11	2.21303e+11	3.98711e+11	7.49252e+10	6.38917e+10	-2.64036e+11	-5.33366e+10	1.35845e+10	-1.49501e+10	1.44725e+11	3.53004e+09	7.71018e+10	5.57694e+10
7e-10	7.58735e+11	3.98304e+11	1.07218e+11	1.94937e+11	1.00365e+10	-3.20061e+11	6.4017e+10	-4.15074e+10	2.49427e+11	1.92209e+10	1.66392e+11	-8.75774e+10	3.63811e+08	-7.3855e+10	-9.21085e+10
7.05e-10	7.19841e+11	1.78356e+10	-3.85559e+11	1.94929e+11	-3.66555e+11	-1.5971e+10	7.56441e+10	2.7813e+11	-7.64464e+10	2.09694e+10	-5.80722e+10	-1.79294e+11	3.40384e+09	-1.78096e+11	-9.92638e+09
7.1e-10	7.10888e+11	-3.34336e+11	1.31757e+08	2.05564e+11	3.14627e+10	3.84536e+11	7.13746e+10	2.4356e+10	-1.8848e+11	1.81845e+10	-1.19055e+11	1.11693e+11	-1.47305e+09	2.58758e+10	7.142e+10
7.15e-10	7.24759e+11	7.91553e+10	3.40876e+11	1.90118e+11	2.86627e+11	-7.41563e+10	7.5109e+10	-2.90878e+11	3.49021e+10	1.93435e+10	1.1159e+11	1.29657e+11	-2.34799e+09	5.84201e+10	-6.04623e+10
7.2e-10	7.11476e+11	4.05497e+11	-7.33526e+10	2.03888e+11	-8.34267e+10	-2.64241e+11	7.93901e+10	4.11889e+10	2.32462e+11	1.46137e+10	1.20357e+11	-1.24679e+11	2.29654e+09	-1.22931e+10	-1.6745e+11
7.25e-10	7.20526e+11	-7.77565e+10	-3.70472e+11	2.08191e+11	-3.41867e+11	1.48475e+11	6.70383e+10	2.50345e+11	-3.92433e+10	1.78894e+10	-1.19024e+11	-1.14686e+11	2.04161e+09	-1.55018e+11	5.84095e+10
7.3e-10	7.16365e+11	-3.17674e+11	6.32204e+10	2.09601e+11	1.51014e+11	2.83179e+11	6.81888e+10	-1.34559e+11	-1.96886e+11	1.25285e+10	-4.59784e+10	1.71121e+11	3.60904e+09	1.04812e+09	1.32384e+11
7.35e-10	7.37421e+11	1.77447e+11	3.70862e+11	2.14584e+11	2.59754e+11	-1.32022e+11	5.6997e+10	-2.15303e+11	9.25524e+10	1.47898e+10	1.45741e+11	9.11914e+10	3.35614e+09	8.98747e+10	-1.17952e+11
7.4e-10	7.32058e+11	3.1837e+11	-1.25965e+11	1.97711e+11	-2.02926e+11	-3.01094e+11	6.26148e+10	6.97103e+10	2.18595e+11	1.74031e+10	-2.99215e+10	-2.12641e+11	-2.42676e+09	-3.5869e+10	-6.24105e+10
7.45e-10	7.29679e+11	-2.02151e+11	-2.66646e+11	2.11735e+11	-2.61587e+11	2.36751e+11	6.65006e+10	2.50522e+11	-1.02475e+11	2.09303e+10	-1.98894e+11	-2.35724e+10	-4.97597e+09	-1.1359e+11	5.51524e+10
7.5e-10	7.20029e+11	-2.7662e+11	1.44754e+11	1.94453e+11	1.74459e+11	1.71107e+11	7.12096e+10	-2.1406e+11	-2.31824e+11	1.94408e+10	3.06901e+09	1.73584e+11	-4.02715e+09	1.04673e+11	7.65922e+10
7.55e-10	7.36793e+11	2.7799e+11	2.5542e+11	1.9554e+11	2.48796e+11	-2.08698e+11	7.92895e+10	-1.68014e+11	1.20091e+11	1.07054e+10	1.84287e+11	4.12426e+10	4.16431e+09	2.75495e+10	-1.21062e+11
7.6e-10	7.15357e+11	2.3824e+11	-2.12666e+11	2.21716e+11	-3.06537e+11	-2.47957e+11	6.35189e+10	1.9751e+11	2.01142e+11	1.4029e+10	4.28792e+10	-1.17895e+11	-7.31635e+08	-1.00612e+11	-1.04385e+11
7.65e-10	7.09315e+11	-2.97699e+11	-2.43855e+11	2.07709e+11	-1.74466e+11	3.17277e+11	7.77473e+10	8.99236e+10	-1.49542e+11	1.43829e+10	-9.9392e+10	-2.39841e+10	-1.68657e+09	1.28603e+10	4.61991e+10
7.7e-10	7.33949e+11	-2.48184e+11	2.19066e+11	2.01587e+11	2.49169e+11	1.80266e+11	6.60267e+10	-1.6935e+11	-9.57776e+10	2.32125e+10	-3.53734e+10	2.70097e+11	8.31109e+08	1.30443e+11	1.34424e+11
7.75e-10	7.18308e+11	3.38906e+11	2.41186e+11	2.03806e+11	1.70071e+11	-2.92751e+11	7.18887e+10	-1.2126e+11	1.72343e+11	1.5745e+10	1.52482e+11	-2.39985e+10	-9.58817e+08	1.98438e+11	-1.0158e+11
7.8e-10	7.17478e+11	1.24053e+11	-3.21981e+11	2.07266e+11	-3.72875e+11	-1.68149e+11	6.53287e+10	2.60652e+11	9.6029e+10	2.21472e+10	-3.64415e+10	-2.36388e+11	3.40775e+09	-1.00856e+11	-2.5358e+10
7.85e-10	7.15548e+11	-3.44415e+11	-7.15779e+10	2.06614e+11	-9.04695e+10	3.72696e+11	6.72619e+10	5.31286e+10	-2.40486e+11	9.20022e+09	-1.76576e+11	2.965e+10	1.8057e+09	1.5126e+09	7.76701e+10
7.9e-10	7.32124e+11	-8.51487e+10	3.79834e+11	1.99141e+11	2.32456e+11	2.53087e+10	8.29698e+10	-2.77882e+11	-9.70837e+10	1.50138e+10	3.63959e+10	1.6335e+11	-5.06484e+09	6.66387e+10	4.95564e+10
7.95e-10	7.71097e+11	4.07424e+11	9.41781e+10	2.07417e+11	-1.50497e+10	-3.81366e+11	6.61342e+10	-2.25217e+10	2.665e+11	2.20159e+10	2.18092e+11	-6.53303e+10	6.67935e+08	1.92532e+10	-7.44934e+10
8e-10	6.86874e+11	4.87522e+10	-3.25088e+11	2.20252e+11	-3.58496e+11	6.70427e+09	8.54909e+10	2.66055e+11	-4.77474e+10	1.61974e+10	-4.35942e+10	-1.49311e+11	1.0675e+09	-9.71127e+10	4.52682e+09
8.05e-10	7.3258e+11	-4.11681e+11	-6.93638e+10	1.99749e+11	1.975e+10	3.06868e+11	7.53397e+10	-2.51572e+10	-2.18984e+11	2.35867e+10	-1.18481e+11	1.65385e+11	-1.37188e+09	6.04747e+10	1.08622e+11
8.1e-10	7.2662e+11	-6.68927e+10	3.38186e+11	2.26875e+11	4.10919e+11	-4.2331e+10	7.26684e+10	-2.39345e+11	-2.76401e+10	1.20462e+10	5.871e+10	9.01054e+10	1.5565e+09	6.2864e+10	-3.67445e+10
8.15e-10	6.86911e+11	3.95599e+11	1.37005e+10	1.91476e+11	-1.27494e+11	-3.40776e+11	7.32461e+10	8.2181e+09	2.3607e+11	1.60158e+10	1.2691e+11	-1.17984e+11	-1.63645e+09	3.99842e+10	-1.0628e+11
8.2e-10	7.0224e+11	-4.44669e+10	-2.9494e+11	1.95019e+11	-3.83092e+11	5.33448e+10	7.91363e+10	2.95921e+11	-4.97463e+10	1.25399e+10	-1.51978e+11	-9.7448e+10	6.26427e+08	-1.47304e+11	3.62304e+10
8.25e-10	7.02496e+11	-3.61514e+11	7.5455e+10	1.93494e+11	2.41947e+10	2.9834e+11	8.54972e+10	-5.90462e+10	-2.7498e+11	2.00026e+10	-1.42929e+11	9.2452e+10	-7.83365e+08	4.22917e+10	8.76211e+10
8.3e-10	6.76074e+11	3.00488e+10	3.74486e+11	1.95662e+11	3.02294e+11	-1.80144e+11	7.98314e+10	-2.10105e+11	9.76262e+10	1.42739e+10	1.93567e+11	1.21333e+11	-1.12468e+09	8.86371e+10	-2.17589e+10
8.35e-10	7.40802e+11	3.12346e+11	-5.79779e+10	1.85955e+11	-1.09818e+11	-2.5602e+11	8.58875e+10	1.13348e+11	2.17315e+11	2.26703e+10	1.43303e+11	-1.78766e+11	3.06123e+09	-5.06622e+10	-1.2654e+11
8.4e-10	6.70516e+11	-1.31475e+11	-3.4501e+11	2.09063e+11	-2.6281e+11	1.76467e+11	7.23817e+10	2.31741e+11	-1.20138e+11	2.36106e+10	-1.70457e+11	-6.70941e+10	-1.45071e+09	-9.3681e+10	-2.94405e+10
8.45e-10	6.83136e+11	-3.49527e+11	2.22161e+11	2.03469e+11	1.89354e+11	3.60883e+11	8.09482e+10	-1.54784e+11	-2.32436e+11	1.38993e+10	-2.35321e+10	1.9919e+11	-1.97553e+09	2.4662e+10	8.84952e+10
8.5e-10	7.18851e+11	2.12326e+11	2.92815e+11	1.99027e+11	1.73706e+11	-1.30506e+11	6.94506e+10	-2.30559e+11	1.48144e+11	1.67249e+10	9.14715e+10	5.90446e+10	4.11668e+09	9.44216e+10	-6.60828e+10
8.55e-10	7.20306e+11	2.90468e+11	-2.61712e+11	1.92591e+11	-1.97207e+11	-1.37655e+11	6.15184e+10	1.81274e+11	1.62334e+11	8.15835e+09	7.32454e+09	-1.4076e+11	-2.80556e+09	-6.63381e+10	-7.10139e+10
8.6e-10	7.24166e+11	-2.39567e+11	-2.75337e+11	2.09209e+11	-1.48786e+11	2.20503e+11	6.49758e+10	1.46478e+11	-1.356e+11	1.84053e+10	-1.54326e+11	3.10793e+10	-1.19651e+09	-1.80204e+10	3.94582e+10
8.65e-10	7.23729e+11	-2.32516e+11	2.55323e+11	1.92337e+11	2.74652e+11	1.61594e+11	6.42104e+10	-1.60745e+11	-1.46408e+11	8.83321e+09	-1.04193e+10	1.93655e+11	-1.85909e+09	1.5414e+11	9.85406e+10
8.7e-10	7.00374e+11	3.09375e+11	2.38148e+11	2.00192e+11	1.70199e+11	-2.69332e+11	6.13624e+10	-5.32085e+10	1.81949e+11	1.70783e+10	7.95001e+10	6.95006e+10	3.31682e+09	6.87123e+10	-9.21906e+10
8.75e-10	7.05461e+11	1.37911e+11	-3.11049e+11	1.93014e+11	-3.2898e+11	-1.32099e+11	6.79307e+10	1.60341e+11	1.45709e+11	1.85847e+10	3.59344e+09	-1.90594e+11	2.17106e+09	-1.38349e+11	-5.23228e+10
8.8e-10	7.35834e+11	-2.94323e+11	-1.95575e+11	1.86088e+11	-2.36401e+10	3.19874e+11	6.73347e+10	7.59028e+10	-3.0073e+11	1.63758e+10	-1.8874e+11	-6.29543e+08	4.20672e+09	-7.77654e+10	9.40585e+10
8.85e-10	7.0109e+11	-9.85735e+10	3.6129e+11	2.18961e+11	3.34946e+11	1.22614e+11	7.45995e+10	-2.4392e+11	-1.28362e+11	1.60992e+10	8.69214e+09	2.59266e+11	-3.72642e+09	7.82374e+10	1.5137e+10
8.9e-10	6.98736e+11	3.62388e+11	1.66557e+11	1.86313e+11	7.45967e+10	-2.93502e+11	6.46733e+10	-6.58402e+10	2.70634e+11	1.59486e+10	1.37483e+11	4.70554e+09	-4.64437e+09	1.67865e+10	-9.53465e+10
8.95e-10	6.84196e+11	9.73866e+10	-3.59691e+11	2.09133e+11	-3.0492e+11	-6.05271e+10	6.82008e+10	2.58455e+11	-1.97665e+10	1.52849e+10	-1.16717e+11	-1.07542e+11	-2.12176e+09	-9.1522e+10	-2.90559e+10
9e-10	7.11822e+11	-4.08554e+11	-9.80993e+10	2.13149e+11	-4.48329e+08	3.06337e+11	6.18307e+10	7.13821e+10	-1.95075e+11	1.40009e+10	-1.85066e+11	4.62407e+10	-4.10073e+09	-9.85018e+10	5.40508e+10
9.05e-10	7.09259e+11	-6.43166e+09	3.59073e+11	1.94551e+11	3.37768e+11	-3.99659e+10	7.14966e+10	-2.11419e+11	-5.10754e+10	2.20088e+10	7.14533e+10	1.42691e+11	-6.26497e+08	6.01151e+10	4.94296e+10
9.1e-10	6.82668e+11	3.14229e+11	-2.85821e+10	2.03972e+11	-1.08244e+11	-3.22024e+11	7.20523e+10	-9.0187e+09	2.55825e+11	2.78389e+10	1.9667e+11	-1.34703e+11	3.13886e+08	-1.33788e+10	-1.23109e+11
9.15e-10	7.0716e+11	-3.01219e+10	-3.45672e+11	2.1847e+11	-2.75349e+11	9.67547e+10	6.82703e+10	2.9496e+11	-1.25416e+11	1.16788e+10	-1.68354e+11	-9.04886e+10	-2.7818e+09	-6.38553e+10	9.49655e+10
9.2e-10	7.04883e+11	-2.98775e+11	6.93816e+10	2.03659e+11	1.63776e+11	3.56218e+11	6.64147e+10	-2.41544e+10	-2.50382e+11	1.79674e+10	-1.17315e+11	1.50956e+11	-2.46834e+09	2.62519e+10	1.31038e+11
9.25e-10	7.14389e+11	1.49254e+11	3.44886e+11	2.0831e+11	2.55689e+11	-1.80362e+11	7.53208e+10	-1.86986e+11	7.64213e+10	1.96932e+10	1.35382e+11	1.14754e+11	1.16183e+08	8.08178e+10	-1.54791e+10
9.3e-10	7.10628e+11	3.2984e+11	-9.87846e+10	2.1105e+11	-2.05799e+11	-2.41233e+11	6.97343e+10	1.96209e+11	1.992e+11	9.23811e+09	9.4591e+10	-1.41132e+11	-5.06442e+09	-9.37782e+10	1.04011e+10
9.35e-10	6.97048e+11	-1.5199e+11	-3.62843e+11	2.04453e+11	-2.73012e+11	2.08661e+11	7.44728e+10	2.29882e+11	-1.49668e+11	2.2357e+10	-1.75034e+11	-6.9746e+10	-2.50964e+09	-1.30785e+10	-6.59449e+09
9.4e-10	7.39097e+11	-2.8049e+11	1.94703e+11	2.11395e+11	1.85427e+11	2.4851e+11	6.49262e+10	-2.13825e+11	-2.14944e+11	2.21443e+10	-2.82988e+10	1.60133e+11	7.62903e+08	4.29429e+10	1.39042e+11
9.45e-10	7.49303e+11	1.36672e+11	3.23162e+11	2.00334e+11	2.60906e+11	-2.95552e+11	8.34943e+10	-1.87227e+11	1.51207e+11	1.50329e+10	1.64132e+11	4.71901e+10	1.25267e+09	1.41174e+11	-1.21666e+11
9.5e-10	7.15018e+11	2.86408e+11	-1.95292e+11	2.04592e+11	-2.30875e+11	-2.75501e+11	6.40469e+10	1.57306e+11	1.62826e+11	1.63672e+10	1.03943e+11	-1.21443e+11	3.84958e+09	-3.02627e+10	-7.66952e+10
9.55e-10	7.20012e+11	-2.73457e+11	-2.83963e+11	1.92602e+11	-1.83734e+11	3.21405e+11	6.91651e+10	2.26726e+11	-1.93855e+11	1.44196e+10	-1.58749e+11	7.30081e+10	-4.4792e+09	-3.06664e+10	7.6607e+10
9.6e-10	6.93394e+11	-2.6675e+11	1.76867e+11	2.36202e+11	3.31824e+11	2.88012e+11	8.58371e+10	-2.03479e+11	-1.8043e+11	1.57444e+10	-4.97733e+10	1.71547e+11	2.19511e+08	3.11829e+10	1.32181e+10
9.65e-10	7.75296e+11	2.56034e+11	2.81877e+11	2.13102e+11	1.87786e+11	-2.40658e+11	7.55491e+10	-1.4452e+11	2.69482e+11	1.08629e+10	7.45356e+10	1.62848e+10	-1.79137e+09	9.7352e+09	-6.22984e+10
9.7e-10	7.20249e+11	2.46944e+11	-3.40876e+11	2.03741e+11	-2.91057e+11	-1.14711e+11	8.20475e+10	2.26616e+11	1.85643e+11	1.45047e+10	-6.04911e+09	-1.43605e+11	8.08336e+08	-9.70024e+10	-6.12514e+10
9.75e-10	7.3727e+11	-3.44417e+11	-2.40951e+11	2.17078e+11	-1.41449e+11	3.12548e+11	6.90095e+10	1.52443e+11	-2.24122e+11	1.91583e+10	-1.77457e+11	4.60743e+09	1.31648e+08	-1.47606e+11	8.6013e+10
9.8e-10	7.14243e+11	-2.30102e+11	3.41946e+11	2.0401e+11	3.23958e+11	1.39038e+11	6.8187e+10	-2.10532e+11	-1.10289e+11	1.51766e+10	4.87923e+10	1.64625e+11	3.6339e+09	1.13435e+11	7.55091e+10
9.85e-10	6.91979e+11	2.92823e+11	1.98503e+11	2.00881e+11	1.38167e+11	-3.35433e+11	7.24862e+10	-1.33073e+11	2.08413e+11	1.71215e+10	1.40955e+11	-1.93068e+10	8.51225e+08	-6.57188e+09	-1.39584e+11
9.9e-10	7.11264e+11	1.02814e+11	-3.09906e+11	2.01851e+11	-2.75991e+11	-1.18247e+11	6.45724e+10	2.88976e+11	6.50033e+10	1.60761e+10	-1.47467e+10	-1.78461e+11	1.94932e+09	-1.28239e+11	-4.79533e+10
9.95e-10	7.02303e+11	-3.81974e+11	-1.56735e+11	1.94984e+11	-3.05469e+10	2.65459e+11	7.32034e+10	9.00255e+10	-2.2676e+11	1.90845e+10	-1.47899e+11	-1.74813e+10	-7.60752e+08	5.24316e+09	1.19404e+11
1e-09	7.22281e+11	-8.82551e+10	4.29484e+11	2.07643e+11	2.56259e+11	8.28809e+10	7.72425e+10	-2.72282e+11	-4.21895e+10	1.31156e+10	5.11515e+10	1.82169e+11	-7.87226e+08	1.3343e+11	6.9131e+10
