Mon Oct 14 18:02:00 2024

<base> : Rectangle : 0m, 0m, 0m; 800nm, 20nm, 8nm. Cells : 200, 5, 2. Cellsize : 4nm, 4nm, 4nm
<supermesh> : Rectangle : 0m, 0m, 0m; 800nm, 20nm, 8nm. Cells : 160, 4, 2. Cellsize : 5nm, 5nm, 4nm

Saved data (dataname (unit) <meshname> (cells_rectangle)) : 

commbuf	time (s)	

	0
	1e-15
	6.34e-13
	1.134e-12
	1.634e-12
	2.134e-12
	2.634e-12
	3.134e-12
	3.634e-12
	4.135e-12
	4.636e-12
	5.137e-12
	5.638e-12
	6.139e-12
	6.64e-12
	7.141e-12
	7.641e-12
	8.141e-12
	8.641e-12
	9.141e-12
	9.641e-12
	1.0141e-11
	1.0641e-11
	1.1141e-11
	1.1641e-11
	1.2141e-11
	1.2641e-11
	1.3141e-11
	1.3641e-11
	1.4141e-11
	1.4641e-11
	1.5142e-11
	1.5643e-11
	1.6144e-11
	1.6645e-11
	1.7146e-11
	1.7647e-11
	1.8148e-11
	1.8649e-11
	1.915e-11
	1.9651e-11
	2.0152e-11
	2.0653e-11
	2.1154e-11
	2.1655e-11
	2.2156e-11
	2.2657e-11
	2.3158e-11
	2.3659e-11
	2.416e-11
	2.4661e-11
	2.5162e-11
	2.5663e-11
	2.6164e-11
	2.6665e-11
	2.7166e-11
	2.7667e-11
	2.8168e-11
	2.8669e-11
	2.917e-11
	2.967e-11
	3.017e-11
	3.067e-11
	3.117e-11
	3.167e-11
	3.217e-11
	3.267e-11
	3.317e-11
	3.367e-11
	3.417e-11
	3.467e-11
	3.517e-11
	3.567e-11
	3.617e-11
	3.667e-11
	3.717e-11
	3.767e-11
	3.817e-11
	3.867e-11
	3.917e-11
	3.967e-11
	4.017e-11
	4.067e-11
	4.117e-11
	4.167e-11
	4.217e-11
	4.267e-11
	4.317e-11
	4.367e-11
	4.417e-11
	4.467e-11
	4.517e-11
	4.567e-11
	4.617e-11
	4.667e-11
	4.717e-11
	4.767e-11
	4.817e-11
	4.867e-11
	4.917e-11
	4.967e-11
	5.017e-11
	5.067e-11
	5.117e-11
	5.167e-11
	5.217e-11
	5.267e-11
	5.317e-11
	5.367e-11
	5.417e-11
	5.467e-11
	5.517e-11
	5.567e-11
	5.617e-11
	5.667e-11
	5.717e-11
	5.767e-11
	5.817e-11
	5.8671e-11
	5.9172e-11
	5.9673e-11
	6.0174e-11
	6.0675e-11
	6.1176e-11
	6.1677e-11
	6.2178e-11
	6.2679e-11
	6.318e-11
	6.3681e-11
	6.4182e-11
	6.4683e-11
	6.5184e-11
	6.5685e-11
	6.6186e-11
	6.6687e-11
	6.7188e-11
	6.7689e-11
	6.819e-11
	6.8691e-11
	6.9192e-11
	6.9693e-11
	7.0194e-11
	7.0695e-11
	7.1196e-11
	7.1697e-11
	7.2198e-11
	7.2699e-11
	7.32e-11
	7.3701e-11
	7.4202e-11
	7.4703e-11
	7.5204e-11
	7.5705e-11
	7.6206e-11
	7.6707e-11
	7.7208e-11
	7.7709e-11
	7.821e-11
	7.8711e-11
	7.9212e-11
	7.9713e-11
	8.0214e-11
	8.0715e-11
	8.1216e-11
	8.1717e-11
	8.2218e-11
	8.2719e-11
	8.322e-11
	8.3721e-11
	8.4222e-11
	8.4723e-11
	8.5224e-11
	8.5725e-11
	8.6226e-11
	8.6727e-11
	8.7228e-11
	8.7729e-11
	8.823e-11
	8.8731e-11
	8.9232e-11
	8.9733e-11
	9.0234e-11
	9.0735e-11
	9.1236e-11
	9.1737e-11
	9.2238e-11
	9.2739e-11
	9.324e-11
	9.3741e-11
	9.4242e-11
	9.4743e-11
	9.5244e-11
	9.5745e-11
	9.6246e-11
	9.6747e-11
	9.7248e-11
	9.7749e-11
	9.825e-11
	9.8751e-11
	9.9252e-11
	9.9753e-11
