Sat Nov 16 15:18:05 2024

<base> : Rectangle : 0m, 0m, 0m; 4um, 50nm, 5nm. Cells : 800, 10, 1. Cellsize : 5nm, 5nm, 5nm
<supermesh> : Rectangle : 0m, 0m, 0m; 4um, 50nm, 5nm. Cells : 800, 10, 1. Cellsize : 5nm, 5nm, 5nm

Saved data (dataname (unit) <meshname> (cells_rectangle)) : 

time (s)	<mxdmdt> (1/s) <base> (2.02um, 0m, 0m; 2.03um, 50nm, 5nm)			<mxdmdt> (1/s) <base> (2.3um, 0m, 0m; 2.31um, 50nm, 5nm)			<mxdmdt> (1/s) <base> (2.6um, 0m, 0m; 2.61um, 50nm, 5nm)			<mxdmdt> (1/s) <base> (3um, 0m, 0m; 3.01um, 50nm, 5nm)			<mxdmdt> (1/s) <base> (3.5um, 0m, 0m; 3.51um, 50nm, 5nm)			

0	-828544	-811707	-16345.6	-684437	-368659	-48238.2	1.2189e+06	-294964	35467.6	-656640	-1.70569e+06	42774.5	-140252	603547	-237.298
5e-12	-6.93626e+10	4.80569e+11	-5.59409e+10	1.81447e+11	-4.3588e+11	1.09445e+10	2.72219e+11	-3.99402e+10	7.89709e+09	3.03479e+10	2.03644e+11	3.91867e+09	3.32374e+10	2.17364e+11	2.30645e+10
1e-11	2.09349e+11	-6.59402e+10	1.63247e+11	2.22961e+10	1.88389e+11	1.51597e+10	-8.5902e+10	-2.52693e+10	1.2517e+10	-1.92532e+10	3.72909e+10	6.9618e+09	1.79723e+11	-1.06185e+11	1.57312e+09
1.5e-11	8.30143e+10	-1.23333e+11	5.3186e+10	-6.00706e+10	-9.35226e+10	4.07604e+09	-1.75995e+11	-1.3655e+10	4.11026e+10	-6.83844e+10	1.4277e+10	4.1407e+09	-1.69578e+11	-5.67429e+10	3.13549e+09
2e-11	-1.02652e+11	-1.66982e+11	-3.1996e+10	-1.4785e+11	-3.23189e+11	-1.06347e+10	1.38702e+11	1.17642e+11	1.09749e+10	-5.03123e+10	-2.17404e+11	1.56281e+10	1.75054e+11	-3.54412e+10	2.41243e+10
2.5e-11	-2.27046e+10	-1.96465e+11	-8.88144e+09	9.37061e+10	-1.82482e+11	3.74172e+09	-3.16323e+11	-8.36561e+10	1.01517e+10	6.738e+10	-1.57544e+11	1.27181e+10	5.59543e+10	-4.28089e+10	1.06726e+10
3e-11	-3.0079e+10	1.41686e+11	-2.01663e+10	-5.49057e+10	-9.39494e+09	-1.68552e+09	-2.25942e+11	-8.90159e+10	1.31157e+10	-1.80884e+11	9.55914e+09	2.0911e+10	2.76748e+11	-2.90163e+10	1.17473e+10
3.5e-11	-4.35201e+10	5.54457e+10	-1.49978e+10	1.03661e+11	6.09623e+10	1.23999e+10	4.81811e+10	1.41389e+11	1.70517e+09	1.33881e+10	3.6723e+10	5.42224e+09	2.18654e+10	8.67048e+10	-6.17909e+09
4e-11	7.39458e+09	-1.59733e+11	-1.15866e+10	-2.67461e+09	-7.64239e+09	3.99944e+09	1.12776e+11	2.63026e+11	1.68055e+10	2.61454e+11	-1.46352e+11	3.87286e+09	-1.14766e+11	9.60766e+10	1.14265e+10
4.5e-11	-5.31382e+10	-2.3762e+11	-3.40448e+10	1.45697e+09	-1.09135e+11	-1.46967e+09	9.9731e+10	1.57229e+11	4.92397e+09	2.69024e+10	-1.1664e+11	8.12984e+08	3.50453e+11	-1.694e+11	9.11495e+09
5e-11	1.37957e+11	-1.39013e+10	7.46745e+10	-9.30578e+10	-1.87985e+11	-3.7606e+09	-2.67541e+10	-8.33365e+10	-6.86812e+09	-4.2539e+10	-9.56075e+09	1.99245e+09	-1.71619e+11	2.15613e+11	6.79732e+09
5.5e-11	1.62491e+11	-1.82945e+10	7.98727e+10	5.64222e+10	-2.00154e+10	2.72438e+09	2.07525e+11	2.18778e+10	3.0579e+09	2.624e+11	1.70533e+11	2.40439e+10	-1.40693e+11	2.29364e+10	-6.89268e+09
6e-11	8.85399e+09	7.64469e+10	2.27055e+10	-1.08458e+11	1.3533e+11	-2.14209e+09	7.0717e+10	1.64087e+11	-9.51692e+08	1.07203e+11	1.14278e+11	1.17937e+10	-2.34773e+11	2.58424e+09	2.65156e+09
6.5e-11	1.26765e+11	3.41475e+10	6.3882e+10	-5.65155e+10	9.09185e+10	9.02295e+09	6.83125e+10	3.95688e+10	1.3276e+10	9.12369e+10	5.70882e+10	1.57384e+09	5.71794e+10	-1.52898e+11	6.90681e+09
7e-11	1.64235e+11	-1.9573e+10	9.11586e+10	-6.09497e+10	-4.18597e+11	1.57364e+10	-1.61324e+11	-8.44641e+10	7.53439e+09	1.02254e+11	-1.56423e+11	1.56656e+10	6.35742e+10	9.581e+10	2.21924e+10
7.5e-11	-2.98367e+10	3.59264e+11	-3.30809e+09	-2.2868e+11	-1.97361e+10	1.41857e+10	4.47886e+10	-2.93157e+09	1.79813e+10	4.28017e+11	1.03351e+11	2.09473e+10	-1.92745e+11	1.11198e+11	7.06933e+09
8e-11	8.02851e+10	4.08512e+10	5.64656e+10	1.56732e+11	-9.76402e+10	1.79854e+10	-1.65498e+11	1.57853e+11	4.3424e+09	2.00465e+09	3.1685e+11	-5.18189e+09	-2.02828e+11	-1.37139e+11	1.6895e+10
8.5e-11	2.27e+11	-3.11922e+11	1.12804e+11	-4.8973e+10	1.07817e+11	7.6033e+09	4.56302e+11	2.54839e+11	3.78442e+10	1.56675e+11	-4.96018e+10	-1.69168e+10	-1.1084e+11	-1.5684e+11	-4.44288e+09
9e-11	5.10386e+10	1.01934e+11	1.09716e+10	-8.42648e+09	2.44256e+11	-2.13183e+10	-6.45805e+10	-1.54509e+11	4.53699e+09	-3.13227e+10	-2.97504e+11	1.79261e+10	1.90014e+10	2.73196e+11	1.53179e+10
9.5e-11	3.78736e+10	1.22906e+11	2.07011e+10	4.04654e+11	3.24151e+09	1.99334e+10	-2.52001e+10	1.26121e+11	1.7833e+10	-3.30639e+11	1.30695e+11	-9.25236e+08	-3.69418e+11	6.85844e+10	8.34461e+08
1e-10	2.79247e+10	-8.30485e+10	1.09684e+10	-3.64937e+10	5.04434e+10	3.98748e+09	6.18733e+10	5.99721e+10	2.51867e+10	2.16042e+10	-1.14078e+11	9.68793e+08	-4.8124e+09	-2.75854e+11	2.49163e+10
1.05e-10	-6.4625e+10	8.76204e+09	-2.80735e+10	-9.82702e+10	-9.26568e+10	3.945e+10	9.94822e+10	-2.07079e+10	2.23159e+10	3.49473e+10	-5.64969e+10	1.90145e+08	-1.03901e+11	-1.72686e+11	3.14303e+09
1.1e-10	1.06453e+11	2.45272e+10	5.4868e+10	1.10531e+11	-6.95612e+10	8.11178e+09	8.55536e+10	-8.85069e+10	-2.43198e+09	-5.22952e+10	6.81859e+10	9.45485e+08	8.44326e+10	-3.50127e+10	6.3545e+09
1.15e-10	-1.00137e+11	-1.75349e+11	-4.90716e+10	-1.69444e+10	-1.05483e+10	1.93492e+10	6.376e+10	8.6841e+10	-5.28326e+09	-9.49126e+10	3.75955e+10	2.99865e+09	1.12594e+10	2.08557e+11	-2.19301e+09
