Sun Oct 27 15:02:04 2024

<base> : Rectangle : 0m, 0m, 0m; 4um, 50nm, 10nm. Cells : 800, 10, 2. Cellsize : 5nm, 5nm, 5nm
<supermesh> : Rectangle : 0m, 0m, 0m; 4um, 50nm, 10nm. Cells : 800, 10, 2. Cellsize : 5nm, 5nm, 5nm

Saved data (dataname (unit) <meshname> (cells_rectangle)) : 

time (s)	<mxdmdt> (1/s) <base> (2.02um, 0m, 0m; 2.03um, 50nm, 5nm)			<mxdmdt> (1/s) <base> (2.3um, 0m, 0m; 2.31um, 50nm, 5nm)			<mxdmdt> (1/s) <base> (2.6um, 0m, 0m; 2.61um, 50nm, 5nm)			<mxdmdt> (1/s) <base> (3um, 0m, 0m; 3.01um, 50nm, 5nm)			<mxdmdt> (1/s) <base> (3.5um, 0m, 0m; 3.51um, 50nm, 5nm)			

0	7404.73	-174715	197890	10348.4	-159736	681424	3682.02	-124467	-186350	-17302.4	75840.2	95797.3	9181.81	200886	398086
5e-12	7.31394e+09	1.29762e+11	1.35712e+11	-1.00912e+10	1.61943e+11	-2.11632e+10	-3.62591e+09	-1.94856e+11	-1.98462e+11	4.07993e+09	1.30476e+11	2.27794e+11	-1.1238e+10	-1.48537e+11	1.73562e+11
1e-11	4.22036e+10	-1.4605e+11	-2.49153e+11	9.68307e+09	1.52589e+11	-6.97584e+10	-7.16548e+09	-4.14842e+10	-1.44305e+11	1.35228e+09	-1.84784e+11	9.50395e+09	-1.43479e+10	1.82487e+11	1.67578e+10
1.5e-11	6.801e+10	-1.35258e+11	-2.35521e+11	-2.69643e+09	6.61129e+10	8.70182e+10	-1.56122e+09	4.15161e+10	3.74844e+10	-5.39774e+09	-3.75478e+11	1.40447e+11	-4.68702e+09	3.18286e+11	-3.38354e+10
2e-11	7.30069e+10	4.36496e+10	-2.8942e+11	7.24182e+09	-5.00075e+09	2.02349e+11	-7.47085e+09	9.03971e+10	2.2234e+11	-3.0989e+09	-4.0803e+10	2.73596e+11	-5.373e+09	-2.00739e+11	-5.35587e+10
2.5e-11	1.32419e+11	2.24425e+11	-3.63869e+11	1.94096e+10	1.2957e+11	2.39807e+11	-1.82087e+09	-5.27829e+10	-3.5992e+10	-7.54789e+09	-1.71083e+10	5.13136e+10	-8.68048e+08	1.43069e+11	9.35012e+10
3e-11	1.63604e+11	3.27798e+11	-1.34368e+10	4.9721e+10	6.15515e+10	2.86306e+11	-5.45978e+09	-5.77403e+10	-8.71444e+10	1.76298e+09	-1.8307e+11	2.61871e+10	-1.67521e+10	-1.70976e+11	-1.80053e+10
3.5e-11	3.51842e+11	5.79486e+11	1.36707e+11	7.39384e+10	-1.11417e+11	3.08678e+11	1.97973e+10	-2.14902e+11	-1.99147e+11	-7.98743e+09	1.40948e+11	-7.77822e+10	-4.47175e+08	-8.83994e+10	-1.03535e+11
4e-11	4.03439e+11	1.40734e+11	5.77274e+11	3.96144e+10	-1.44816e+11	-9.88348e+10	5.31692e+09	-8.9531e+09	-1.81933e+11	-5.87668e+09	2.49814e+10	-2.60605e+11	-1.17362e+10	2.80316e+11	-2.40571e+10
4.5e-11	6.04406e+11	-2.80991e+11	7.20624e+11	1.75375e+11	-2.68854e+11	-3.21163e+11	5.56415e+10	3.6628e+11	-2.46304e+11	-1.34404e+08	4.77007e+10	4.26343e+10	-4.85551e+09	-7.70367e+10	3.34307e+10
5e-11	5.82577e+11	-5.16783e+11	4.67097e+11	3.56294e+11	1.57563e+11	-7.5794e+11	9.51826e+10	4.22721e+11	2.75558e+11	-1.83996e+09	9.72207e+10	-5.89392e+10	-1.05012e+10	-6.47436e+10	4.04062e+10
5.5e-11	8.67238e+11	-8.27073e+11	-3.74231e+11	1.82634e+11	2.84258e+11	-2.89335e+11	3.31585e+10	6.82903e+10	1.05437e+11	9.31721e+09	6.7475e+10	1.35403e+11	-3.93137e+09	-1.42524e+11	-1.25497e+11
6e-11	5.83377e+11	-2.83277e+11	-4.86481e+11	2.42428e+11	5.00257e+11	-7.49254e+10	5.89452e+10	-1.05707e+10	2.69478e+11	2.46688e+10	-1.3936e+10	2.73865e+11	1.45705e+09	1.43821e+10	-8.73862e+09
6.5e-11	5.78836e+11	-3.63614e+10	-6.22026e+11	2.52269e+11	5.18287e+11	1.71648e+11	1.79877e+11	-3.30559e+11	5.65188e+11	2.72432e+10	-3.43345e+11	1.00058e+11	7.25385e+09	-4.39366e+10	2.33633e+11
7e-11	7.01383e+11	6.1773e+11	-4.68868e+11	3.63764e+11	1.76549e+11	6.1624e+11	1.18481e+11	-3.93383e+11	3.96896e+10	1.19153e+10	-2.25113e+11	1.92032e+11	-9.57578e+09	4.55895e+10	-6.22967e+09
7.5e-11	6.19754e+11	7.70738e+11	-3.00456e+10	3.34478e+11	-4.18265e+11	5.68822e+11	1.40149e+11	-4.77562e+11	-2.5337e+11	2.54249e+10	-3.58589e+11	-4.37667e+10	-1.90086e+10	-4.99079e+10	-3.58235e+10
8e-11	6.25835e+11	3.59636e+11	5.28399e+11	2.17043e+11	-4.36011e+11	2.8726e+11	1.03902e+11	-7.80327e+10	-4.15814e+11	4.11357e+10	-1.30875e+11	-2.99055e+11	-6.99813e+09	1.51514e+10	-2.62835e+11
8.5e-11	6.68631e+11	1.82668e+10	7.0168e+11	3.70956e+11	-6.06326e+11	-4.83788e+11	1.35772e+11	2.1316e+11	-3.40228e+11	1.28891e+10	5.62714e+10	-9.25451e+10	8.17023e+09	-3.33746e+11	-1.19143e+10
9e-11	6.95024e+11	-5.22087e+11	6.97661e+11	4.33767e+11	-3.33975e+11	-7.33539e+11	9.80062e+10	3.23162e+11	2.35537e+10	4.48379e+10	2.04447e+11	1.91319e+11	-5.60506e+09	7.92681e+10	4.18492e+10
9.5e-11	5.82148e+11	-6.81955e+11	-9.87911e+09	2.59179e+11	2.24029e+11	-4.35383e+11	1.04936e+11	4.13497e+11	3.07607e+10	1.88946e+10	5.17655e+10	1.47962e+11	-4.42651e+09	-1.04521e+11	-1.3764e+10
1e-10	5.74471e+11	-6.0085e+11	-2.07118e+11	3.11862e+11	6.0454e+11	-2.2009e+11	6.02874e+10	3.63789e+11	1.22604e+11	4.86928e+10	1.59246e+11	4.38642e+11	1.91871e+09	-1.7446e+10	3.278e+11
1.05e-10	7.18397e+11	-8.95669e+10	-7.89261e+11	2.91776e+11	5.57337e+11	1.27555e+11	1.5287e+11	-3.66143e+11	4.12315e+11	3.19636e+10	-2.69097e+11	1.4687e+11	-2.4198e+09	-5.92209e+10	-2.08318e+10
1.1e-10	7.24606e+11	5.69789e+11	-4.80805e+11	3.42966e+11	5.22228e+11	5.44684e+11	1.68102e+11	-4.08809e+11	3.91561e+11	3.92619e+10	-2.41317e+11	9.01626e+10	-7.07289e+09	-1.83772e+11	-1.0884e+11
1.15e-10	6.71583e+11	6.35215e+11	-1.12716e+11	3.47604e+11	-3.57615e+11	5.32516e+11	2.02269e+10	-7.93954e+10	1.33179e+10	2.30538e+10	-3.00735e+11	1.23858e+11	7.00286e+09	-3.64878e+10	1.86203e+11
1.2e-10	1.04432e+12	9.10292e+11	4.11173e+11	3.9798e+11	-6.05972e+11	2.89908e+11	1.73831e+11	-4.83473e+11	-5.46215e+11	-2.81344e+10	3.08946e+11	-2.46929e+09	1.63553e+10	-1.6629e+11	1.87363e+11
1.25e-10	1.00006e+12	3.15716e+11	7.41256e+11	3.67004e+11	-7.01944e+11	-5.26541e+10	9.30711e+10	1.79126e+11	-2.49299e+11	3.15241e+10	3.34592e+11	-4.52591e+10	2.97635e+09	-3.20783e+10	-1.76304e+11
1.3e-10	7.73841e+11	-5.18255e+11	5.88867e+11	4.42077e+11	-5.99726e+11	-4.15223e+11	9.4389e+10	3.07068e+11	-8.8605e+10	6.33098e+10	2.99692e+11	-1.64417e+11	-1.20359e+10	2.58355e+10	-1.15398e+10
1.35e-10	8.26498e+11	-7.57587e+11	4.38911e+11	3.02632e+11	-7.7768e+09	-5.489e+11	1.39399e+11	3.6902e+11	2.20914e+11	1.77047e+09	6.93343e+09	1.87064e+11	1.60721e+10	1.22608e+11	-9.23447e+10
1.4e-10	6.35631e+11	-6.01778e+11	-8.53009e+10	3.13446e+11	4.15603e+11	-3.79369e+11	1.09527e+11	3.02025e+10	5.32693e+11	2.29134e+10	1.57032e+11	1.38179e+11	2.90594e+10	3.02745e+11	2.26616e+10
1.45e-10	6.54246e+11	-4.43882e+11	-4.31791e+11	3.99642e+11	6.78989e+11	-2.39052e+11	1.70262e+11	-6.91133e+10	5.73572e+11	2.879e+10	-2.22475e+11	1.03292e+11	2.61953e+10	2.51597e+11	6.61779e+10
1.5e-10	8.67898e+11	-1.25831e+10	-7.4535e+11	2.42653e+11	6.07829e+11	-9.2527e+10	1.13644e+11	-3.15585e+11	2.34101e+11	5.46603e+10	-1.89803e+11	1.91068e+11	2.09878e+10	2.46497e+11	2.65274e+11
1.55e-10	5.95868e+11	3.54662e+11	-4.76367e+11	2.14408e+11	8.41581e+10	4.03276e+11	2.61349e+11	-7.54597e+11	3.01104e+09	3.82519e+10	-1.53897e+11	-1.37163e+11	1.59706e+09	2.01041e+11	1.44897e+11
1.6e-10	7.72741e+11	8.13844e+11	2.33018e+11	3.89721e+11	-3.58674e+11	6.75685e+11	1.43111e+11	-4.27292e+11	-2.06408e+11	8.06147e+09	-1.62661e+11	-6.44319e+10	5.28919e+09	-1.07125e+11	-2.2129e+11
1.65e-10	7.51757e+11	5.04775e+11	6.42158e+11	2.13803e+11	-4.13844e+11	2.44703e+11	2.02555e+11	3.66774e+09	-6.23132e+11	2.3831e+10	-4.04521e+10	-1.422e+11	9.81693e+09	-1.77553e+11	-6.82966e+10
1.7e-10	6.34969e+11	2.49311e+11	7.19093e+11	1.94843e+11	-3.47445e+11	-1.77101e+11	1.09646e+11	1.9329e+11	-3.2626e+11	2.92996e+10	3.2254e+11	3.63334e+09	-1.36735e+10	4.36523e+10	-6.12226e+10
1.75e-10	5.63509e+11	-2.5556e+11	6.33761e+11	2.69219e+11	-1.37959e+11	-5.16628e+11	1.57099e+11	5.86802e+11	-2.09644e+11	1.16619e+10	1.42949e+11	5.40027e+09	-1.20903e+10	4.22136e+10	3.71552e+10
1.8e-10	6.33187e+11	-6.74075e+11	2.75509e+11	3.70944e+11	-2.95569e+11	-8.75923e+11	1.02958e+11	2.80026e+11	2.27137e+11	3.30072e+10	2.30644e+11	7.86196e+10	9.21001e+09	1.85715e+11	-8.85333e+10
1.85e-10	8.45267e+11	-8.10971e+11	-1.79918e+11	1.96328e+11	3.75629e+11	-2.57697e+11	4.97635e+10	1.97212e+11	1.20801e+11	1.46174e+10	1.99043e+11	4.07725e+10	-9.44799e+09	1.13783e+11	-3.45139e+10
1.9e-10	8.07445e+11	-4.88568e+11	-5.02999e+11	2.7816e+11	5.44451e+11	-5.70074e+10	9.20611e+10	-2.38877e+10	3.03129e+11	4.41675e+10	-2.06098e+11	2.33594e+11	-2.17804e+09	1.28888e+11	7.27633e+10
1.95e-10	8.29332e+11	1.64249e+11	-6.70668e+11	3.04455e+11	3.69711e+11	3.29183e+11	2.10902e+11	-5.24605e+11	4.73988e+11	-1.39671e+10	-4.78315e+10	-2.38228e+11	1.47426e+10	-1.22275e+11	5.73013e+10
2e-10	6.0373e+11	3.1615e+11	-4.60968e+11	1.41174e+11	2.01563e+10	2.56464e+11	1.18404e+11	-3.9547e+11	1.79533e+11	3.85789e+10	-1.83806e+11	-1.46823e+11	-2.71853e+09	-2.25793e+11	-6.88667e+09
2.05e-10	6.04881e+11	5.81886e+11	-4.31538e+10	3.67419e+11	-1.67898e+11	6.69357e+11	1.11385e+11	-3.32025e+11	-1.89516e+11	-1.14533e+10	-5.22879e+10	8.94628e+10	2.14661e+09	-1.54798e+11	-1.79439e+11
2.1e-10	7.18395e+11	4.2779e+11	5.43269e+11	2.68118e+11	-4.7308e+11	1.94534e+11	1.04189e+11	7.19022e+10	-3.52678e+11	4.1452e+10	2.72219e+11	-2.47104e+11	2.03233e+10	-1.41928e+11	-2.41505e+11
2.15e-10	8.24652e+11	2.09546e+11	7.10581e+11	3.70914e+11	-7.30691e+11	-1.5675e+11	1.19159e+11	1.55558e+10	-3.34508e+11	1.43489e+10	-2.0239e+10	-1.81501e+11	-1.03569e+10	5.48352e+10	3.53219e+10
2.2e-10	6.19951e+11	-2.04317e+11	6.03401e+11	3.56123e+11	-3.05635e+11	-5.30885e+11	2.0769e+11	7.75316e+11	-2.87478e+10	5.53806e+10	2.45216e+11	-1.44152e+11	5.23192e+09	-5.07432e+10	-2.51522e+11
2.25e-10	8.60363e+11	-6.75351e+11	5.13114e+11	2.39638e+11	9.97114e+10	-4.5838e+11	1.44517e+11	5.25471e+11	1.44872e+11	-2.11848e+10	-6.96657e+09	-7.44481e+10	-2.52908e+09	-3.53293e+10	1.19983e+11
2.3e-10	6.94696e+11	-5.5485e+11	-4.44524e+11	4.21076e+11	6.97969e+11	-4.77706e+11	1.32613e+11	3.36244e+11	1.49656e+11	5.57015e+10	7.78435e+10	3.06989e+11	4.18363e+09	1.38401e+11	-7.10995e+10
2.35e-10	7.25714e+11	-4.8498e+11	-5.15957e+11	3.34419e+11	6.61466e+11	-3.09772e+10	5.41332e+10	-2.39035e+11	2.25731e+11	4.19693e+10	-2.40743e+11	1.17636e+11	1.26307e+10	1.41045e+11	1.99163e+11
2.4e-10	7.29978e+11	-8.59691e+10	-6.91756e+11	3.00975e+11	3.87698e+11	4.46108e+11	3.1856e+10	-1.65065e+11	-1.07843e+09	9.1563e+10	-4.7145e+11	-7.04738e+08	-1.80072e+10	3.62928e+11	7.40629e+10
2.45e-10	5.52759e+11	4.02162e+11	-3.25874e+11	3.96156e+11	5.0048e+11	6.58243e+11	1.03576e+11	-3.63521e+11	1.13933e+11	8.99719e+10	-4.08288e+11	1.40161e+11	1.32149e+10	-3.161e+10	2.47972e+11
2.5e-10	7.25533e+11	7.56421e+11	-1.04631e+11	3.61192e+11	-8.91021e+10	6.39114e+11	1.10323e+11	-1.73814e+11	-3.43744e+11	2.80089e+10	-3.11307e+11	-5.60612e+10	6.63699e+09	-2.24894e+11	1.24239e+11
2.55e-10	6.9646e+11	4.97044e+11	4.03252e+11	3.6415e+11	-5.54933e+11	3.51309e+11	1.58256e+11	-3.71957e+11	-3.81121e+11	3.0573e+10	4.19362e+10	-2.1973e+11	8.11478e+09	-1.72517e+10	-1.69666e+11
2.6e-10	7.57948e+11	2.3341e+11	7.7512e+11	5.30417e+11	-9.17289e+11	2.74391e+10	2.64692e+11	2.53381e+11	-7.76313e+11	-2.61713e+10	-1.38858e+10	4.76942e+10	1.76619e+10	-1.68556e+11	8.13862e+10
2.65e-10	6.21091e+11	1.25859e+11	6.71043e+11	1.59501e+11	-2.08045e+11	-2.5571e+11	1.59637e+11	6.38779e+11	-1.43937e+11	6.69779e+10	3.89145e+11	-1.64099e+11	-1.53168e+08	1.77278e+11	4.54314e+09
2.7e-10	6.58312e+11	-4.21636e+11	5.026e+11	2.58721e+11	-3.36831e+10	-4.91868e+11	1.89641e+11	5.84793e+11	-8.26166e+10	4.66432e+10	2.51581e+11	8.74037e+10	1.8635e+09	6.39757e+10	-2.94588e+10
2.75e-10	6.43613e+11	-5.69723e+11	-1.37659e+11	3.93499e+11	3.58111e+11	-5.56168e+11	1.76085e+11	4.29413e+11	3.48657e+11	5.8511e+10	1.33939e+11	3.32695e+11	-7.89286e+09	3.36e+11	1.5385e+11
2.8e-10	8.10476e+11	-6.31387e+11	-5.3452e+11	2.60662e+11	4.59631e+11	-1.44677e+11	5.936e+10	-1.29943e+11	1.39105e+11	3.46053e+10	-8.3807e+10	2.53941e+11	-7.76801e+09	1.21788e+10	5.761e+10
2.85e-10	9.14109e+11	-2.47176e+11	-8.25952e+11	2.07458e+11	3.8863e+11	1.10215e+11	1.37404e+11	-4.08478e+11	2.74632e+11	6.60026e+10	-1.73019e+11	2.99273e+11	-8.45797e+09	-2.40348e+11	2.03681e+11
2.9e-10	7.25629e+11	4.66799e+11	-6.85794e+11	3.89212e+11	4.16367e+11	5.6276e+11	1.70873e+11	-6.03844e+11	3.46123e+11	-2.09761e+10	6.61026e+10	1.8429e+11	-1.04299e+10	-1.03086e+11	-3.89985e+10
2.95e-10	6.32338e+11	6.02135e+11	-1.20364e+11	4.92829e+11	-1.83761e+11	7.5694e+11	1.05645e+11	-2.66019e+11	-2.35651e+11	9.77954e+09	7.10177e+10	-2.01499e+11	-2.5806e+10	1.69608e+11	1.19546e+10
3e-10	6.81775e+11	4.23253e+11	4.59463e+11	4.15328e+11	-6.35543e+11	3.2381e+11	5.65816e+10	-1.18539e+11	-1.81369e+11	6.08232e+10	-1.56942e+11	-3.50249e+11	-9.88038e+09	3.53159e+10	1.56457e+10
3.05e-10	7.52545e+11	-3.57045e+10	7.40782e+11	3.41343e+11	-5.66132e+11	-2.83867e+11	1.43814e+11	1.7342e+11	-5.88578e+11	4.55545e+10	1.4066e+11	-1.55298e+11	1.48901e+09	-7.73073e+10	-1.49666e+11
3.1e-10	7.58966e+11	-4.90105e+11	5.43574e+11	3.37713e+11	-3.73627e+11	-6.06721e+11	1.05353e+11	4.00811e+11	-4.03042e+10	4.88959e+10	2.51494e+11	-2.57911e+11	-5.91336e+09	-5.8251e+10	-1.09458e+11
3.15e-10	6.42709e+11	-5.36175e+11	4.62219e+11	3.28397e+11	-7.33013e+10	-5.97129e+11	9.57191e+10	2.35736e+11	1.70157e+10	6.61689e+10	5.26715e+11	-7.96093e+10	-1.1076e+09	1.12635e+11	9.56897e+10
3.2e-10	9.32969e+11	-8.04756e+11	-3.92158e+11	3.42083e+11	5.02e+11	-4.48234e+11	1.03561e+11	1.60088e+11	2.63575e+11	4.14337e+10	1.5615e+11	3.07513e+11	-1.25793e+10	9.91219e+10	-2.08853e+11
3.25e-10	6.85841e+11	-3.56621e+11	-5.96231e+11	4.27113e+11	7.01093e+11	6.59535e+10	1.04457e+11	-5.81729e+10	3.46577e+11	2.19769e+10	1.56316e+11	2.42273e+11	-1.19119e+10	-1.22969e+11	5.43215e+10
3.3e-10	8.5768e+11	1.77651e+11	-7.56037e+11	4.70362e+11	6.81975e+11	3.84559e+11	1.8495e+11	-3.08091e+11	4.71727e+11	2.41163e+10	-1.87614e+11	-1.29355e+10	-1.91606e+09	-4.77822e+10	7.09548e+10
3.35e-10	7.02331e+11	4.94716e+11	-4.01915e+11	3.81992e+11	-3.86253e+10	7.19832e+11	1.32153e+11	-3.89202e+11	3.02893e+11	3.88766e+10	-2.74328e+11	1.06453e+11	8.71747e+09	2.18873e+10	7.40082e+10
3.4e-10	7.8957e+11	6.69978e+11	6.72342e+10	2.28181e+11	-1.50091e+11	4.20185e+11	1.29917e+11	-1.462e+11	-4.72547e+11	6.45626e+10	-2.80513e+11	-2.69528e+11	-2.84865e+10	1.3144e+11	1.26216e+11
3.45e-10	8.34633e+11	7.51075e+11	3.88845e+11	2.52265e+11	-3.89025e+11	2.76853e+11	1.43242e+11	-2.46806e+11	-3.96051e+11	7.43617e+10	1.2319e+11	-4.03988e+11	-1.45601e+10	1.08177e+11	-1.34986e+11
3.5e-10	8.11533e+11	1.23791e+11	7.82744e+11	2.1256e+11	-3.49394e+11	-1.6411e+11	9.59691e+10	6.28966e+10	-2.86621e+11	2.24382e+10	1.52912e+11	-7.89676e+10	1.8034e+10	3.82308e+10	-1.72702e+11
3.55e-10	7.47169e+11	-5.17995e+11	5.37612e+11	4.76439e+11	-2.39558e+11	-8.44802e+11	1.12103e+11	2.81968e+11	-1.94963e+11	4.39962e+10	3.5351e+11	3.33761e+10	-1.7035e+09	-1.13328e+11	-1.28504e+11
3.6e-10	8.16609e+11	-6.91593e+11	2.3337e+11	1.63634e+11	8.12036e+10	-3.26049e+11	2.07978e+11	5.78326e+11	2.43532e+11	1.12891e+11	2.8637e+11	4.01672e+11	2.62702e+10	2.61702e+11	-6.31641e+10
3.65e-10	6.99315e+11	-4.83535e+11	-5.16368e+11	4.57002e+11	6.5879e+11	-5.30204e+11	2.44955e+11	3.40324e+11	6.0424e+11	6.0367e+10	4.32241e+11	3.89085e+11	-1.91335e+09	-2.42056e+11	-2.05052e+11
3.7e-10	6.4177e+11	-2.1675e+11	-6.30042e+11	2.7719e+11	4.76815e+11	1.55702e+11	1.43045e+11	-1.23897e+11	3.8405e+11	5.9007e+10	-2.92867e+11	2.20811e+11	-3.3778e+09	3.59871e+11	1.62461e+11
3.75e-10	6.08958e+11	3.37748e+11	-6.1832e+11	2.52049e+11	4.26255e+11	2.83794e+11	1.04261e+11	-2.08411e+11	2.73829e+11	1.54403e+10	-1.30915e+11	5.73575e+10	2.03578e+10	-3.89481e+11	9.27757e+10
3.8e-10	8.17857e+11	7.74029e+11	-5.10461e+11	1.45728e+11	-2.32816e+11	2.74895e+11	1.53085e+11	-4.37887e+11	-1.80256e+11	4.12381e+10	-3.19337e+11	1.10495e+11	-1.34499e+10	4.49853e+10	-8.83715e+10
3.85e-10	7.06322e+11	7.19489e+11	4.59095e+09	2.64887e+11	-2.80324e+11	4.27846e+11	8.35099e+10	-9.05218e+10	-3.07241e+11	1.09521e+10	-1.32323e+11	-4.24259e+10	-9.718e+09	9.21192e+10	-1.26439e+11
3.9e-10	7.11596e+11	5.39582e+11	4.7567e+11	3.20613e+11	-5.46534e+11	2.07924e+11	1.25107e+11	-4.97843e+10	-4.60338e+11	4.4375e+10	-5.39405e+10	-2.98765e+11	4.60061e+10	-2.78376e+11	-4.11333e+11
3.95e-10	7.04609e+11	1.92394e+11	6.63345e+11	2.88665e+11	-6.0109e+11	-1.76238e+11	1.22244e+11	2.48545e+11	-3.11329e+11	8.29498e+10	3.86133e+11	-2.58158e+11	3.95885e+10	-4.16635e+10	-2.74668e+11
4e-10	5.76476e+11	-1.30897e+10	6.64469e+11	1.69078e+11	-2.13534e+11	-3.35407e+11	1.08924e+11	3.13139e+11	-1.05115e+11	2.51705e+09	1.57742e+11	2.89002e+11	-1.85139e+10	-4.90114e+10	1.40963e+11
4.05e-10	7.23113e+11	-6.52998e+11	2.75954e+11	4.5267e+11	5.18772e+10	-8.51576e+11	5.15886e+10	1.85535e+11	1.17104e+11	9.44318e+09	9.27151e+10	8.37777e+10	6.43089e+09	6.8919e+10	6.77837e+09
4.1e-10	7.95947e+11	-7.48929e+11	-2.3966e+11	2.32023e+11	4.69016e+11	6.15631e+10	5.01848e+10	-9.95955e+10	2.45462e+11	3.2494e+10	1.2174e+11	3.00461e+11	5.23525e+09	1.07532e+11	-1.52178e+11
4.15e-10	6.70727e+11	-3.89121e+11	-5.13236e+11	3.90178e+11	6.44817e+11	1.42945e+11	2.56465e+11	-4.03959e+11	5.77226e+11	5.40946e+09	1.62848e+11	2.43848e+11	3.75587e+09	-2.9297e+10	8.12346e+09
4.2e-10	4.9658e+11	1.19437e+11	-4.04665e+11	2.13099e+11	2.04273e+11	3.76941e+11	1.54642e+11	-4.2808e+11	6.66343e+10	4.97465e+10	-4.05274e+11	1.11275e+11	-5.44177e+09	1.77874e+11	7.4741e+09
4.25e-10	7.18825e+11	5.36225e+11	-3.09505e+11	3.74816e+11	2.94769e+11	6.42566e+11	7.18076e+10	-2.57859e+11	-2.29913e+10	-6.94147e+09	-1.62421e+11	2.55024e+11	-1.54194e+10	8.76606e+10	-4.83479e+10
4.3e-10	8.41928e+11	7.41633e+11	2.87687e+11	4.44485e+11	-4.68709e+11	5.03413e+11	1.03472e+11	-2.58955e+11	-3.39861e+11	2.546e+09	3.88191e+10	-1.3977e+11	1.04228e+10	-2.0783e+11	9.00207e+10
4.35e-10	7.65588e+11	3.28835e+11	6.65924e+11	3.67175e+11	-6.96607e+11	-1.24447e+11	1.47449e+11	-9.72967e+10	-4.60222e+11	2.99422e+10	2.77717e+11	-2.33953e+11	8.38162e+08	-6.6714e+08	-2.3961e+11
4.4e-10	7.31059e+11	-1.2263e+11	6.94079e+11	4.24249e+11	-8.21165e+11	-3.35985e+11	1.45564e+11	2.01541e+11	-4.36075e+11	4.46059e+10	2.12063e+11	-6.25259e+10	3.80355e+09	-7.04587e+10	-1.69617e+11
4.45e-10	6.43262e+11	-3.28971e+11	5.23601e+11	3.88241e+11	-4.98262e+10	-8.2314e+11	1.06094e+11	3.56522e+11	6.60724e+10	4.11224e+10	1.37688e+11	3.19244e+11	8.72322e+09	1.12047e+10	-1.57859e+11
4.5e-10	6.21648e+11	-5.95155e+11	5.79932e+10	3.48828e+11	4.36267e+11	-5.03512e+11	1.18286e+11	3.0415e+11	1.87841e+11	6.96941e+10	1.96632e+11	3.54742e+11	8.88922e+08	5.20994e+10	1.31378e+10
4.55e-10	7.90905e+11	-4.85461e+11	-5.63959e+11	3.11619e+11	4.4525e+11	-2.35412e+11	1.43464e+11	-3.36622e+10	3.81253e+11	2.53693e+10	-1.97389e+11	1.06469e+11	2.06082e+10	2.77416e+11	1.45925e+10
4.6e-10	7.44389e+11	-6.35986e+10	-6.74361e+11	3.08205e+11	4.92431e+11	3.15657e+11	1.03723e+11	-2.1371e+11	2.84577e+11	4.5029e+10	-1.85045e+11	1.86645e+11	-4.35148e+09	8.53741e+10	9.77334e+10
4.65e-10	6.88229e+11	5.05709e+11	-4.38256e+11	3.47577e+11	2.4202e+11	5.95972e+11	1.33285e+11	-4.15922e+11	9.25508e+10	1.79131e+10	-6.08897e+10	-2.95835e+11	6.4505e+08	4.61606e+10	1.86009e+11
4.7e-10	8.39041e+11	8.08331e+11	-4.99353e+10	2.46732e+11	-3.95301e+11	3.962e+11	9.87568e+10	-3.21275e+11	-8.95937e+10	1.27415e+10	5.72675e+10	-2.8876e+11	1.4743e+10	-3.65388e+11	-7.83095e+10
4.75e-10	7.76645e+11	8.03459e+11	2.03475e+11	3.48171e+11	-6.15936e+11	2.28037e+11	1.30525e+11	2.62817e+11	-5.83315e+11	1.37618e+10	1.49242e+10	-1.48959e+11	9.19103e+09	-2.76422e+11	-1.59869e+11
4.8e-10	7.67041e+11	1.40364e+11	6.83024e+11	2.69779e+11	-5.32755e+11	-2.04652e+10	9.28213e+10	-4.02027e+10	-4.0218e+11	4.92925e+10	-1.25326e+10	-3.03924e+11	1.08531e+10	-3.0194e+11	-1.83408e+11
4.85e-10	8.72903e+11	-2.80443e+11	8.15294e+11	4.14421e+11	-4.15378e+11	-6.44669e+11	9.2684e+10	1.76256e+11	-2.87172e+11	4.70959e+10	2.74942e+11	3.03008e+10	-2.83819e+10	-2.87672e+10	1.60162e+11
4.9e-10	8.3071e+11	-6.47262e+11	2.12018e+11	3.73709e+11	5.88834e+10	-6.91264e+11	8.73526e+10	2.07639e+11	1.9158e+11	5.39315e+09	1.45246e+10	1.70663e+11	-3.41681e+09	1.65058e+11	-1.10861e+10
4.95e-10	7.99095e+11	-6.41559e+11	-3.72237e+11	3.70444e+11	4.89441e+11	-4.64617e+11	9.98594e+10	2.99129e+11	1.91011e+11	3.48191e+09	-2.6181e+10	1.19565e+11	8.74564e+08	1.88751e+11	-2.52693e+10
5e-10	8.35574e+11	-6.82093e+10	-8.57974e+11	3.75054e+11	6.23948e+11	-1.2811e+10	1.47832e+11	2.59226e+10	4.70992e+11	2.8694e+10	-3.92275e+11	7.35295e+10	1.86273e+09	5.57424e+10	6.80104e+10
5.05e-10	7.82137e+11	2.09256e+11	-7.37116e+11	2.72952e+11	1.2881e+11	6.03966e+11	1.76448e+11	-3.32702e+11	3.98485e+11	3.41075e+10	-2.06134e+11	3.6883e+11	-1.62245e+10	1.32034e+11	-9.83288e+10
5.1e-10	6.16351e+11	6.23477e+11	-2.74948e+11	3.74868e+11	1.53626e+11	6.43051e+11	1.08486e+11	-3.5145e+11	-3.05458e+10	1.45535e+10	-1.70396e+11	-4.01809e+10	-3.76474e+09	-3.55937e+11	5.48809e+10
5.15e-10	6.91481e+11	6.72194e+11	1.49261e+11	3.1865e+11	-4.34082e+11	4.82206e+11	1.79399e+11	-3.23818e+11	-5.47791e+11	3.27554e+10	-9.75438e+10	-2.19787e+11	-1.85243e+08	-4.07383e+10	-2.09293e+11
5.2e-10	9.37799e+11	4.88419e+11	7.50408e+11	2.15158e+11	-3.85792e+11	1.77891e+11	6.50518e+10	1.40927e+11	-2.09092e+11	4.50519e+10	-3.12022e+10	-3.30861e+11	1.35566e+10	-2.62721e+11	-2.10534e+11
5.25e-10	6.72008e+11	-6.3558e+10	6.76228e+11	3.99538e+11	-6.58488e+11	-2.10223e+11	1.44737e+11	3.20251e+11	-2.9796e+11	1.92893e+10	1.13877e+11	-6.07464e+10	-1.87086e+10	1.52424e+11	1.08572e+11
5.3e-10	7.47486e+11	-3.49777e+11	4.8894e+11	2.57512e+11	-2.85306e+10	-4.50316e+11	1.10955e+11	3.95285e+11	-4.95688e+10	2.9082e+10	4.63202e+10	4.66515e+11	6.22122e+09	-1.91121e+11	-1.74254e+11
5.35e-10	5.76083e+11	-5.29461e+11	-1.31061e+11	5.04352e+11	2.83338e+11	-8.81946e+11	1.42376e+11	5.5877e+11	4.70875e+10	4.75781e+10	1.75995e+11	2.46726e+11	2.08639e+08	-8.16381e+10	8.97665e+09
5.4e-10	6.66194e+11	-2.7709e+11	-5.63409e+11	4.17323e+11	6.29128e+11	-3.77003e+11	1.1592e+11	3.70454e+11	3.23032e+11	6.90542e+10	3.21134e+11	4.02768e+11	3.10835e+09	1.90146e+11	-2.7903e+10
5.45e-10	8.80766e+11	-1.51797e+11	-8.26102e+11	4.19689e+11	6.06676e+11	2.70361e+11	6.4637e+10	-2.87757e+11	9.90909e+10	1.21903e+10	2.72478e+10	1.23607e+11	2.6629e+10	7.87386e+10	2.47811e+11
5.5e-10	9.00769e+11	2.03925e+11	-8.08006e+11	2.65983e+11	2.47716e+11	4.56594e+11	1.27432e+11	-3.60319e+11	-3.44221e+09	9.07033e+10	-4.54868e+11	-1.95308e+11	2.8184e+08	3.63124e+11	2.20093e+11
5.55e-10	8.72185e+11	8.87497e+11	1.59444e+11	3.77894e+11	-8.9291e+10	6.60914e+11	2.38859e+11	-6.0862e+11	-3.02395e+11	5.96965e+10	-3.56387e+11	-9.74227e+09	1.74151e+10	-2.74791e+11	-1.86603e+09
5.6e-10	8.49303e+11	8.61752e+11	2.5642e+11	3.87112e+11	-5.76465e+11	3.5896e+11	1.45996e+11	-1.88081e+11	-3.9701e+11	3.70668e+10	-1.43388e+11	-2.16391e+11	-1.63841e+10	1.41084e+10	4.24249e+10
5.65e-10	5.92679e+11	4.30842e+11	3.99131e+11	3.27962e+11	-6.35933e+11	-1.34575e+11	2.38867e+11	-6.59014e+10	-6.89087e+11	5.97061e+10	1.9641e+11	-2.51504e+11	4.63268e+09	-3.43192e+10	-1.01575e+11
5.7e-10	9.03473e+11	-4.4831e+09	7.88201e+11	3.28608e+11	-5.16063e+11	-2.36202e+11	9.65044e+10	3.27105e+11	-1.13396e+11	3.99804e+10	1.84029e+11	-4.72839e+10	-1.43978e+09	-1.94323e+10	-2.28221e+11
5.75e-10	7.46948e+11	-6.16984e+11	3.81193e+11	4.13179e+11	-9.34844e+10	-7.34997e+11	1.95054e+11	5.85293e+11	5.41299e+10	-1.44188e+10	1.72683e+11	-3.09843e+11	-1.79094e+10	-8.35166e+10	-8.40623e+10
5.8e-10	6.99463e+11	-5.9034e+11	-1.1932e+11	2.91609e+11	1.9998e+11	-5.18387e+11	1.77861e+11	4.83623e+11	2.93973e+11	-2.34042e+10	-2.42048e+10	-1.0002e+11	-9.42118e+09	1.68403e+11	-6.87546e+10
5.85e-10	7.13983e+11	-4.7613e+11	-5.15776e+11	2.78052e+11	4.90694e+11	-2.6815e+10	7.08714e+10	7.60616e+10	2.79933e+11	4.85425e+10	-3.81183e+10	4.15743e+11	1.6519e+10	8.00216e+10	2.68426e+11
5.9e-10	7.14253e+11	-5.74134e+10	-6.30071e+11	3.82392e+11	6.03902e+11	3.17673e+11	1.57322e+11	-3.02737e+11	3.88015e+11	8.06269e+09	-3.34998e+10	2.48969e+11	4.97158e+09	1.11846e+10	1.63986e+11
5.95e-10	7.74073e+11	1.188e+11	-6.59756e+11	3.57051e+11	3.96761e+11	4.47952e+11	1.76356e+11	-6.10341e+11	-1.5668e+11	2.67164e+10	-1.63315e+11	1.69611e+11	-9.19187e+09	-1.42092e+11	1.18554e+11
6e-10	8.45881e+11	7.31335e+11	-1.73401e+10	3.6245e+11	3.4567e+10	6.68501e+11	1.68345e+11	-5.05154e+11	-3.02985e+11	3.20874e+09	-5.55294e+10	-2.12347e+09	-9.54609e+09	-1.17052e+11	-2.14767e+11
6.05e-10	7.26413e+11	5.58042e+11	2.01302e+11	4.20781e+11	-5.5938e+11	4.80228e+11	9.64247e+10	-2.33299e+11	-2.30046e+11	4.2708e+10	1.0636e+11	-2.3632e+11	1.82685e+10	-2.56641e+11	-1.48904e+11
6.1e-10	1.21825e+12	2.63605e+10	9.44564e+11	4.63289e+11	-6.59047e+11	-2.14133e+11	1.35673e+11	-3.13122e+10	-4.34509e+11	4.1175e+10	1.02324e+11	-1.9738e+11	-1.24339e+10	-1.93024e+11	9.91135e+10
6.15e-10	8.78683e+11	-6.34234e+11	5.20115e+11	2.61121e+11	-1.46107e+11	-5.22116e+11	1.89141e+11	5.48465e+11	8.2248e+10	8.12706e+10	3.53759e+11	-3.66215e+11	-9.19766e+09	-1.49401e+11	2.01568e+10
6.2e-10	6.06889e+11	-7.89321e+11	-6.81564e+10	4.42775e+11	-1.15062e+10	-7.73073e+11	1.35425e+11	3.26526e+11	1.86476e+11	-3.14718e+10	-1.13026e+11	-1.18399e+11	-1.14813e+09	-2.35983e+10	-1.3763e+11
6.25e-10	5.7638e+11	-5.534e+11	-2.43821e+11	1.49842e+11	2.54207e+11	-1.49822e+11	1.31337e+11	1.37519e+11	3.08168e+11	8.91342e+10	2.12073e+11	5.60335e+11	4.01706e+09	4.44284e+11	-3.32502e+09
6.3e-10	7.55884e+11	-3.75712e+11	-5.58934e+11	3.28441e+11	5.87984e+11	-1.38282e+11	1.61778e+11	-1.62018e+08	5.08979e+11	3.43887e+10	-1.91496e+11	1.216e+11	3.81323e+08	1.50634e+11	2.08727e+10
6.35e-10	7.80852e+11	3.49966e+11	-6.62582e+11	2.60388e+11	2.93305e+11	3.82712e+11	1.5103e+11	-5.05964e+11	2.3013e+11	6.34873e+10	-2.89219e+11	1.31167e+11	-7.47557e+09	-1.24244e+11	-2.31848e+10
6.4e-10	6.4055e+11	5.53496e+11	-1.9663e+11	3.31083e+11	-3.18181e+09	6.06285e+11	1.82265e+11	-5.7369e+11	-9.99035e+09	5.63407e+10	-3.09781e+11	-7.13474e+10	-2.90889e+10	7.65612e+10	-2.17355e+11
6.45e-10	7.09504e+11	6.82535e+11	2.33702e+11	2.86769e+11	-3.97286e+11	4.15941e+11	1.08925e+11	-4.38005e+11	-1.11774e+11	3.65642e+10	-2.9718e+11	-9.57624e+10	4.99064e+09	-1.18666e+11	1.55759e+11
6.5e-10	5.90821e+11	3.58009e+11	5.19594e+11	3.57527e+11	-5.92018e+11	3.17478e+11	2.19215e+11	-1.02178e+11	-6.70356e+11	7.3729e+10	-1.80301e+11	-5.19089e+11	1.79457e+10	-1.91865e+11	-1.28556e+11
6.55e-10	6.32733e+11	1.45134e+11	6.54867e+11	3.18389e+11	-5.27861e+11	-2.98925e+11	1.15539e+11	1.986e+11	-3.42209e+11	4.32825e+10	3.04265e+11	-8.09561e+10	-1.32696e+10	-4.18478e+10	7.8585e+10
6.6e-10	7.198e+11	-5.86314e+11	3.95224e+11	3.71421e+11	-3.21819e+11	-6.54987e+11	1.50949e+11	3.4048e+11	-2.02713e+11	2.10731e+10	1.49046e+11	1.88789e+11	6.92845e+09	-4.48146e+10	-2.24413e+11
6.65e-10	7.83917e+11	-6.58303e+11	3.17531e+11	3.14358e+11	1.32263e+11	-5.86876e+11	4.74873e+10	2.43507e+11	-8.0329e+09	6.07012e+10	3.46392e+11	2.64049e+11	3.1259e+09	8.34244e+09	-1.25987e+11
6.7e-10	5.41457e+11	-5.19713e+11	-2.04615e+11	2.91555e+11	5.65272e+11	-1.60235e+11	1.22351e+11	-5.56438e+10	4.76675e+11	4.50673e+10	-1.05889e+11	2.82872e+11	1.36294e+10	1.41862e+11	2.07542e+11
6.75e-10	6.15104e+11	-2.56738e+11	-5.36172e+11	2.91928e+11	5.54711e+11	2.56818e+11	9.66613e+10	-3.17141e+11	1.73332e+11	-2.18341e+10	3.89608e+10	-3.78073e+10	-1.40926e+10	-2.7084e+10	-5.87612e+10
6.8e-10	7.64433e+11	3.10952e+11	-5.35565e+11	3.29421e+11	3.13155e+11	4.48454e+11	1.93052e+11	-4.08921e+11	3.63932e+11	1.12218e+10	-1.27969e+11	3.48023e+10	9.83077e+09	-6.06832e+09	2.54729e+11
6.85e-10	8.57349e+11	5.97752e+11	-2.2939e+11	2.80292e+11	1.15677e+10	4.33608e+11	1.36523e+11	-4.1617e+11	-5.30435e+10	1.35198e+10	6.95963e+10	-2.59587e+11	1.66962e+10	-2.66794e+11	2.39215e+11
6.9e-10	6.6141e+11	4.76868e+11	2.777e+11	4.13656e+11	-5.84068e+11	3.37009e+11	1.61737e+11	-3.31112e+11	-3.30753e+11	-7.76198e+09	-1.61433e+11	4.42137e+10	3.91072e+10	-3.90205e+11	4.10891e+10
6.95e-10	6.80596e+11	1.6929e+11	5.44095e+11	3.28847e+11	-5.93683e+11	1.47629e+11	1.2808e+11	-6.07878e+10	-4.17579e+11	6.29378e+09	6.7435e+10	-1.5592e+11	1.60579e+10	-9.80002e+10	-2.01733e+11
7e-10	8.42418e+11	-3.7613e+11	6.48012e+11	4.45601e+11	-7.80551e+11	-3.86638e+11	1.01797e+11	2.68254e+11	-1.52995e+11	3.90654e+10	1.88823e+11	-1.23649e+11	1.65433e+10	3.95736e+10	-1.98372e+11
7.05e-10	9.27378e+11	-5.70445e+11	6.40731e+11	2.86113e+11	-1.19266e+11	-5.55461e+11	1.39655e+11	4.44342e+11	-1.17041e+11	4.37937e+10	2.58883e+11	1.15571e+11	-8.29531e+09	2.07326e+08	-1.3704e+11
7.1e-10	6.86565e+11	-6.61434e+11	-9.78215e+10	5.26534e+11	5.62744e+11	-6.21444e+11	1.0518e+11	4.5026e+11	2.16115e+11	2.81493e+10	-1.64321e+11	2.2896e+11	-3.2423e+09	2.03485e+11	1.0642e+11
7.15e-10	9.19941e+11	-5.25864e+11	-6.038e+11	2.05258e+11	4.0357e+11	4.57888e+10	1.08654e+11	-1.10616e+11	3.43143e+11	4.1516e+10	-8.04983e+10	2.10214e+11	1.24084e+10	1.52053e+11	-1.03789e+11
7.2e-10	9.13916e+11	-9.19897e+09	-7.65247e+11	3.71614e+11	5.36128e+11	3.58724e+11	1.18363e+11	-5.69576e+11	-2.77014e+10	5.61094e+10	-1.85609e+11	3.17283e+11	3.25812e+09	-7.83229e+10	1.27186e+11
7.25e-10	7.97253e+11	4.14664e+11	-5.10417e+11	4.15659e+11	2.22538e+11	6.54649e+11	2.69974e+11	-6.79284e+11	2.28946e+11	6.43861e+10	-3.69816e+11	-1.00676e+10	-1.41267e+09	1.13192e+11	1.98964e+11
7.3e-10	8.6336e+11	7.5562e+11	5.1026e+10	4.56053e+11	-3.80123e+11	6.90383e+11	1.16881e+11	-3.90565e+11	-7.18909e+10	4.78302e+10	-9.80669e+10	-2.65336e+11	1.02289e+10	-6.36037e+10	9.69037e+10
7.35e-10	5.91227e+11	3.59041e+11	4.25761e+11	4.7416e+11	-7.4684e+11	3.19669e+11	1.98438e+11	-1.7541e+11	-5.59306e+11	4.14585e+10	4.2397e+09	-3.4904e+11	4.52657e+09	-8.49039e+10	-1.56681e+11
7.4e-10	8.64054e+11	1.68606e+11	7.79068e+11	2.68542e+11	-4.95298e+11	-9.64445e+10	1.2351e+11	8.68168e+10	-3.84651e+11	5.87972e+10	2.22006e+11	-1.51085e+11	-8.68269e+09	-2.73817e+10	3.6e+10
7.45e-10	5.7972e+11	-1.98876e+11	5.79363e+11	2.40425e+11	-6.12544e+11	-2.65572e+11	1.97562e+11	5.67312e+11	-3.93189e+11	7.46348e+10	4.3754e+11	-1.53897e+10	1.38207e+10	-3.04244e+10	-2.04958e+11
7.5e-10	7.97723e+11	-6.62813e+11	5.72694e+11	3.87143e+11	6.99926e+10	-7.51498e+11	1.62866e+11	3.93163e+11	4.2517e+11	5.43802e+10	7.52026e+09	4.00331e+11	5.25642e+09	9.41943e+10	6.06954e+10
7.55e-10	5.80579e+11	-6.76717e+11	-1.66901e+11	4.02136e+11	5.08742e+11	-5.52266e+11	1.77094e+11	3.47027e+11	2.8195e+11	5.3846e+10	7.93809e+10	3.40856e+11	-1.43248e+09	2.03111e+11	1.29186e+11
7.6e-10	7.15244e+11	-5.06924e+11	-6.16426e+11	2.6277e+11	5.27837e+11	-7.46461e+10	1.5727e+11	-2.72773e+11	4.91691e+11	3.71193e+10	-2.34848e+11	1.20877e+11	1.57034e+10	3.76013e+11	-1.08635e+11
7.65e-10	7.31372e+11	2.62969e+11	-7.29433e+11	2.89279e+11	5.18057e+11	1.03643e+11	8.44428e+10	-1.2417e+11	2.62718e+11	1.34198e+09	-6.533e+09	2.58692e+10	8.36156e+09	-2.96856e+11	-1.31336e+11
7.7e-10	5.64173e+11	3.31832e+11	-4.7775e+11	2.08538e+11	4.96932e+10	4.37572e+11	1.34946e+11	-4.23153e+11	-1.31854e+11	9.28675e+09	-7.76909e+10	1.43025e+11	-3.00733e+09	-1.48934e+11	-2.22805e+11
7.75e-10	7.86763e+11	8.63189e+11	1.49978e+11	2.83172e+11	-9.09798e+10	5.42293e+11	1.71609e+11	-3.52221e+11	-5.18639e+11	4.22603e+10	-7.38519e+10	-3.28491e+11	-5.81489e+09	-5.67101e+10	2.99865e+11
7.8e-10	6.15422e+11	4.07261e+11	4.45711e+11	3.81449e+11	-7.22284e+11	9.08364e+10	1.09193e+11	6.70694e+10	-3.47571e+11	2.61305e+10	1.70753e+11	-1.3482e+11	7.79602e+09	-1.52502e+11	-3.31688e+11
7.85e-10	6.49068e+11	1.92619e+11	6.43691e+11	3.69194e+11	-6.79439e+11	-2.75681e+11	4.54212e+10	-7.08784e+10	-2.97914e+11	6.67218e+10	4.03198e+11	-3.95696e+10	-5.39005e+08	-1.02775e+11	-3.27847e+10
7.9e-10	6.87937e+11	-4.90517e+11	4.96245e+11	4.00649e+11	-5.38873e+11	-6.10747e+11	7.36627e+10	2.72358e+11	5.41766e+10	7.3316e+10	3.70074e+11	-5.20799e+10	2.77607e+10	-2.24757e+11	-2.36246e+11
7.95e-10	9.31892e+11	-6.81129e+11	4.41884e+11	3.7836e+11	1.57465e+11	-6.3584e+11	2.18946e+11	6.24178e+11	2.32231e+11	4.58014e+10	1.85093e+11	2.77364e+11	1.43949e+09	4.34743e+10	1.63555e+11
8e-10	8.07319e+11	-6.49322e+11	-1.41992e+11	3.31567e+11	4.5266e+11	-4.53344e+11	1.73697e+11	3.15838e+11	5.53823e+11	6.55613e+10	1.8603e+11	4.2337e+11	5.65254e+09	2.34541e+11	9.84e+10
8.05e-10	7.31773e+11	-3.77861e+11	-6.10482e+11	2.87026e+11	5.29177e+11	-1.39757e+11	1.46375e+11	-2.05511e+11	4.90275e+11	3.48472e+10	-2.00836e+11	1.14077e+11	1.09254e+09	2.59494e+11	2.45636e+11
8.1e-10	9.39656e+11	1.66608e+11	-8.27534e+11	2.75711e+11	4.70401e+11	2.06792e+11	1.26118e+11	-2.75426e+11	2.56591e+11	4.01856e+10	-3.22582e+11	2.36917e+11	4.14818e+09	1.0572e+11	1.28893e+11
8.15e-10	7.31943e+11	4.98897e+11	-5.3877e+11	3.58148e+11	1.52545e+11	5.65455e+11	2.00694e+11	-6.10265e+11	-5.0524e+10	3.84032e+10	-2.87483e+11	-1.2581e+10	2.24144e+10	1.29385e+10	2.29059e+11
8.2e-10	8.56151e+11	8.30704e+11	-1.20694e+11	2.98738e+11	-1.51989e+11	5.60292e+11	1.2009e+11	-2.97962e+11	-2.25961e+11	2.92297e+10	-1.76876e+11	-1.62371e+11	2.41434e+10	-8.00084e+10	2.12704e+11
8.25e-10	7.08564e+11	5.48977e+11	3.90447e+11	4.62128e+11	-9.54864e+11	3.02749e+11	5.58781e+10	7.32451e+10	-2.09169e+11	6.51485e+10	-2.84016e+10	-2.40083e+11	6.27512e+09	-4.21032e+10	2.82734e+10
8.3e-10	6.76037e+11	-2.15729e+11	5.60218e+11	2.38374e+11	-4.00015e+11	-1.56334e+11	1.3206e+11	3.83082e+11	-2.31797e+11	3.39827e+10	2.07305e+11	-7.33393e+10	6.54214e+09	-1.90141e+11	-6.7423e+10
8.35e-10	6.10906e+11	-1.32617e+11	5.65868e+11	3.62844e+11	-3.87286e+11	-5.43651e+11	9.20913e+10	3.90142e+11	1.50996e+11	5.96194e+10	2.49708e+11	-1.93066e+10	1.65548e+10	-3.63656e+10	-2.39564e+11
8.4e-10	7.23469e+11	-6.85212e+11	-1.38736e+10	2.98058e+11	1.58248e+11	-5.28221e+11	1.34412e+11	3.09499e+11	3.86722e+11	2.89423e+10	2.55167e+11	3.10034e+10	-7.9465e+09	-2.14948e+10	-1.68834e+11
8.45e-10	5.78347e+11	-3.42532e+11	-4.68022e+11	3.98879e+11	7.2159e+11	-2.27356e+11	2.00111e+11	1.7997e+10	4.89917e+11	4.38746e+10	1.44011e+11	2.2712e+11	5.42019e+09	7.28714e+10	-2.35213e+11
8.5e-10	1.00558e+12	-2.75052e+11	-9.41332e+11	4.23885e+11	7.58919e+11	4.80642e+10	1.9849e+11	-1.15667e+11	5.89048e+11	6.12692e+10	-3.80379e+11	9.23139e+10	-5.98537e+09	1.78573e+11	4.03764e+10
8.55e-10	6.57823e+11	2.46074e+11	-6.00521e+11	4.6139e+11	3.7143e+11	7.16138e+11	1.12701e+11	-3.62787e+11	1.46388e+11	2.44911e+10	-1.32172e+11	-7.58175e+09	2.06181e+10	2.01386e+11	3.33791e+11
8.6e-10	7.70225e+11	7.66531e+11	7.635e+09	2.7321e+11	-1.47624e+11	4.53669e+11	1.33022e+11	-4.50924e+11	2.023e+11	5.68113e+10	-3.39208e+11	-1.92422e+10	-1.08694e+09	-4.80829e+10	2.20416e+11
8.65e-10	7.4295e+11	5.23299e+11	3.89868e+11	3.30697e+11	-5.77554e+11	3.23886e+11	1.05469e+11	-3.71145e+11	-2.04365e+11	1.59503e+10	-1.89503e+11	-5.65051e+10	2.52318e+10	-2.5243e+11	-7.23959e+10
8.7e-10	6.89945e+11	6.31286e+10	6.49329e+11	2.77881e+11	-5.6699e+11	2.22608e+10	1.56222e+11	1.27269e+10	-4.60116e+11	3.52433e+10	2.91863e+11	-1.58736e+11	2.39847e+10	-7.97494e+08	-2.59565e+11
8.75e-10	9.28686e+11	-4.69977e+11	7.32714e+11	2.5558e+11	-4.55857e+11	-3.10417e+11	1.26288e+11	4.58239e+11	-1.72704e+10	6.8016e+10	4.09772e+11	1.31643e+11	1.27239e+10	2.6279e+11	-2.85122e+11
8.8e-10	8.31786e+11	-7.52641e+11	3.63026e+11	4.93226e+11	2.79903e+11	-7.96569e+11	1.64581e+11	5.16098e+11	1.39781e+11	-2.12538e+09	-6.87329e+10	2.00129e+11	1.99389e+10	2.07613e+11	-3.43418e+11
8.85e-10	9.18092e+11	-7.14346e+11	-2.37602e+11	3.55428e+11	6.91743e+11	-2.92603e+11	1.9344e+11	1.99848e+11	5.66801e+11	2.89755e+10	3.07994e+11	2.40654e+11	-2.37991e+10	-1.87918e+11	2.01916e+10
8.9e-10	6.84596e+11	-1.91693e+11	-6.87768e+11	4.61956e+11	7.11562e+11	2.38141e+11	1.36526e+11	-8.44734e+10	3.97285e+11	5.99677e+10	-1.68824e+11	2.40899e+11	1.21723e+10	3.12498e+11	2.31583e+11
8.95e-10	6.56104e+11	3.7789e+11	-6.4889e+11	3.07137e+11	6.11339e+11	1.29988e+11	1.70651e+11	-1.84718e+11	4.66759e+11	2.93029e+10	-2.61872e+11	-3.05778e+11	1.96051e+10	2.62133e+11	2.84377e+11
9e-10	5.54575e+11	4.70299e+11	-2.55827e+11	3.51168e+11	2.76681e+11	6.20943e+11	2.25949e+11	-6.84299e+11	1.09175e+11	-7.58982e+09	9.06297e+10	-4.03748e+11	3.83035e+08	-2.67323e+11	-1.04277e+11
9.05e-10	5.82933e+11	5.48122e+11	2.83978e+10	3.11205e+11	-3.96132e+11	3.93586e+11	1.20061e+11	-4.11318e+11	-1.95098e+11	2.15063e+10	-9.19154e+10	-8.0272e+10	2.53199e+09	-1.42631e+11	7.58686e+10
9.1e-10	7.32219e+11	3.93564e+11	4.97855e+11	1.64295e+11	-3.12137e+11	1.20138e+10	1.7338e+11	-7.60611e+10	-5.73498e+11	3.40378e+10	4.37096e+10	-1.10457e+11	3.65583e+10	-1.24525e+11	-2.7617e+11
9.15e-10	9.87573e+11	8.31224e+10	7.85524e+11	3.38888e+11	-5.99258e+11	-7.76317e+10	1.76466e+11	2.96884e+11	-4.28412e+11	9.355e+10	3.23243e+11	-2.77222e+11	-6.65768e+09	-2.4766e+11	-8.67369e+10
9.2e-10	8.42747e+11	-3.94764e+11	6.59966e+11	3.4357e+11	-1.07251e+11	-5.19262e+11	1.70741e+11	6.4262e+11	-2.7545e+10	7.54057e+10	4.20385e+11	8.58413e+10	-6.96486e+09	-2.91032e+10	-1.00774e+11
9.25e-10	8.29788e+11	-7.15496e+11	3.9421e+11	3.4858e+11	2.14468e+11	-5.18557e+11	2.2109e+11	5.98547e+11	2.304e+11	-2.27616e+10	-1.19696e+11	1.1336e+10	-1.49662e+09	-1.05495e+10	-1.25096e+10
9.3e-10	8.43145e+11	-5.67458e+11	-4.55786e+11	2.88371e+11	4.8799e+11	-1.74994e+11	3.2549e+11	1.50557e+11	8.33761e+11	3.10197e+10	-6.05664e+10	1.62686e+11	6.64669e+09	1.61637e+11	2.27692e+10
9.35e-10	6.16326e+11	7.76546e+10	-6.72742e+11	3.05047e+11	5.76065e+11	-9.02463e+10	1.22614e+11	-1.05142e+11	3.85338e+11	2.34721e+10	-6.08807e+10	1.45377e+11	1.39997e+10	9.59639e+09	2.86463e+11
9.4e-10	6.18826e+11	2.76285e+10	-6.62929e+11	2.88966e+11	2.3532e+11	4.72399e+11	1.50941e+11	-4.82951e+11	1.597e+11	4.66562e+10	-3.46061e+11	-3.31853e+10	2.13086e+09	8.42082e+10	-2.20965e+10
9.45e-10	7.15413e+11	6.60838e+11	-1.78081e+11	2.71492e+11	-2.42675e+11	4.14529e+11	5.9002e+10	-1.56084e+11	-1.0046e+11	3.29125e+10	-2.07287e+11	-2.46032e+11	1.25378e+10	2.38316e+10	2.72199e+11
9.5e-10	7.3806e+11	5.95186e+11	4.72761e+11	3.01806e+11	-2.27197e+11	6.59848e+11	1.28192e+11	-2.45972e+11	-3.27129e+11	9.0202e+09	3.13558e+11	-1.63759e+11	1.28259e+09	-1.22375e+11	1.58643e+10
9.55e-10	7.79143e+11	3.97972e+11	6.74546e+11	1.72382e+11	-3.51816e+11	2.29553e+11	9.40218e+10	1.52728e+11	-3.26568e+11	2.35554e+10	2.267e+11	-2.00524e+11	-1.65884e+10	2.32863e+10	1.31722e+11
9.6e-10	7.29931e+11	-6.6121e+10	7.64244e+11	2.26243e+11	-3.69834e+11	-2.31352e+11	4.44053e+10	1.81089e+11	-1.61267e+11	4.22259e+10	3.26948e+11	-1.92949e+11	-2.52285e+09	1.50093e+11	-7.90327e+10
9.65e-10	5.68988e+11	-5.14672e+11	3.59724e+11	2.23143e+11	1.34485e+10	-4.31574e+11	1.94225e+11	6.47208e+11	1.09905e+10	2.04995e+10	1.0974e+11	1.09785e+11	1.21314e+10	2.0278e+11	6.69543e+09
9.7e-10	6.94492e+11	-7.59372e+11	8.30736e+10	2.09195e+11	3.53431e+11	-3.04896e+11	1.62205e+11	2.08477e+11	5.40269e+11	8.94771e+10	2.03937e+11	3.10823e+11	-2.82491e+09	8.17021e+07	4.15317e+10
9.75e-10	8.58304e+11	-4.39055e+11	-8.01998e+11	2.31654e+11	4.37332e+11	-3.61949e+09	7.14034e+10	5.60115e+10	3.32484e+11	6.67713e+10	-2.6699e+11	3.96544e+11	-7.75608e+09	-7.22815e+10	1.34376e+11
9.8e-10	6.32706e+11	-1.90575e+11	-7.71189e+11	2.88667e+11	4.46208e+11	3.04482e+11	2.64806e+11	-4.46736e+11	5.06635e+11	1.85906e+10	-2.22503e+11	-1.19036e+11	-1.06317e+10	-2.30023e+10	9.27138e+09
9.85e-10	7.60382e+11	3.52251e+11	-5.65092e+11	3.23916e+11	1.36821e+11	6.25632e+11	2.60868e+11	-6.81676e+11	-1.44337e+10	7.59892e+08	-3.58506e+10	-8.60147e+10	-1.84471e+10	-2.01257e+11	-6.84324e+10
9.9e-10	6.96369e+11	6.59412e+11	-1.09621e+11	3.12805e+11	-2.33443e+11	4.80771e+11	1.02883e+11	-1.60464e+11	-3.65737e+11	1.22766e+11	-2.10732e+11	-5.01385e+11	-4.60296e+09	3.73391e+09	9.53183e+10
9.95e-10	7.58022e+11	5.35087e+11	4.79488e+11	4.04537e+11	-8.0698e+11	5.73708e+10	5.15805e+10	-6.10139e+10	-2.03173e+11	5.99326e+10	2.65123e+11	-3.84745e+11	2.00035e+10	-4.1135e+11	-3.04838e+10
1e-09	7.01665e+11	1.34697e+11	6.38353e+11	3.67235e+11	-5.5387e+11	-4.79213e+11	1.41935e+11	-2.78361e+10	-5.41341e+11	6.16724e+10	3.83029e+11	-9.00015e+10	1.87249e+10	3.67932e+10	-2.8736e+11
